##fit: rolloffp.out
    0.500000     0.014184     0.012602     0.001582 
    0.600000     0.012596     0.011480     0.001116 
    0.700000     0.011638     0.010460     0.001178 
    0.800000     0.004633     0.009532    -0.004899 
    0.900000     0.007478     0.008689    -0.001211 
    1.000000     0.005351     0.007922    -0.002571 
    1.100000     0.006089     0.007225    -0.001136 
    1.200000     0.010792     0.006591     0.004201 
    1.300000     0.009866     0.006014     0.003852 
    1.400000     0.002270     0.005490    -0.003220 
    1.500000     0.003896     0.005013    -0.001117 
    1.600000     0.005919     0.004580     0.001339 
    1.700000     0.005835     0.004186     0.001649 
    1.800000     0.007251     0.003827     0.003424 
    1.900000     0.003479     0.003501    -0.000022 
    2.000000     0.001310     0.003205    -0.001895 
    2.100000     0.000399     0.002936    -0.002537 
    2.200000     0.001576     0.002691    -0.001115 
    2.300000     0.000337     0.002468    -0.002131 
    2.400000     0.001107     0.002265    -0.001158 
    2.500000     0.006198     0.002081     0.004117 
    2.600000     0.003022     0.001914     0.001108 
    2.700000     0.002444     0.001762     0.000682 
    2.800000     0.004460     0.001623     0.002837 
    2.900000     0.003128     0.001497     0.001631 
    3.000000     0.001113     0.001383    -0.000270 
    3.100000     0.001239     0.001279    -0.000040 
    3.200000    -0.002834     0.001184    -0.004018 
    3.300000    -0.003891     0.001098    -0.004989 
    3.400000    -0.002320     0.001020    -0.003340 
    3.500000     0.001495     0.000949     0.000546 
    3.600000     0.002432     0.000884     0.001548 
    3.700000     0.002062     0.000825     0.001237 
    3.800000    -0.000663     0.000772    -0.001435 
    3.900000     0.001364     0.000723     0.000641 
    4.000000     0.003453     0.000679     0.002774 
    4.100000     0.002776     0.000639     0.002137 
    4.200000     0.006192     0.000602     0.005590 
    4.300000     0.002063     0.000569     0.001494 
    4.400000     0.003911     0.000539     0.003372 
    4.500000     0.002071     0.000511     0.001560 
    4.600000    -0.001384     0.000486    -0.001870 
    4.700000    -0.002583     0.000463    -0.003046 
    4.800000     0.000245     0.000443    -0.000198 
    4.900000    -0.000130     0.000424    -0.000554 
    5.000000    -0.004324     0.000407    -0.004731 
    5.100000     0.001374     0.000391     0.000983 
    5.200000     0.003650     0.000377     0.003273 
    5.300000     0.002151     0.000364     0.001787 
    5.400000    -0.002463     0.000353    -0.002816 
    5.500000    -0.004707     0.000342    -0.005049 
    5.600000    -0.005645     0.000332    -0.005977 
    5.700000    -0.001769     0.000324    -0.002093 
    5.800000    -0.000890     0.000316    -0.001206 
    5.900000    -0.002277     0.000308    -0.002585 
    6.000000    -0.005888     0.000302    -0.006190 
    6.100000    -0.000621     0.000296    -0.000917 
    6.200000     0.001301     0.000290     0.001011 
    6.300000     0.002804     0.000285     0.002519 
    6.400000     0.004034     0.000281     0.003753 
    6.500000     0.003589     0.000277     0.003312 
    6.600000     0.004426     0.000273     0.004153 
    6.700000     0.003747     0.000270     0.003477 
    6.800000     0.002243     0.000266     0.001977 
    6.900000     0.000652     0.000264     0.000388 
    7.000000     0.004042     0.000261     0.003781 
    7.100000     0.000102     0.000259    -0.000157 
    7.200000     0.001583     0.000257     0.001326 
    7.300000    -0.000717     0.000255    -0.000972 
    7.400000     0.002431     0.000253     0.002178 
    7.500000     0.004091     0.000251     0.003840 
    7.600000     0.000325     0.000250     0.000075 
    7.700000    -0.001927     0.000249    -0.002176 
    7.800000     0.000505     0.000248     0.000257 
    7.900000    -0.000901     0.000246    -0.001147 
    8.000000    -0.003745     0.000245    -0.003990 
    8.100000    -0.003479     0.000245    -0.003724 
    8.200000    -0.000721     0.000244    -0.000965 
    8.300000     0.002733     0.000243     0.002490 
    8.400000     0.000749     0.000242     0.000507 
    8.500000    -0.002956     0.000242    -0.003198 
    8.600000    -0.002834     0.000241    -0.003075 
    8.700000     0.001881     0.000241     0.001640 
    8.800000     0.001883     0.000240     0.001643 
    8.900000     0.001267     0.000240     0.001027 
    9.000000    -0.000886     0.000239    -0.001125 
    9.100000    -0.002067     0.000239    -0.002306 
    9.200000    -0.002347     0.000239    -0.002586 
    9.300000    -0.002730     0.000238    -0.002968 
    9.400000    -0.000465     0.000238    -0.000703 
    9.500000     0.004675     0.000238     0.004437 
    9.600000     0.001581     0.000238     0.001343 
    9.700000     0.001760     0.000238     0.001522 
    9.800000    -0.001656     0.000237    -0.001893 
    9.900000    -0.003650     0.000237    -0.003887 
   10.000000    -0.002465     0.000237    -0.002702 
   10.100000    -0.000634     0.000237    -0.000871 
   10.200000     0.000811     0.000237     0.000574 
   10.300000    -0.000338     0.000237    -0.000575 
   10.400000    -0.003908     0.000237    -0.004145 
   10.500000    -0.004481     0.000237    -0.004718 
   10.600000    -0.002690     0.000236    -0.002926 
   10.700000    -0.001426     0.000236    -0.001662 
   10.800000    -0.002412     0.000236    -0.002648 
   10.900000    -0.002613     0.000236    -0.002849 
   11.000000    -0.002224     0.000236    -0.002460 
   11.100000    -0.003610     0.000236    -0.003846 
   11.200000    -0.001512     0.000236    -0.001748 
   11.300000    -0.000865     0.000236    -0.001101 
   11.400000    -0.000761     0.000236    -0.000997 
   11.500000    -0.004457     0.000236    -0.004693 
   11.600000    -0.002252     0.000236    -0.002488 
   11.700000    -0.002574     0.000236    -0.002810 
   11.800000    -0.003213     0.000236    -0.003449 
   11.900000    -0.006202     0.000236    -0.006438 
   12.000000    -0.005851     0.000236    -0.006087 
   12.100000    -0.003517     0.000236    -0.003753 
   12.200000     0.001038     0.000236     0.000802 
   12.300000     0.000767     0.000236     0.000531 
   12.400000    -0.000667     0.000236    -0.000903 
   12.500000    -0.003958     0.000236    -0.004194 
   12.600000    -0.002027     0.000236    -0.002263 
   12.700000    -0.000271     0.000236    -0.000507 
   12.800000    -0.002999     0.000236    -0.003235 
   12.900000    -0.000833     0.000236    -0.001069 
   13.000000    -0.001181     0.000236    -0.001417 
   13.100000    -0.000267     0.000236    -0.000503 
   13.200000    -0.000406     0.000236    -0.000642 
   13.300000    -0.003651     0.000236    -0.003887 
   13.400000    -0.005463     0.000236    -0.005699 
   13.500000    -0.003660     0.000236    -0.003896 
   13.600000    -0.000705     0.000236    -0.000941 
   13.700000     0.001466     0.000236     0.001230 
   13.800000    -0.001445     0.000236    -0.001681 
   13.900000    -0.001151     0.000236    -0.001387 
   14.000000    -0.000219     0.000236    -0.000455 
   14.100000     0.002109     0.000236     0.001873 
   14.200000     0.006900     0.000236     0.006664 
   14.300000     0.000948     0.000236     0.000712 
   14.400000    -0.001548     0.000236    -0.001784 
   14.500000    -0.001511     0.000236    -0.001747 
   14.600000     0.001804     0.000236     0.001568 
   14.700000    -0.003015     0.000236    -0.003251 
   14.800000    -0.004856     0.000236    -0.005092 
   14.900000    -0.000308     0.000236    -0.000544 
   15.000000     0.000774     0.000236     0.000538 
   15.100000     0.000767     0.000236     0.000531 
   15.200000     0.000216     0.000236    -0.000020 
   15.300000     0.001360     0.000236     0.001124 
   15.400000     0.000021     0.000236    -0.000215 
   15.500000    -0.001513     0.000236    -0.001749 
   15.600000    -0.002651     0.000236    -0.002887 
   15.700000     0.003103     0.000236     0.002867 
   15.800000    -0.001030     0.000236    -0.001266 
   15.900000     0.002424     0.000236     0.002188 
   16.000000     0.002977     0.000236     0.002741 
   16.100000     0.000027     0.000236    -0.000209 
   16.200000     0.004306     0.000236     0.004070 
   16.300000     0.004117     0.000236     0.003881 
   16.400000     0.002684     0.000236     0.002448 
   16.500000    -0.002084     0.000236    -0.002320 
   16.600000     0.000386     0.000236     0.000150 
   16.700000     0.004862     0.000236     0.004626 
   16.800000    -0.000254     0.000236    -0.000490 
   16.900000     0.001075     0.000236     0.000839 
   17.000000     0.002305     0.000236     0.002069 
   17.100000     0.002508     0.000236     0.002272 
   17.200000     0.003719     0.000236     0.003483 
   17.300000    -0.001004     0.000236    -0.001240 
   17.400000     0.000589     0.000236     0.000353 
   17.500000     0.001603     0.000236     0.001367 
   17.600000     0.000429     0.000236     0.000193 
   17.700000    -0.000211     0.000236    -0.000447 
   17.800000     0.001960     0.000236     0.001724 
   17.900000     0.001267     0.000236     0.001031 
   18.000000     0.003133     0.000236     0.002897 
   18.100000     0.001825     0.000236     0.001589 
   18.200000     0.002759     0.000236     0.002523 
   18.300000    -0.000769     0.000236    -0.001005 
   18.400000    -0.001230     0.000236    -0.001466 
   18.500000     0.002443     0.000236     0.002207 
   18.600000    -0.000078     0.000236    -0.000314 
   18.700000     0.001452     0.000236     0.001216 
   18.800000     0.000087     0.000236    -0.000149 
   18.900000    -0.002808     0.000236    -0.003044 
   19.000000    -0.001334     0.000236    -0.001570 
   19.100000     0.000226     0.000236    -0.000010 
   19.200000    -0.001297     0.000236    -0.001533 
   19.300000    -0.000362     0.000236    -0.000598 
   19.400000     0.003703     0.000236     0.003467 
   19.500000     0.003464     0.000236     0.003228 
   19.600000     0.001500     0.000236     0.001264 
   19.700000     0.001380     0.000236     0.001144 
   19.800000     0.003987     0.000236     0.003751 
   19.900000     0.000784     0.000236     0.000548 
   20.000000    -0.002805     0.000236    -0.003041 
   20.100000    -0.004582     0.000236    -0.004818 
   20.200000    -0.006310     0.000236    -0.006546 
   20.300000    -0.004121     0.000236    -0.004357 
   20.400000    -0.001923     0.000236    -0.002159 
   20.500000     0.000910     0.000236     0.000674 
   20.600000     0.000029     0.000236    -0.000207 
   20.700000     0.001822     0.000236     0.001586 
   20.800000    -0.000781     0.000236    -0.001017 
   20.900000    -0.000604     0.000236    -0.000840 
   21.000000    -0.000061     0.000236    -0.000297 
   21.100000    -0.001040     0.000236    -0.001276 
   21.200000     0.000078     0.000236    -0.000158 
   21.300000    -0.000530     0.000236    -0.000766 
   21.400000     0.005462     0.000236     0.005226 
   21.500000     0.002662     0.000236     0.002426 
   21.600000     0.000737     0.000236     0.000501 
   21.700000     0.003908     0.000236     0.003672 
   21.800000     0.004012     0.000236     0.003776 
   21.900000     0.004814     0.000236     0.004578 
   22.000000     0.000084     0.000236    -0.000152 
   22.100000    -0.003682     0.000236    -0.003918 
   22.200000    -0.000631     0.000236    -0.000867 
   22.300000    -0.001155     0.000236    -0.001391 
   22.400000     0.000174     0.000236    -0.000062 
   22.500000    -0.001469     0.000236    -0.001705 
   22.600000    -0.004320     0.000236    -0.004556 
   22.700000    -0.004005     0.000236    -0.004241 
   22.800000     0.004103     0.000236     0.003867 
   22.900000     0.003517     0.000236     0.003281 
   23.000000     0.000381     0.000236     0.000145 
   23.100000    -0.002211     0.000236    -0.002447 
   23.200000     0.000744     0.000236     0.000508 
   23.300000     0.001112     0.000236     0.000876 
   23.400000     0.001486     0.000236     0.001250 
   23.500000     0.004029     0.000236     0.003793 
   23.600000     0.002395     0.000236     0.002159 
   23.700000     0.002429     0.000236     0.002193 
   23.800000     0.000677     0.000236     0.000441 
   23.900000     0.003741     0.000236     0.003505 
   24.000000    -0.000133     0.000236    -0.000369 
   24.100000     0.001454     0.000236     0.001218 
   24.200000     0.002604     0.000236     0.002368 
   24.300000    -0.000734     0.000236    -0.000970 
   24.400000     0.001771     0.000236     0.001535 
   24.500000     0.004180     0.000236     0.003944 
   24.600000     0.001453     0.000236     0.001217 
   24.700000     0.004481     0.000236     0.004245 
   24.800000     0.001593     0.000236     0.001357 
   24.900000     0.001872     0.000236     0.001636 
   25.000000     0.000175     0.000236    -0.000061 
   25.100000    -0.000239     0.000236    -0.000475 
   25.200000    -0.002631     0.000236    -0.002867 
   25.300000    -0.001667     0.000236    -0.001903 
   25.400000    -0.000222     0.000236    -0.000458 
   25.500000     0.003501     0.000236     0.003265 
   25.600000     0.002650     0.000236     0.002414 
   25.700000     0.003017     0.000236     0.002781 
   25.800000     0.000732     0.000236     0.000496 
   25.900000     0.003450     0.000236     0.003214 
   26.000000    -0.000968     0.000236    -0.001204 
   26.100000    -0.001906     0.000236    -0.002142 
   26.200000     0.000426     0.000236     0.000190 
   26.300000    -0.001465     0.000236    -0.001701 
   26.400000    -0.003769     0.000236    -0.004005 
   26.500000    -0.000586     0.000236    -0.000822 
   26.600000     0.001586     0.000236     0.001350 
   26.700000    -0.002339     0.000236    -0.002575 
   26.800000     0.000176     0.000236    -0.000060 
   26.900000     0.000756     0.000236     0.000520 
   27.000000     0.002961     0.000236     0.002725 
   27.100000     0.001612     0.000236     0.001376 
   27.200000     0.003267     0.000236     0.003031 
   27.300000    -0.004251     0.000236    -0.004487 
   27.400000    -0.002852     0.000236    -0.003088 
   27.500000     0.001575     0.000236     0.001339 
   27.600000     0.008410     0.000236     0.008174 
   27.700000     0.003635     0.000236     0.003399 
   27.800000     0.000142     0.000236    -0.000094 
   27.900000    -0.000629     0.000236    -0.000865 
   28.000000     0.000680     0.000236     0.000444 
   28.100000     0.002439     0.000236     0.002203 
   28.200000     0.000906     0.000236     0.000670 
   28.300000    -0.001018     0.000236    -0.001254 
   28.400000     0.001762     0.000236     0.001526 
   28.500000     0.002156     0.000236     0.001920 
   28.600000    -0.002908     0.000236    -0.003144 
   28.700000     0.002572     0.000236     0.002336 
   28.800000    -0.000681     0.000236    -0.000917 
   28.900000     0.003388     0.000236     0.003152 
   29.000000     0.001849     0.000236     0.001613 
   29.100000     0.004376     0.000236     0.004140 
   29.200000     0.004705     0.000236     0.004469 
   29.300000     0.004934     0.000236     0.004698 
   29.400000     0.004454     0.000236     0.004218 
   29.500000    -0.000029     0.000236    -0.000265 
   29.600000    -0.000515     0.000236    -0.000751 
   29.700000     0.001796     0.000236     0.001560 
   29.800000     0.001908     0.000236     0.001672 
   29.900000    -0.001455     0.000236    -0.001691 
   30.000000     0.003486     0.000236     0.003250 
   30.100000    -0.000442     0.000236    -0.000678 
   30.200000    -0.003818     0.000236    -0.004054 
   30.300000     0.000608     0.000236     0.000372 
   30.400000    -0.001287     0.000236    -0.001523 
   30.500000    -0.004082     0.000236    -0.004318 
   30.600000     0.001331     0.000236     0.001095 
   30.700000     0.000324     0.000236     0.000088 
   30.800000    -0.001356     0.000236    -0.001592 
   30.900000    -0.002638     0.000236    -0.002874 
   31.000000    -0.003937     0.000236    -0.004173 
   31.100000    -0.000598     0.000236    -0.000834 
   31.200000    -0.001038     0.000236    -0.001274 
   31.300000    -0.003337     0.000236    -0.003573 
   31.400000    -0.004126     0.000236    -0.004362 
   31.500000    -0.003418     0.000236    -0.003654 
   31.600000     0.001908     0.000236     0.001672 
   31.700000    -0.001081     0.000236    -0.001317 
   31.800000     0.000200     0.000236    -0.000036 
   31.900000     0.002265     0.000236     0.002029 
   32.000000     0.000491     0.000236     0.000255 
   32.100000     0.001886     0.000236     0.001650 
   32.200000    -0.001155     0.000236    -0.001391 
   32.300000    -0.002173     0.000236    -0.002409 
   32.400000    -0.000417     0.000236    -0.000653 
   32.500000     0.001056     0.000236     0.000820 
   32.600000     0.002174     0.000236     0.001938 
   32.700000     0.000379     0.000236     0.000143 
   32.800000    -0.002850     0.000236    -0.003086 
   32.900000     0.000017     0.000236    -0.000219 
   33.000000     0.001259     0.000236     0.001023 
   33.100000     0.003742     0.000236     0.003506 
   33.200000     0.005797     0.000236     0.005561 
   33.300000     0.004678     0.000236     0.004442 
   33.400000     0.001210     0.000236     0.000974 
   33.500000    -0.001246     0.000236    -0.001482 
   33.600000     0.001224     0.000236     0.000988 
   33.700000     0.004782     0.000236     0.004546 
   33.800000     0.005650     0.000236     0.005414 
   33.900000     0.001690     0.000236     0.001454 
   34.000000     0.002217     0.000236     0.001981 
   34.100000     0.004547     0.000236     0.004311 
   34.200000     0.003233     0.000236     0.002997 
   34.300000     0.001663     0.000236     0.001427 
   34.400000     0.003845     0.000236     0.003609 
   34.500000     0.001450     0.000236     0.001214 
   34.600000    -0.000957     0.000236    -0.001193 
   34.700000    -0.000915     0.000236    -0.001151 
   34.800000     0.000267     0.000236     0.000031 
   34.900000    -0.000279     0.000236    -0.000515 
   35.000000    -0.000919     0.000236    -0.001155 
   35.100000    -0.003899     0.000236    -0.004135 
   35.200000    -0.001687     0.000236    -0.001923 
   35.300000    -0.002216     0.000236    -0.002452 
   35.400000     0.003273     0.000236     0.003037 
   35.500000     0.001436     0.000236     0.001200 
   35.600000    -0.002654     0.000236    -0.002890 
   35.700000     0.000199     0.000236    -0.000037 
   35.800000    -0.001458     0.000236    -0.001694 
   35.900000    -0.001685     0.000236    -0.001921 
   36.000000     0.001739     0.000236     0.001503 
   36.100000    -0.000260     0.000236    -0.000496 
   36.200000    -0.003900     0.000236    -0.004136 
   36.300000     0.000021     0.000236    -0.000215 
   36.400000     0.003419     0.000236     0.003183 
   36.500000     0.002048     0.000236     0.001812 
   36.600000     0.000635     0.000236     0.000399 
   36.700000    -0.004592     0.000236    -0.004828 
   36.800000    -0.001264     0.000236    -0.001500 
   36.900000     0.000869     0.000236     0.000633 
   37.000000    -0.001008     0.000236    -0.001244 
   37.100000     0.005929     0.000236     0.005693 
   37.200000     0.006968     0.000236     0.006732 
   37.300000     0.004644     0.000236     0.004408 
   37.400000     0.004368     0.000236     0.004132 
   37.500000    -0.001243     0.000236    -0.001479 
   37.600000    -0.001683     0.000236    -0.001919 
   37.700000    -0.002707     0.000236    -0.002943 
   37.800000     0.005550     0.000236     0.005314 
   37.900000     0.007064     0.000236     0.006828 
   38.000000     0.003535     0.000236     0.003299 
   38.100000    -0.004101     0.000236    -0.004337 
   38.200000     0.000939     0.000236     0.000703 
   38.300000    -0.000855     0.000236    -0.001091 
   38.400000    -0.002273     0.000236    -0.002509 
   38.500000     0.002873     0.000236     0.002637 
   38.600000     0.002885     0.000236     0.002649 
   38.700000     0.003259     0.000236     0.003023 
   38.800000     0.001014     0.000236     0.000778 
   38.900000     0.002077     0.000236     0.001841 
   39.000000     0.002223     0.000236     0.001987 
   39.100000     0.002414     0.000236     0.002178 
   39.200000    -0.001571     0.000236    -0.001807 
   39.300000     0.000143     0.000236    -0.000093 
   39.400000     0.001809     0.000236     0.001573 
   39.500000     0.005504     0.000236     0.005268 
   39.600000     0.000204     0.000236    -0.000032 
   39.700000     0.002445     0.000236     0.002209 
   39.800000     0.003667     0.000236     0.003431 
   39.900000    -0.001976     0.000236    -0.002212 
   40.000000    -0.000813     0.000236    -0.001049 
   40.100000     0.003278     0.000236     0.003042 
   40.200000    -0.001468     0.000236    -0.001704 
   40.300000    -0.001319     0.000236    -0.001555 
   40.400000    -0.001582     0.000236    -0.001818 
   40.500000     0.002615     0.000236     0.002379 
   40.600000    -0.001721     0.000236    -0.001957 
   40.700000    -0.000068     0.000236    -0.000304 
   40.800000     0.000286     0.000236     0.000050 
   40.900000    -0.003576     0.000236    -0.003812 
   41.000000    -0.002866     0.000236    -0.003102 
   41.100000     0.000759     0.000236     0.000523 
   41.200000     0.001751     0.000236     0.001515 
   41.300000     0.001385     0.000236     0.001149 
   41.400000     0.002803     0.000236     0.002567 
   41.500000    -0.002255     0.000236    -0.002491 
   41.600000     0.005956     0.000236     0.005720 
   41.700000     0.002689     0.000236     0.002453 
   41.800000     0.004585     0.000236     0.004349 
   41.900000    -0.003328     0.000236    -0.003564 
   42.000000     0.002254     0.000236     0.002018 
   42.100000     0.003544     0.000236     0.003308 
   42.200000     0.001360     0.000236     0.001124 
   42.300000     0.001388     0.000236     0.001152 
   42.400000    -0.003143     0.000236    -0.003379 
   42.500000    -0.002509     0.000236    -0.002745 
   42.600000    -0.005045     0.000236    -0.005281 
   42.700000    -0.002457     0.000236    -0.002693 
   42.800000    -0.002508     0.000236    -0.002744 
   42.900000     0.004722     0.000236     0.004486 
   43.000000     0.002658     0.000236     0.002422 
   43.100000    -0.000329     0.000236    -0.000565 
   43.200000    -0.003036     0.000236    -0.003272 
   43.300000    -0.006254     0.000236    -0.006490 
   43.400000    -0.003441     0.000236    -0.003677 
   43.500000    -0.003631     0.000236    -0.003867 
   43.600000    -0.005323     0.000236    -0.005559 
   43.700000    -0.001228     0.000236    -0.001464 
   43.800000     0.001470     0.000236     0.001234 
   43.900000     0.003837     0.000236     0.003601 
   44.000000     0.000257     0.000236     0.000021 
   44.100000    -0.001571     0.000236    -0.001807 
   44.200000     0.001228     0.000236     0.000992 
   44.300000    -0.003042     0.000236    -0.003278 
   44.400000    -0.002039     0.000236    -0.002275 
   44.500000    -0.005091     0.000236    -0.005327 
   44.600000     0.000144     0.000236    -0.000092 
   44.700000     0.001041     0.000236     0.000805 
   44.800000     0.002664     0.000236     0.002428 
   44.900000     0.000480     0.000236     0.000244 
   45.000000     0.002158     0.000236     0.001922 
   45.100000     0.002387     0.000236     0.002151 
   45.200000     0.005139     0.000236     0.004903 
   45.300000     0.000052     0.000236    -0.000184 
   45.400000    -0.005609     0.000236    -0.005845 
   45.500000    -0.001138     0.000236    -0.001374 
   45.600000     0.000986     0.000236     0.000750 
   45.700000    -0.000816     0.000236    -0.001052 
   45.800000    -0.000221     0.000236    -0.000457 
   45.900000     0.002719     0.000236     0.002483 
   46.000000     0.001250     0.000236     0.001014 
   46.100000     0.001227     0.000236     0.000991 
   46.200000     0.000552     0.000236     0.000316 
   46.300000    -0.003058     0.000236    -0.003294 
   46.400000     0.000821     0.000236     0.000585 
   46.500000    -0.000053     0.000236    -0.000289 
   46.600000     0.000367     0.000236     0.000131 
   46.700000    -0.004445     0.000236    -0.004681 
   46.800000     0.000202     0.000236    -0.000034 
   46.900000     0.002060     0.000236     0.001824 
   47.000000    -0.004595     0.000236    -0.004831 
   47.100000    -0.002888     0.000236    -0.003124 
   47.200000    -0.004250     0.000236    -0.004486 
   47.300000    -0.003078     0.000236    -0.003314 
   47.400000    -0.000254     0.000236    -0.000490 
   47.500000    -0.000441     0.000236    -0.000677 
   47.600000    -0.002117     0.000236    -0.002353 
   47.700000     0.001950     0.000236     0.001714 
   47.800000     0.001549     0.000236     0.001313 
   47.900000     0.001807     0.000236     0.001571 
   48.000000     0.002388     0.000236     0.002152 
   48.100000     0.001429     0.000236     0.001193 
   48.200000     0.001901     0.000236     0.001665 
   48.300000     0.006897     0.000236     0.006661 
   48.400000     0.004246     0.000236     0.004010 
   48.500000     0.002559     0.000236     0.002323 
   48.600000    -0.002180     0.000236    -0.002416 
   48.700000    -0.002324     0.000236    -0.002560 
   48.800000    -0.001837     0.000236    -0.002073 
   48.900000     0.002701     0.000236     0.002465 
   49.000000     0.001041     0.000236     0.000805 
   49.100000    -0.002516     0.000236    -0.002752 
   49.200000    -0.000538     0.000236    -0.000774 
   49.300000     0.001236     0.000236     0.001000 
   49.400000    -0.003243     0.000236    -0.003479 
   49.500000    -0.000913     0.000236    -0.001149 
   49.600000    -0.000972     0.000236    -0.001208 
   49.700000    -0.000629     0.000236    -0.000865 
   49.800000     0.002605     0.000236     0.002369 
   49.900000     0.000173     0.000236    -0.000063 
   50.000000     0.002485     0.000236     0.002249 
   50.100000    -0.001436     0.000236    -0.001672 
   50.200000    -0.002879     0.000236    -0.003115 
   50.300000    -0.000150     0.000236    -0.000386 
   50.400000    -0.002852     0.000236    -0.003088 
   50.500000    -0.002413     0.000236    -0.002649 
   50.600000    -0.001631     0.000236    -0.001867 
   50.700000    -0.005177     0.000236    -0.005413 
   50.800000     0.000293     0.000236     0.000057 
   50.900000     0.003617     0.000236     0.003381 
   51.000000    -0.001884     0.000236    -0.002120 
   51.100000    -0.004172     0.000236    -0.004408 
   51.200000    -0.001826     0.000236    -0.002062 
   51.300000    -0.003826     0.000236    -0.004062 
   51.400000    -0.002795     0.000236    -0.003031 
   51.500000     0.001154     0.000236     0.000918 
   51.600000    -0.002815     0.000236    -0.003051 
   51.700000    -0.002249     0.000236    -0.002485 
   51.800000    -0.002131     0.000236    -0.002367 
   51.900000    -0.007842     0.000236    -0.008078 
   52.000000     0.000309     0.000236     0.000073 
   52.100000    -0.003335     0.000236    -0.003571 
   52.200000     0.003083     0.000236     0.002847 
   52.300000     0.002595     0.000236     0.002359 
   52.400000     0.001162     0.000236     0.000926 
   52.500000     0.002287     0.000236     0.002051 
   52.600000     0.000344     0.000236     0.000108 
   52.700000    -0.002888     0.000236    -0.003124 
   52.800000    -0.003955     0.000236    -0.004191 
   52.900000    -0.005672     0.000236    -0.005908 
   53.000000    -0.000959     0.000236    -0.001195 
   53.100000    -0.001153     0.000236    -0.001389 
   53.200000    -0.000584     0.000236    -0.000820 
   53.300000    -0.003177     0.000236    -0.003413 
   53.400000    -0.002023     0.000236    -0.002259 
   53.500000     0.002426     0.000236     0.002190 
   53.600000     0.000191     0.000236    -0.000045 
   53.700000     0.000959     0.000236     0.000723 
   53.800000     0.003615     0.000236     0.003379 
   53.900000     0.000707     0.000236     0.000471 
   54.000000    -0.009467     0.000236    -0.009703 
   54.100000    -0.001654     0.000236    -0.001890 
   54.200000    -0.003121     0.000236    -0.003357 
   54.300000    -0.002470     0.000236    -0.002706 
   54.400000    -0.005988     0.000236    -0.006224 
   54.500000     0.004301     0.000236     0.004065 
   54.600000     0.004754     0.000236     0.004518 
   54.700000     0.002368     0.000236     0.002132 
   54.800000     0.003211     0.000236     0.002975 
   54.900000     0.006107     0.000236     0.005871 
   55.000000    -0.000350     0.000236    -0.000586 
   55.100000     0.002365     0.000236     0.002129 
   55.200000    -0.001133     0.000236    -0.001369 
   55.300000    -0.001847     0.000236    -0.002083 
   55.400000     0.001052     0.000236     0.000816 
   55.500000    -0.000591     0.000236    -0.000827 
   55.600000    -0.002399     0.000236    -0.002635 
   55.700000    -0.002432     0.000236    -0.002668 
   55.800000    -0.002286     0.000236    -0.002522 
   55.900000     0.001935     0.000236     0.001699 
   56.000000     0.000246     0.000236     0.000010 
   56.100000    -0.000496     0.000236    -0.000732 
   56.200000    -0.002229     0.000236    -0.002465 
   56.300000    -0.002171     0.000236    -0.002407 
   56.400000    -0.005433     0.000236    -0.005669 
   56.500000    -0.004783     0.000236    -0.005019 
   56.600000     0.002040     0.000236     0.001804 
   56.700000     0.000498     0.000236     0.000262 
   56.800000    -0.002684     0.000236    -0.002920 
   56.900000    -0.000397     0.000236    -0.000633 
   57.000000    -0.003783     0.000236    -0.004019 
   57.100000     0.004782     0.000236     0.004546 
   57.200000    -0.000439     0.000236    -0.000675 
   57.300000    -0.000047     0.000236    -0.000283 
   57.400000     0.000852     0.000236     0.000616 
   57.500000    -0.002237     0.000236    -0.002473 
   57.600000    -0.002629     0.000236    -0.002865 
   57.700000    -0.002230     0.000236    -0.002466 
   57.800000    -0.000992     0.000236    -0.001228 
   57.900000     0.001776     0.000236     0.001540 
   58.000000    -0.003754     0.000236    -0.003990 
   58.100000    -0.009049     0.000236    -0.009285 
   58.200000    -0.002118     0.000236    -0.002354 
   58.300000    -0.003587     0.000236    -0.003823 
   58.400000    -0.007432     0.000236    -0.007668 
   58.500000    -0.001927     0.000236    -0.002163 
   58.600000    -0.003569     0.000236    -0.003805 
   58.700000    -0.000449     0.000236    -0.000685 
   58.800000     0.002514     0.000236     0.002278 
   58.900000     0.004475     0.000236     0.004239 
   59.000000     0.001393     0.000236     0.001157 
   59.100000     0.000085     0.000236    -0.000151 
   59.200000    -0.001042     0.000236    -0.001278 
   59.300000    -0.000284     0.000236    -0.000520 
   59.400000    -0.000598     0.000236    -0.000834 
   59.500000     0.004549     0.000236     0.004313 
   59.600000     0.007251     0.000236     0.007015 
   59.700000     0.002472     0.000236     0.002236 
   59.800000     0.002857     0.000236     0.002621 
   59.900000     0.004049     0.000236     0.003813 
   60.000000     0.003600     0.000236     0.003364 
   60.100000    -0.001358     0.000236    -0.001594 
   60.200000     0.002986     0.000236     0.002750 
   60.300000    -0.001006     0.000236    -0.001242 
   60.400000     0.006275     0.000236     0.006039 
   60.500000     0.006895     0.000236     0.006659 
   60.600000     0.004651     0.000236     0.004415 
   60.700000     0.004414     0.000236     0.004178 
   60.800000    -0.001112     0.000236    -0.001348 
   60.900000     0.000054     0.000236    -0.000182 
   61.000000     0.001158     0.000236     0.000922 
   61.100000    -0.003213     0.000236    -0.003449 
   61.200000    -0.001552     0.000236    -0.001788 
   61.300000     0.000199     0.000236    -0.000037 
   61.400000     0.000625     0.000236     0.000389 
   61.500000     0.000237     0.000236     0.000001 
   61.600000     0.001438     0.000236     0.001202 
   61.700000    -0.000241     0.000236    -0.000477 
   61.800000    -0.003153     0.000236    -0.003389 
   61.900000    -0.002508     0.000236    -0.002744 
   62.000000    -0.001340     0.000236    -0.001576 
   62.100000    -0.002741     0.000236    -0.002977 
   62.200000    -0.007888     0.000236    -0.008124 
   62.300000    -0.001505     0.000236    -0.001741 
   62.400000     0.001050     0.000236     0.000814 
   62.500000     0.000505     0.000236     0.000269 
   62.600000     0.005784     0.000236     0.005548 
   62.700000     0.004427     0.000236     0.004191 
   62.800000     0.002476     0.000236     0.002240 
   62.900000     0.003103     0.000236     0.002867 
   63.000000     0.004096     0.000236     0.003860 
   63.100000     0.002070     0.000236     0.001834 
   63.200000     0.003919     0.000236     0.003683 
   63.300000     0.001126     0.000236     0.000890 
   63.400000     0.002116     0.000236     0.001880 
   63.500000     0.003873     0.000236     0.003637 
   63.600000     0.002359     0.000236     0.002123 
   63.700000    -0.001311     0.000236    -0.001547 
   63.800000     0.002731     0.000236     0.002495 
   63.900000    -0.002590     0.000236    -0.002826 
   64.000000    -0.002697     0.000236    -0.002933 
   64.100000     0.000826     0.000236     0.000590 
   64.200000    -0.002270     0.000236    -0.002506 
   64.300000    -0.003129     0.000236    -0.003365 
   64.400000    -0.004567     0.000236    -0.004803 
   64.500000     0.003368     0.000236     0.003132 
   64.600000     0.000405     0.000236     0.000169 
   64.700000    -0.001843     0.000236    -0.002079 
   64.800000     0.001078     0.000236     0.000842 
   64.900000    -0.004939     0.000236    -0.005175 
   65.000000     0.000831     0.000236     0.000595 
   65.100000     0.006459     0.000236     0.006223 
   65.200000     0.002886     0.000236     0.002650 
   65.300000     0.000183     0.000236    -0.000053 
   65.400000    -0.002773     0.000236    -0.003009 
   65.500000     0.000427     0.000236     0.000191 
   65.600000     0.000089     0.000236    -0.000147 
   65.700000     0.005206     0.000236     0.004970 
   65.800000    -0.003748     0.000236    -0.003984 
   65.900000    -0.004990     0.000236    -0.005226 
   66.000000    -0.007181     0.000236    -0.007417 
   66.100000    -0.000312     0.000236    -0.000548 
   66.200000     0.001689     0.000236     0.001453 
   66.300000    -0.004207     0.000236    -0.004443 
   66.400000    -0.000842     0.000236    -0.001078 
   66.500000     0.003242     0.000236     0.003006 
   66.600000     0.001847     0.000236     0.001611 
   66.700000     0.003804     0.000236     0.003568 
   66.800000    -0.003417     0.000236    -0.003653 
   66.900000    -0.002947     0.000236    -0.003183 
   67.000000    -0.001280     0.000236    -0.001516 
   67.100000     0.004685     0.000236     0.004449 
   67.200000    -0.002762     0.000236    -0.002998 
   67.300000    -0.002038     0.000236    -0.002274 
   67.400000     0.001076     0.000236     0.000840 
   67.500000     0.001112     0.000236     0.000876 
   67.600000     0.004350     0.000236     0.004114 
   67.700000    -0.001663     0.000236    -0.001899 
   67.800000    -0.002418     0.000236    -0.002654 
   67.900000     0.000097     0.000236    -0.000139 
   68.000000     0.001935     0.000236     0.001699 
   68.100000     0.000405     0.000236     0.000169 
   68.200000    -0.001706     0.000236    -0.001942 
   68.300000    -0.002191     0.000236    -0.002427 
   68.400000     0.003332     0.000236     0.003096 
   68.500000     0.006105     0.000236     0.005869 
   68.600000    -0.001194     0.000236    -0.001430 
   68.700000    -0.001049     0.000236    -0.001285 
   68.800000    -0.008473     0.000236    -0.008709 
   68.900000    -0.001371     0.000236    -0.001607 
   69.000000     0.001232     0.000236     0.000996 
   69.100000     0.004828     0.000236     0.004592 
   69.200000     0.000214     0.000236    -0.000022 
   69.300000     0.003915     0.000236     0.003679 
   69.400000    -0.000182     0.000236    -0.000418 
   69.500000    -0.002170     0.000236    -0.002406 
   69.600000    -0.003224     0.000236    -0.003460 
   69.700000    -0.001073     0.000236    -0.001309 
   69.800000    -0.003378     0.000236    -0.003614 
   69.900000    -0.005565     0.000236    -0.005801 
   70.000000    -0.002652     0.000236    -0.002888 
   70.100000    -0.003124     0.000236    -0.003360 
   70.200000    -0.010134     0.000236    -0.010370 
   70.300000     0.000326     0.000236     0.000090 
   70.400000    -0.000333     0.000236    -0.000569 
   70.500000    -0.001526     0.000236    -0.001762 
   70.600000    -0.001587     0.000236    -0.001823 
   70.700000     0.001461     0.000236     0.001225 
   70.800000     0.002154     0.000236     0.001918 
   70.900000     0.005001     0.000236     0.004765 
   71.000000     0.001450     0.000236     0.001214 
   71.100000     0.002003     0.000236     0.001767 
   71.200000     0.000498     0.000236     0.000262 
   71.300000    -0.000953     0.000236    -0.001189 
   71.400000    -0.004410     0.000236    -0.004646 
   71.500000    -0.001157     0.000236    -0.001393 
   71.600000     0.004687     0.000236     0.004451 
   71.700000     0.002079     0.000236     0.001843 
   71.800000     0.007540     0.000236     0.007304 
   71.900000     0.006703     0.000236     0.006467 
   72.000000    -0.002953     0.000236    -0.003189 
   72.100000     0.000935     0.000236     0.000699 
   72.200000     0.002804     0.000236     0.002568 
   72.300000     0.000208     0.000236    -0.000028 
   72.400000     0.002894     0.000236     0.002658 
   72.500000    -0.000893     0.000236    -0.001129 
   72.600000     0.002748     0.000236     0.002512 
   72.700000     0.002988     0.000236     0.002752 
   72.800000     0.004667     0.000236     0.004431 
   72.900000     0.003570     0.000236     0.003334 
   73.000000     0.006011     0.000236     0.005775 
   73.100000    -0.005294     0.000236    -0.005530 
   73.200000    -0.005190     0.000236    -0.005426 
   73.300000    -0.004514     0.000236    -0.004750 
   73.400000    -0.002185     0.000236    -0.002421 
   73.500000    -0.000049     0.000236    -0.000285 
   73.600000     0.002370     0.000236     0.002134 
   73.700000    -0.001121     0.000236    -0.001357 
   73.800000     0.000380     0.000236     0.000144 
   73.900000     0.000578     0.000236     0.000342 
   74.000000    -0.000287     0.000236    -0.000523 
   74.100000    -0.002721     0.000236    -0.002957 
   74.200000     0.000355     0.000236     0.000119 
   74.300000     0.001214     0.000236     0.000978 
   74.400000    -0.007358     0.000236    -0.007594 
   74.500000    -0.003101     0.000236    -0.003337 
   74.600000    -0.003777     0.000236    -0.004013 
   74.700000    -0.003360     0.000236    -0.003596 
   74.800000     0.002335     0.000236     0.002099 
   74.900000    -0.002926     0.000236    -0.003162 
   75.000000    -0.001327     0.000236    -0.001563 
   75.100000    -0.003788     0.000236    -0.004024 
   75.200000     0.000759     0.000236     0.000523 
   75.300000    -0.000729     0.000236    -0.000965 
   75.400000     0.002615     0.000236     0.002379 
   75.500000     0.001642     0.000236     0.001406 
   75.600000    -0.002947     0.000236    -0.003183 
   75.700000    -0.001664     0.000236    -0.001900 
   75.800000    -0.002339     0.000236    -0.002575 
   75.900000     0.001469     0.000236     0.001233 
   76.000000    -0.000076     0.000236    -0.000312 
   76.100000    -0.004693     0.000236    -0.004929 
   76.200000    -0.008239     0.000236    -0.008475 
   76.300000    -0.007594     0.000236    -0.007830 
   76.400000     0.001002     0.000236     0.000766 
   76.500000     0.002099     0.000236     0.001863 
   76.600000     0.003061     0.000236     0.002825 
   76.700000     0.000652     0.000236     0.000416 
   76.800000    -0.002539     0.000236    -0.002775 
   76.900000     0.000684     0.000236     0.000448 
   77.000000     0.003936     0.000236     0.003700 
   77.100000    -0.000312     0.000236    -0.000548 
   77.200000     0.002948     0.000236     0.002712 
   77.300000     0.004023     0.000236     0.003787 
   77.400000     0.009633     0.000236     0.009397 
   77.500000     0.005918     0.000236     0.005682 
   77.600000     0.005480     0.000236     0.005244 
   77.700000     0.007418     0.000236     0.007182 
   77.800000     0.006203     0.000236     0.005967 
   77.900000    -0.001174     0.000236    -0.001410 
   78.000000     0.011047     0.000236     0.010811 
   78.100000     0.005574     0.000236     0.005338 
   78.200000     0.007646     0.000236     0.007410 
   78.300000    -0.000395     0.000236    -0.000631 
   78.400000     0.001822     0.000236     0.001586 
   78.500000     0.000992     0.000236     0.000756 
   78.600000    -0.001220     0.000236    -0.001456 
   78.700000     0.005937     0.000236     0.005701 
   78.800000     0.009102     0.000236     0.008866 
   78.900000    -0.002039     0.000236    -0.002275 
   79.000000     0.002193     0.000236     0.001957 
   79.100000     0.003030     0.000236     0.002794 
   79.200000     0.008296     0.000236     0.008060 
   79.300000     0.003491     0.000236     0.003255 
   79.400000     0.006275     0.000236     0.006039 
   79.500000     0.000292     0.000236     0.000056 
   79.600000    -0.000497     0.000236    -0.000733 
   79.700000    -0.000089     0.000236    -0.000325 
   79.800000    -0.003093     0.000236    -0.003329 
   79.900000    -0.000518     0.000236    -0.000754 
   80.000000    -0.001058     0.000236    -0.001294 
   80.100000     0.007064     0.000236     0.006828 
   80.200000     0.004560     0.000236     0.004324 
   80.300000     0.004449     0.000236     0.004213 
   80.400000    -0.002253     0.000236    -0.002489 
   80.500000     0.004870     0.000236     0.004634 
   80.600000     0.000756     0.000236     0.000520 
   80.700000     0.000035     0.000236    -0.000201 
   80.800000     0.002054     0.000236     0.001818 
   80.900000     0.003551     0.000236     0.003315 
   81.000000    -0.000320     0.000236    -0.000556 
   81.100000     0.007257     0.000236     0.007021 
   81.200000     0.004811     0.000236     0.004575 
   81.300000     0.000980     0.000236     0.000744 
   81.400000     0.003300     0.000236     0.003064 
   81.500000    -0.000914     0.000236    -0.001150 
   81.600000     0.004177     0.000236     0.003941 
   81.700000    -0.003357     0.000236    -0.003593 
   81.800000    -0.003671     0.000236    -0.003907 
   81.900000    -0.000528     0.000236    -0.000764 
   82.000000     0.000952     0.000236     0.000716 
   82.100000     0.005752     0.000236     0.005516 
   82.200000     0.005480     0.000236     0.005244 
   82.300000     0.007496     0.000236     0.007260 
   82.400000    -0.004912     0.000236    -0.005148 
   82.500000    -0.001407     0.000236    -0.001643 
   82.600000     0.001054     0.000236     0.000818 
   82.700000    -0.005637     0.000236    -0.005873 
   82.800000    -0.008263     0.000236    -0.008499 
   82.900000    -0.001824     0.000236    -0.002060 
   83.000000     0.001173     0.000236     0.000937 
   83.100000     0.000564     0.000236     0.000328 
   83.200000    -0.000120     0.000236    -0.000356 
   83.300000     0.004253     0.000236     0.004017 
   83.400000     0.004809     0.000236     0.004573 
   83.500000     0.001664     0.000236     0.001428 
   83.600000     0.004246     0.000236     0.004010 
   83.700000     0.002536     0.000236     0.002300 
   83.800000     0.004724     0.000236     0.004488 
   83.900000     0.003661     0.000236     0.003425 
   84.000000     0.002366     0.000236     0.002130 
   84.100000     0.003042     0.000236     0.002806 
   84.200000     0.005990     0.000236     0.005754 
   84.300000     0.000866     0.000236     0.000630 
   84.400000     0.002899     0.000236     0.002663 
   84.500000     0.002690     0.000236     0.002454 
   84.600000     0.002961     0.000236     0.002725 
   84.700000     0.003990     0.000236     0.003754 
   84.800000     0.012094     0.000236     0.011858 
   84.900000     0.006652     0.000236     0.006416 
   85.000000     0.007075     0.000236     0.006839 
   85.100000     0.002748     0.000236     0.002512 
   85.200000     0.002153     0.000236     0.001917 
   85.300000     0.002197     0.000236     0.001961 
   85.400000     0.004593     0.000236     0.004357 
   85.500000    -0.003536     0.000236    -0.003772 
   85.600000    -0.003720     0.000236    -0.003956 
   85.700000    -0.000311     0.000236    -0.000547 
   85.800000     0.003748     0.000236     0.003512 
   85.900000    -0.006243     0.000236    -0.006479 
   86.000000     0.003374     0.000236     0.003138 
   86.100000     0.002271     0.000236     0.002035 
   86.200000     0.003835     0.000236     0.003599 
   86.300000     0.010554     0.000236     0.010318 
   86.400000     0.007535     0.000236     0.007299 
   86.500000     0.000779     0.000236     0.000543 
   86.600000    -0.003726     0.000236    -0.003962 
   86.700000    -0.005876     0.000236    -0.006112 
   86.800000    -0.002962     0.000236    -0.003198 
   86.900000    -0.000654     0.000236    -0.000890 
   87.000000    -0.002634     0.000236    -0.002870 
   87.100000     0.000531     0.000236     0.000295 
   87.200000    -0.001961     0.000236    -0.002197 
   87.300000    -0.001807     0.000236    -0.002043 
   87.400000     0.001743     0.000236     0.001507 
   87.500000     0.003330     0.000236     0.003094 
   87.600000     0.000051     0.000236    -0.000185 
   87.700000     0.002098     0.000236     0.001862 
   87.800000    -0.000040     0.000236    -0.000276 
   87.900000     0.002718     0.000236     0.002482 
   88.000000    -0.001516     0.000236    -0.001752 
   88.100000    -0.004515     0.000236    -0.004751 
   88.200000    -0.000446     0.000236    -0.000682 
   88.300000    -0.003640     0.000236    -0.003876 
   88.400000     0.001553     0.000236     0.001317 
   88.500000    -0.004308     0.000236    -0.004544 
   88.600000    -0.003831     0.000236    -0.004067 
   88.700000     0.000409     0.000236     0.000173 
   88.800000     0.000938     0.000236     0.000702 
   88.900000    -0.005560     0.000236    -0.005796 
   89.000000     0.001050     0.000236     0.000814 
   89.100000     0.000919     0.000236     0.000683 
   89.200000    -0.001130     0.000236    -0.001366 
   89.300000    -0.006847     0.000236    -0.007083 
   89.400000     0.001051     0.000236     0.000815 
   89.500000    -0.002399     0.000236    -0.002635 
   89.600000     0.001984     0.000236     0.001748 
   89.700000     0.001306     0.000236     0.001070 
   89.800000     0.006851     0.000236     0.006615 
   89.900000     0.007985     0.000236     0.007749 
   90.000000     0.009261     0.000236     0.009025 
   90.100000     0.002590     0.000236     0.002354 
   90.200000     0.007045     0.000236     0.006809 
   90.300000     0.002528     0.000236     0.002292 
   90.400000    -0.000293     0.000236    -0.000529 
   90.500000     0.000646     0.000236     0.000410 
   90.600000    -0.005361     0.000236    -0.005597 
   90.700000    -0.005520     0.000236    -0.005756 
   90.800000    -0.000646     0.000236    -0.000882 
   90.900000    -0.001013     0.000236    -0.001249 
   91.000000     0.000856     0.000236     0.000620 
   91.100000    -0.001033     0.000236    -0.001269 
   91.200000    -0.003305     0.000236    -0.003541 
   91.300000     0.001794     0.000236     0.001558 
   91.400000     0.004505     0.000236     0.004269 
   91.500000    -0.002485     0.000236    -0.002721 
   91.600000    -0.004382     0.000236    -0.004618 
   91.700000    -0.001318     0.000236    -0.001554 
   91.800000    -0.000567     0.000236    -0.000803 
   91.900000    -0.000385     0.000236    -0.000621 
   92.000000    -0.003126     0.000236    -0.003362 
   92.100000     0.003047     0.000236     0.002811 
   92.200000     0.002629     0.000236     0.002393 
   92.300000     0.000120     0.000236    -0.000116 
   92.400000     0.001510     0.000236     0.001274 
   92.500000    -0.001426     0.000236    -0.001662 
   92.600000     0.000877     0.000236     0.000641 
   92.700000     0.001196     0.000236     0.000960 
   92.800000     0.004302     0.000236     0.004066 
   92.900000     0.000320     0.000236     0.000084 
   93.000000     0.002721     0.000236     0.002485 
   93.100000    -0.002831     0.000236    -0.003067 
   93.200000     0.001303     0.000236     0.001067 
   93.300000     0.002749     0.000236     0.002513 
   93.400000     0.003709     0.000236     0.003473 
   93.500000     0.007334     0.000236     0.007098 
   93.600000    -0.001406     0.000236    -0.001642 
   93.700000    -0.006693     0.000236    -0.006929 
   93.800000    -0.006847     0.000236    -0.007083 
   93.900000    -0.002292     0.000236    -0.002528 
   94.000000    -0.002175     0.000236    -0.002411 
   94.100000    -0.005107     0.000236    -0.005343 
   94.200000    -0.005679     0.000236    -0.005915 
   94.300000    -0.004177     0.000236    -0.004413 
   94.400000    -0.000948     0.000236    -0.001184 
   94.500000    -0.002959     0.000236    -0.003195 
   94.600000     0.000203     0.000236    -0.000033 
   94.700000     0.001745     0.000236     0.001509 
   94.800000    -0.001476     0.000236    -0.001712 
   94.900000    -0.003092     0.000236    -0.003328 
   95.000000     0.002433     0.000236     0.002197 
   95.100000     0.000759     0.000236     0.000523 
   95.200000    -0.001897     0.000236    -0.002133 
   95.300000    -0.005483     0.000236    -0.005719 
   95.400000    -0.006235     0.000236    -0.006471 
   95.500000    -0.008171     0.000236    -0.008407 
   95.600000    -0.007407     0.000236    -0.007643 
   95.700000    -0.004082     0.000236    -0.004318 
   95.800000    -0.000998     0.000236    -0.001234 
   95.900000    -0.002765     0.000236    -0.003001 
   96.000000    -0.003801     0.000236    -0.004037 
   96.100000     0.005050     0.000236     0.004814 
   96.200000     0.005234     0.000236     0.004998 
   96.300000     0.000771     0.000236     0.000535 
   96.400000     0.001000     0.000236     0.000764 
   96.500000     0.005414     0.000236     0.005178 
   96.600000    -0.002964     0.000236    -0.003200 
   96.700000     0.000991     0.000236     0.000755 
   96.800000     0.000790     0.000236     0.000554 
   96.900000     0.001495     0.000236     0.001259 
   97.000000     0.003328     0.000236     0.003092 
   97.100000     0.003421     0.000236     0.003185 
   97.200000     0.007058     0.000236     0.006822 
   97.300000     0.008249     0.000236     0.008013 
   97.400000     0.007880     0.000236     0.007644 
   97.500000     0.001964     0.000236     0.001728 
   97.600000    -0.000381     0.000236    -0.000617 
   97.700000    -0.001802     0.000236    -0.002038 
   97.800000    -0.002924     0.000236    -0.003160 
   97.900000    -0.001630     0.000236    -0.001866 
   98.000000     0.004564     0.000236     0.004328 
   98.100000    -0.006729     0.000236    -0.006965 
   98.200000    -0.001372     0.000236    -0.001608 
   98.300000    -0.002511     0.000236    -0.002747 
   98.400000    -0.004583     0.000236    -0.004819 
   98.500000    -0.002200     0.000236    -0.002436 
   98.600000     0.000868     0.000236     0.000632 
   98.700000     0.002078     0.000236     0.001842 
   98.800000     0.003469     0.000236     0.003233 
   98.900000    -0.001453     0.000236    -0.001689 
   99.000000     0.003705     0.000236     0.003469 
   99.100000    -0.000550     0.000236    -0.000786 
   99.200000    -0.002693     0.000236    -0.002929 
   99.300000    -0.003683     0.000236    -0.003919 
   99.400000    -0.006483     0.000236    -0.006719 
   99.500000    -0.003736     0.000236    -0.003972 
   99.600000     0.007080     0.000236     0.006844 
   99.700000    -0.002863     0.000236    -0.003099 
   99.800000    -0.002381     0.000236    -0.002617 
   99.900000     0.006476     0.000236     0.006240 
  100.000000     0.006949     0.000236     0.006713 
