##fit: rolloffp.out
    0.500000     0.019465     0.019132     0.000333 
    0.600000     0.014104     0.016036    -0.001932 
    0.700000     0.013268     0.013450    -0.000182 
    0.800000     0.011121     0.011289    -0.000168 
    0.900000     0.011836     0.009484     0.002352 
    1.000000     0.008770     0.007976     0.000794 
    1.100000     0.008005     0.006716     0.001289 
    1.200000     0.004114     0.005664    -0.001550 
    1.300000     0.005163     0.004785     0.000378 
    1.400000     0.005204     0.004050     0.001154 
    1.500000     0.003586     0.003437     0.000149 
    1.600000     0.006031     0.002924     0.003107 
    1.700000     0.003953     0.002496     0.001457 
    1.800000     0.001861     0.002138    -0.000277 
    1.900000    -0.003839     0.001839    -0.005678 
    2.000000    -0.003307     0.001590    -0.004897 
    2.100000    -0.001651     0.001381    -0.003032 
    2.200000     0.004516     0.001207     0.003309 
    2.300000     0.000562     0.001061    -0.000499 
    2.400000     0.004765     0.000940     0.003825 
    2.500000    -0.001194     0.000838    -0.002032 
    2.600000    -0.002852     0.000753    -0.003605 
    2.700000    -0.001674     0.000682    -0.002356 
    2.800000     0.000793     0.000623     0.000170 
    2.900000     0.001264     0.000574     0.000690 
    3.000000    -0.000243     0.000532    -0.000775 
    3.100000     0.000451     0.000498    -0.000047 
    3.200000     0.000651     0.000469     0.000182 
    3.300000    -0.002250     0.000445    -0.002695 
    3.400000    -0.000620     0.000425    -0.001045 
    3.500000     0.002815     0.000408     0.002407 
    3.600000     0.001011     0.000394     0.000617 
    3.700000     0.001108     0.000382     0.000726 
    3.800000     0.003448     0.000372     0.003076 
    3.900000     0.002198     0.000364     0.001834 
    4.000000    -0.002180     0.000357    -0.002537 
    4.100000    -0.001344     0.000352    -0.001696 
    4.200000    -0.002064     0.000347    -0.002411 
    4.300000     0.003099     0.000343     0.002756 
    4.400000     0.004322     0.000340     0.003982 
    4.500000     0.001342     0.000337     0.001005 
    4.600000    -0.000801     0.000335    -0.001136 
    4.700000     0.000386     0.000333     0.000053 
    4.800000    -0.000693     0.000331    -0.001024 
    4.900000     0.000473     0.000330     0.000143 
    5.000000     0.002036     0.000328     0.001708 
    5.100000    -0.000132     0.000328    -0.000460 
    5.200000    -0.000964     0.000327    -0.001291 
    5.300000     0.000902     0.000326     0.000576 
    5.400000     0.002661     0.000326     0.002335 
    5.500000     0.002098     0.000325     0.001773 
    5.600000    -0.000133     0.000325    -0.000458 
    5.700000     0.002956     0.000324     0.002632 
    5.800000     0.003543     0.000324     0.003219 
    5.900000     0.000829     0.000324     0.000505 
    6.000000     0.000293     0.000324    -0.000031 
    6.100000     0.003181     0.000324     0.002857 
    6.200000    -0.002352     0.000323    -0.002675 
    6.300000    -0.004818     0.000323    -0.005141 
    6.400000     0.003048     0.000323     0.002725 
    6.500000     0.003425     0.000323     0.003102 
    6.600000     0.003004     0.000323     0.002681 
    6.700000     0.000734     0.000323     0.000411 
    6.800000     0.000681     0.000323     0.000358 
    6.900000     0.001688     0.000323     0.001365 
    7.000000     0.000777     0.000323     0.000454 
    7.100000    -0.003835     0.000323    -0.004158 
    7.200000    -0.001720     0.000323    -0.002043 
    7.300000     0.003073     0.000323     0.002750 
    7.400000    -0.000401     0.000323    -0.000724 
    7.500000     0.000553     0.000323     0.000230 
    7.600000     0.001533     0.000323     0.001210 
    7.700000    -0.000365     0.000323    -0.000688 
    7.800000    -0.003775     0.000323    -0.004098 
    7.900000    -0.000537     0.000323    -0.000860 
    8.000000    -0.000330     0.000323    -0.000653 
    8.100000    -0.000169     0.000323    -0.000492 
    8.200000    -0.001793     0.000323    -0.002116 
    8.300000     0.002843     0.000323     0.002520 
    8.400000     0.001781     0.000323     0.001458 
    8.500000     0.003756     0.000323     0.003433 
    8.600000    -0.000342     0.000323    -0.000665 
    8.700000     0.001382     0.000323     0.001059 
    8.800000     0.001094     0.000323     0.000771 
    8.900000     0.002378     0.000323     0.002055 
    9.000000     0.000466     0.000323     0.000143 
    9.100000     0.000877     0.000323     0.000554 
    9.200000     0.001778     0.000323     0.001455 
    9.300000     0.002063     0.000323     0.001740 
    9.400000     0.002033     0.000323     0.001710 
    9.500000     0.002002     0.000323     0.001679 
    9.600000     0.003288     0.000323     0.002965 
    9.700000     0.001978     0.000323     0.001655 
    9.800000     0.001007     0.000323     0.000684 
    9.900000     0.001654     0.000323     0.001331 
   10.000000     0.004947     0.000323     0.004624 
   10.100000     0.002351     0.000323     0.002028 
   10.200000     0.002705     0.000323     0.002382 
   10.300000    -0.003179     0.000323    -0.003502 
   10.400000    -0.002386     0.000323    -0.002709 
   10.500000    -0.000311     0.000323    -0.000634 
   10.600000     0.000021     0.000323    -0.000302 
   10.700000     0.002219     0.000323     0.001896 
   10.800000     0.003567     0.000323     0.003244 
   10.900000     0.004623     0.000323     0.004300 
   11.000000     0.004474     0.000323     0.004151 
   11.100000     0.004891     0.000323     0.004568 
   11.200000     0.006017     0.000323     0.005694 
   11.300000     0.003891     0.000323     0.003568 
   11.400000     0.002806     0.000323     0.002483 
   11.500000     0.001360     0.000323     0.001037 
   11.600000    -0.001726     0.000323    -0.002049 
   11.700000    -0.001125     0.000323    -0.001448 
   11.800000    -0.004491     0.000323    -0.004814 
   11.900000    -0.004431     0.000323    -0.004754 
   12.000000    -0.000894     0.000323    -0.001217 
   12.100000    -0.001692     0.000323    -0.002015 
   12.200000     0.000352     0.000323     0.000029 
   12.300000     0.000560     0.000323     0.000237 
   12.400000    -0.002556     0.000323    -0.002879 
   12.500000    -0.001461     0.000323    -0.001784 
   12.600000    -0.003241     0.000323    -0.003564 
   12.700000    -0.003697     0.000323    -0.004020 
   12.800000    -0.001026     0.000323    -0.001349 
   12.900000    -0.002054     0.000323    -0.002377 
   13.000000     0.001470     0.000323     0.001147 
   13.100000    -0.000301     0.000323    -0.000624 
   13.200000     0.000079     0.000323    -0.000244 
   13.300000     0.000658     0.000323     0.000335 
   13.400000     0.004634     0.000323     0.004311 
   13.500000     0.001263     0.000323     0.000940 
   13.600000     0.007646     0.000323     0.007323 
   13.700000     0.005257     0.000323     0.004934 
   13.800000    -0.002928     0.000323    -0.003251 
   13.900000    -0.001530     0.000323    -0.001853 
   14.000000    -0.002070     0.000323    -0.002393 
   14.100000    -0.003390     0.000323    -0.003713 
   14.200000    -0.005290     0.000323    -0.005613 
   14.300000     0.001358     0.000323     0.001035 
   14.400000     0.000944     0.000323     0.000621 
   14.500000    -0.001633     0.000323    -0.001956 
   14.600000     0.002124     0.000323     0.001801 
   14.700000     0.002684     0.000323     0.002361 
   14.800000     0.003512     0.000323     0.003189 
   14.900000     0.001518     0.000323     0.001195 
   15.000000     0.001151     0.000323     0.000828 
   15.100000     0.006011     0.000323     0.005688 
   15.200000     0.007322     0.000323     0.006999 
   15.300000     0.001217     0.000323     0.000894 
   15.400000     0.003180     0.000323     0.002857 
   15.500000     0.000729     0.000323     0.000406 
   15.600000    -0.000330     0.000323    -0.000653 
   15.700000    -0.001740     0.000323    -0.002063 
   15.800000     0.001686     0.000323     0.001363 
   15.900000     0.004425     0.000323     0.004102 
   16.000000     0.005175     0.000323     0.004852 
   16.100000     0.005077     0.000323     0.004754 
   16.200000    -0.000835     0.000323    -0.001158 
   16.300000    -0.000719     0.000323    -0.001042 
   16.400000     0.002010     0.000323     0.001687 
   16.500000    -0.003335     0.000323    -0.003658 
   16.600000    -0.003509     0.000323    -0.003832 
   16.700000    -0.002242     0.000323    -0.002565 
   16.800000     0.000423     0.000323     0.000100 
   16.900000     0.000687     0.000323     0.000364 
   17.000000    -0.001908     0.000323    -0.002231 
   17.100000     0.003056     0.000323     0.002733 
   17.200000     0.000676     0.000323     0.000353 
   17.300000    -0.000195     0.000323    -0.000518 
   17.400000     0.002786     0.000323     0.002463 
   17.500000    -0.001470     0.000323    -0.001793 
   17.600000     0.001714     0.000323     0.001391 
   17.700000    -0.000224     0.000323    -0.000547 
   17.800000    -0.001525     0.000323    -0.001848 
   17.900000    -0.004696     0.000323    -0.005019 
   18.000000     0.000062     0.000323    -0.000261 
   18.100000     0.001060     0.000323     0.000737 
   18.200000    -0.001605     0.000323    -0.001928 
   18.300000     0.001730     0.000323     0.001407 
   18.400000     0.002854     0.000323     0.002531 
   18.500000     0.001394     0.000323     0.001071 
   18.600000     0.002609     0.000323     0.002286 
   18.700000     0.002456     0.000323     0.002133 
   18.800000    -0.002711     0.000323    -0.003034 
   18.900000    -0.002594     0.000323    -0.002917 
   19.000000    -0.000492     0.000323    -0.000815 
   19.100000     0.000392     0.000323     0.000069 
   19.200000    -0.000016     0.000323    -0.000339 
   19.300000    -0.003314     0.000323    -0.003637 
   19.400000    -0.001591     0.000323    -0.001914 
   19.500000    -0.001268     0.000323    -0.001591 
   19.600000    -0.002707     0.000323    -0.003030 
   19.700000    -0.004547     0.000323    -0.004870 
   19.800000    -0.004328     0.000323    -0.004651 
   19.900000    -0.006650     0.000323    -0.006973 
   20.000000    -0.002737     0.000323    -0.003060 
   20.100000    -0.005791     0.000323    -0.006114 
   20.200000    -0.000819     0.000323    -0.001142 
   20.300000    -0.001131     0.000323    -0.001454 
   20.400000    -0.003435     0.000323    -0.003758 
   20.500000    -0.002924     0.000323    -0.003247 
   20.600000    -0.003076     0.000323    -0.003399 
   20.700000    -0.002276     0.000323    -0.002599 
   20.800000    -0.001146     0.000323    -0.001469 
   20.900000    -0.003081     0.000323    -0.003404 
   21.000000     0.001284     0.000323     0.000961 
   21.100000    -0.000092     0.000323    -0.000415 
   21.200000     0.000004     0.000323    -0.000319 
   21.300000    -0.000865     0.000323    -0.001188 
   21.400000     0.001659     0.000323     0.001336 
   21.500000     0.001171     0.000323     0.000848 
   21.600000     0.004065     0.000323     0.003742 
   21.700000     0.002530     0.000323     0.002207 
   21.800000     0.006817     0.000323     0.006494 
   21.900000     0.001876     0.000323     0.001553 
   22.000000     0.003741     0.000323     0.003418 
   22.100000     0.002440     0.000323     0.002117 
   22.200000     0.004034     0.000323     0.003711 
   22.300000     0.000488     0.000323     0.000165 
   22.400000    -0.002818     0.000323    -0.003141 
   22.500000    -0.001269     0.000323    -0.001592 
   22.600000     0.000543     0.000323     0.000220 
   22.700000     0.001894     0.000323     0.001571 
   22.800000     0.002192     0.000323     0.001869 
   22.900000     0.004007     0.000323     0.003684 
   23.000000    -0.000219     0.000323    -0.000542 
   23.100000     0.001600     0.000323     0.001277 
   23.200000     0.001847     0.000323     0.001524 
   23.300000     0.001120     0.000323     0.000797 
   23.400000    -0.000112     0.000323    -0.000435 
   23.500000     0.003711     0.000323     0.003388 
   23.600000    -0.001157     0.000323    -0.001480 
   23.700000     0.003766     0.000323     0.003443 
   23.800000     0.006915     0.000323     0.006592 
   23.900000     0.007233     0.000323     0.006910 
   24.000000     0.001842     0.000323     0.001519 
   24.100000     0.000899     0.000323     0.000576 
   24.200000     0.002792     0.000323     0.002469 
   24.300000     0.001527     0.000323     0.001204 
   24.400000     0.003606     0.000323     0.003283 
   24.500000     0.002791     0.000323     0.002468 
   24.600000     0.008173     0.000323     0.007850 
   24.700000     0.009520     0.000323     0.009197 
   24.800000     0.007528     0.000323     0.007205 
   24.900000     0.004048     0.000323     0.003725 
   25.000000     0.001747     0.000323     0.001424 
   25.100000     0.002991     0.000323     0.002668 
   25.200000    -0.002201     0.000323    -0.002524 
   25.300000     0.004551     0.000323     0.004228 
   25.400000     0.006867     0.000323     0.006544 
   25.500000     0.007105     0.000323     0.006782 
   25.600000     0.006238     0.000323     0.005915 
   25.700000     0.003322     0.000323     0.002999 
   25.800000    -0.000234     0.000323    -0.000557 
   25.900000     0.003813     0.000323     0.003490 
   26.000000     0.001341     0.000323     0.001018 
   26.100000     0.000305     0.000323    -0.000018 
   26.200000     0.003562     0.000323     0.003239 
   26.300000     0.005156     0.000323     0.004833 
   26.400000     0.004275     0.000323     0.003952 
   26.500000     0.000344     0.000323     0.000021 
   26.600000    -0.000403     0.000323    -0.000726 
   26.700000     0.001581     0.000323     0.001258 
   26.800000     0.002554     0.000323     0.002231 
   26.900000    -0.001822     0.000323    -0.002145 
   27.000000     0.003822     0.000323     0.003499 
   27.100000     0.003627     0.000323     0.003304 
   27.200000     0.000909     0.000323     0.000586 
   27.300000    -0.000897     0.000323    -0.001220 
   27.400000     0.000740     0.000323     0.000417 
   27.500000    -0.000239     0.000323    -0.000562 
   27.600000    -0.002113     0.000323    -0.002436 
   27.700000    -0.002598     0.000323    -0.002921 
   27.800000    -0.001312     0.000323    -0.001635 
   27.900000     0.001379     0.000323     0.001056 
   28.000000    -0.002693     0.000323    -0.003016 
   28.100000     0.000652     0.000323     0.000329 
   28.200000     0.000687     0.000323     0.000364 
   28.300000    -0.001601     0.000323    -0.001924 
   28.400000     0.002004     0.000323     0.001681 
   28.500000     0.004834     0.000323     0.004511 
   28.600000    -0.003087     0.000323    -0.003410 
   28.700000     0.000882     0.000323     0.000559 
   28.800000     0.002738     0.000323     0.002415 
   28.900000     0.000683     0.000323     0.000360 
   29.000000     0.001610     0.000323     0.001287 
   29.100000     0.001983     0.000323     0.001660 
   29.200000    -0.000519     0.000323    -0.000842 
   29.300000     0.001924     0.000323     0.001601 
   29.400000    -0.000640     0.000323    -0.000963 
   29.500000    -0.001528     0.000323    -0.001851 
   29.600000     0.001340     0.000323     0.001017 
   29.700000     0.001413     0.000323     0.001090 
   29.800000    -0.001236     0.000323    -0.001559 
   29.900000    -0.001468     0.000323    -0.001791 
   30.000000    -0.000850     0.000323    -0.001173 
   30.100000    -0.002272     0.000323    -0.002595 
   30.200000     0.003682     0.000323     0.003359 
   30.300000     0.004956     0.000323     0.004633 
   30.400000     0.003227     0.000323     0.002904 
   30.500000     0.004328     0.000323     0.004005 
   30.600000    -0.001315     0.000323    -0.001638 
   30.700000     0.000366     0.000323     0.000043 
   30.800000     0.000113     0.000323    -0.000210 
   30.900000     0.003282     0.000323     0.002959 
   31.000000    -0.000560     0.000323    -0.000883 
   31.100000    -0.000841     0.000323    -0.001164 
   31.200000    -0.001183     0.000323    -0.001506 
   31.300000     0.003277     0.000323     0.002954 
   31.400000     0.002742     0.000323     0.002419 
   31.500000     0.003764     0.000323     0.003441 
   31.600000    -0.002297     0.000323    -0.002620 
   31.700000     0.001138     0.000323     0.000815 
   31.800000     0.003527     0.000323     0.003204 
   31.900000     0.000255     0.000323    -0.000068 
   32.000000     0.001804     0.000323     0.001481 
   32.100000     0.002820     0.000323     0.002497 
   32.200000     0.001001     0.000323     0.000678 
   32.300000     0.001292     0.000323     0.000969 
   32.400000     0.008526     0.000323     0.008203 
   32.500000     0.002264     0.000323     0.001941 
   32.600000     0.002674     0.000323     0.002351 
   32.700000     0.004961     0.000323     0.004638 
   32.800000     0.004368     0.000323     0.004045 
   32.900000    -0.002000     0.000323    -0.002323 
   33.000000    -0.001489     0.000323    -0.001812 
   33.100000     0.000515     0.000323     0.000192 
   33.200000     0.001549     0.000323     0.001226 
   33.300000     0.001234     0.000323     0.000911 
   33.400000     0.003952     0.000323     0.003629 
   33.500000    -0.001045     0.000323    -0.001368 
   33.600000    -0.002363     0.000323    -0.002686 
   33.700000     0.001443     0.000323     0.001120 
   33.800000     0.000945     0.000323     0.000622 
   33.900000     0.001873     0.000323     0.001550 
   34.000000    -0.000060     0.000323    -0.000383 
   34.100000     0.000386     0.000323     0.000063 
   34.200000    -0.000035     0.000323    -0.000358 
   34.300000     0.003088     0.000323     0.002765 
   34.400000     0.003461     0.000323     0.003138 
   34.500000     0.000768     0.000323     0.000445 
   34.600000     0.001897     0.000323     0.001574 
   34.700000     0.002208     0.000323     0.001885 
   34.800000     0.006729     0.000323     0.006406 
   34.900000     0.004548     0.000323     0.004225 
   35.000000     0.004630     0.000323     0.004307 
   35.100000     0.002430     0.000323     0.002107 
   35.200000     0.000339     0.000323     0.000016 
   35.300000     0.001816     0.000323     0.001493 
   35.400000     0.003129     0.000323     0.002806 
   35.500000     0.000462     0.000323     0.000139 
   35.600000     0.000003     0.000323    -0.000320 
   35.700000    -0.000031     0.000323    -0.000354 
   35.800000     0.001810     0.000323     0.001487 
   35.900000    -0.003406     0.000323    -0.003729 
   36.000000    -0.001219     0.000323    -0.001542 
   36.100000    -0.004934     0.000323    -0.005257 
   36.200000    -0.003333     0.000323    -0.003656 
   36.300000    -0.000830     0.000323    -0.001153 
   36.400000    -0.004436     0.000323    -0.004759 
   36.500000    -0.000996     0.000323    -0.001319 
   36.600000     0.000131     0.000323    -0.000192 
   36.700000    -0.000654     0.000323    -0.000977 
   36.800000     0.001941     0.000323     0.001618 
   36.900000     0.001447     0.000323     0.001124 
   37.000000     0.004307     0.000323     0.003984 
   37.100000     0.002464     0.000323     0.002141 
   37.200000     0.002075     0.000323     0.001752 
   37.300000     0.001280     0.000323     0.000957 
   37.400000     0.002661     0.000323     0.002338 
   37.500000     0.004361     0.000323     0.004038 
   37.600000     0.004832     0.000323     0.004509 
   37.700000     0.005065     0.000323     0.004742 
   37.800000     0.008890     0.000323     0.008567 
   37.900000     0.001457     0.000323     0.001134 
   38.000000     0.001378     0.000323     0.001055 
   38.100000    -0.000488     0.000323    -0.000811 
   38.200000     0.003387     0.000323     0.003064 
   38.300000     0.005117     0.000323     0.004794 
   38.400000     0.002861     0.000323     0.002538 
   38.500000     0.003159     0.000323     0.002836 
   38.600000     0.004471     0.000323     0.004148 
   38.700000     0.005913     0.000323     0.005590 
   38.800000     0.007569     0.000323     0.007246 
   38.900000     0.005470     0.000323     0.005147 
   39.000000     0.003350     0.000323     0.003027 
   39.100000     0.001254     0.000323     0.000931 
   39.200000     0.002552     0.000323     0.002229 
   39.300000     0.002846     0.000323     0.002523 
   39.400000     0.000932     0.000323     0.000609 
   39.500000    -0.002732     0.000323    -0.003055 
   39.600000     0.001698     0.000323     0.001375 
   39.700000     0.001063     0.000323     0.000740 
   39.800000     0.004465     0.000323     0.004142 
   39.900000     0.002964     0.000323     0.002641 
   40.000000     0.002499     0.000323     0.002176 
   40.100000    -0.004275     0.000323    -0.004598 
   40.200000    -0.001410     0.000323    -0.001733 
   40.300000    -0.003450     0.000323    -0.003773 
   40.400000    -0.000684     0.000323    -0.001007 
   40.500000    -0.000976     0.000323    -0.001299 
   40.600000    -0.000973     0.000323    -0.001296 
   40.700000    -0.002446     0.000323    -0.002769 
   40.800000    -0.006704     0.000323    -0.007027 
   40.900000    -0.004685     0.000323    -0.005008 
   41.000000    -0.004000     0.000323    -0.004323 
   41.100000    -0.000618     0.000323    -0.000941 
   41.200000    -0.001698     0.000323    -0.002021 
   41.300000    -0.001255     0.000323    -0.001578 
   41.400000     0.003420     0.000323     0.003097 
   41.500000    -0.000533     0.000323    -0.000856 
   41.600000     0.001867     0.000323     0.001544 
   41.700000     0.001348     0.000323     0.001025 
   41.800000     0.005062     0.000323     0.004739 
   41.900000     0.000457     0.000323     0.000134 
   42.000000     0.000801     0.000323     0.000478 
   42.100000     0.001133     0.000323     0.000810 
   42.200000    -0.001282     0.000323    -0.001605 
   42.300000    -0.004476     0.000323    -0.004799 
   42.400000     0.006833     0.000323     0.006510 
   42.500000     0.003207     0.000323     0.002884 
   42.600000     0.001787     0.000323     0.001464 
   42.700000     0.004715     0.000323     0.004392 
   42.800000    -0.002694     0.000323    -0.003017 
   42.900000    -0.004818     0.000323    -0.005141 
   43.000000    -0.000408     0.000323    -0.000731 
   43.100000     0.003341     0.000323     0.003018 
   43.200000     0.002648     0.000323     0.002325 
   43.300000     0.002460     0.000323     0.002137 
   43.400000     0.004741     0.000323     0.004418 
   43.500000     0.004746     0.000323     0.004423 
   43.600000    -0.000889     0.000323    -0.001212 
   43.700000     0.001740     0.000323     0.001417 
   43.800000     0.001509     0.000323     0.001186 
   43.900000     0.002762     0.000323     0.002439 
   44.000000    -0.000083     0.000323    -0.000406 
   44.100000     0.003463     0.000323     0.003140 
   44.200000     0.002459     0.000323     0.002136 
   44.300000    -0.004540     0.000323    -0.004863 
   44.400000    -0.003015     0.000323    -0.003338 
   44.500000    -0.000039     0.000323    -0.000362 
   44.600000    -0.006624     0.000323    -0.006947 
   44.700000    -0.001019     0.000323    -0.001342 
   44.800000    -0.001504     0.000323    -0.001827 
   44.900000    -0.005920     0.000323    -0.006243 
   45.000000    -0.003416     0.000323    -0.003739 
   45.100000    -0.000679     0.000323    -0.001002 
   45.200000     0.001475     0.000323     0.001152 
   45.300000     0.004080     0.000323     0.003757 
   45.400000     0.001310     0.000323     0.000987 
   45.500000     0.004936     0.000323     0.004613 
   45.600000    -0.000096     0.000323    -0.000419 
   45.700000     0.004075     0.000323     0.003752 
   45.800000     0.009061     0.000323     0.008738 
   45.900000     0.003794     0.000323     0.003471 
   46.000000     0.002937     0.000323     0.002614 
   46.100000     0.006576     0.000323     0.006253 
   46.200000     0.002628     0.000323     0.002305 
   46.300000    -0.000981     0.000323    -0.001304 
   46.400000     0.001513     0.000323     0.001190 
   46.500000    -0.000268     0.000323    -0.000591 
   46.600000    -0.001495     0.000323    -0.001818 
   46.700000    -0.007376     0.000323    -0.007699 
   46.800000    -0.004160     0.000323    -0.004483 
   46.900000    -0.002155     0.000323    -0.002478 
   47.000000    -0.001813     0.000323    -0.002136 
   47.100000    -0.001441     0.000323    -0.001764 
   47.200000    -0.001611     0.000323    -0.001934 
   47.300000    -0.004262     0.000323    -0.004585 
   47.400000    -0.005743     0.000323    -0.006066 
   47.500000     0.007245     0.000323     0.006922 
   47.600000     0.000222     0.000323    -0.000101 
   47.700000     0.000353     0.000323     0.000030 
   47.800000     0.000787     0.000323     0.000464 
   47.900000    -0.002233     0.000323    -0.002556 
   48.000000    -0.007984     0.000323    -0.008307 
   48.100000    -0.003449     0.000323    -0.003772 
   48.200000     0.003498     0.000323     0.003175 
   48.300000     0.002351     0.000323     0.002028 
   48.400000     0.001863     0.000323     0.001540 
   48.500000     0.002970     0.000323     0.002647 
   48.600000     0.000641     0.000323     0.000318 
   48.700000     0.000759     0.000323     0.000436 
   48.800000    -0.001087     0.000323    -0.001410 
   48.900000     0.002354     0.000323     0.002031 
   49.000000    -0.003751     0.000323    -0.004074 
   49.100000     0.002096     0.000323     0.001773 
   49.200000     0.000122     0.000323    -0.000201 
   49.300000     0.002567     0.000323     0.002244 
   49.400000    -0.000310     0.000323    -0.000633 
   49.500000     0.001389     0.000323     0.001066 
   49.600000    -0.001055     0.000323    -0.001378 
   49.700000     0.004513     0.000323     0.004190 
   49.800000     0.001138     0.000323     0.000815 
   49.900000     0.004760     0.000323     0.004437 
   50.000000     0.004413     0.000323     0.004090 
   50.100000     0.004537     0.000323     0.004214 
   50.200000     0.005511     0.000323     0.005188 
   50.300000    -0.004326     0.000323    -0.004649 
   50.400000    -0.005167     0.000323    -0.005490 
   50.500000    -0.010238     0.000323    -0.010561 
   50.600000    -0.001520     0.000323    -0.001843 
   50.700000    -0.000563     0.000323    -0.000886 
   50.800000    -0.001783     0.000323    -0.002106 
   50.900000     0.000119     0.000323    -0.000204 
   51.000000    -0.003862     0.000323    -0.004185 
   51.100000    -0.006407     0.000323    -0.006730 
   51.200000    -0.006007     0.000323    -0.006330 
   51.300000    -0.005932     0.000323    -0.006255 
   51.400000    -0.002539     0.000323    -0.002862 
   51.500000    -0.005373     0.000323    -0.005696 
   51.600000    -0.006057     0.000323    -0.006380 
   51.700000    -0.001366     0.000323    -0.001689 
   51.800000     0.004884     0.000323     0.004561 
   51.900000    -0.001389     0.000323    -0.001712 
   52.000000     0.000895     0.000323     0.000572 
   52.100000     0.000045     0.000323    -0.000278 
   52.200000    -0.000605     0.000323    -0.000928 
   52.300000    -0.000306     0.000323    -0.000629 
   52.400000    -0.002200     0.000323    -0.002523 
   52.500000     0.005151     0.000323     0.004828 
   52.600000     0.004272     0.000323     0.003949 
   52.700000     0.001441     0.000323     0.001118 
   52.800000     0.000226     0.000323    -0.000097 
   52.900000    -0.004727     0.000323    -0.005050 
   53.000000    -0.001937     0.000323    -0.002260 
   53.100000     0.003372     0.000323     0.003049 
   53.200000     0.001678     0.000323     0.001355 
   53.300000    -0.001069     0.000323    -0.001392 
   53.400000    -0.001009     0.000323    -0.001332 
   53.500000    -0.005662     0.000323    -0.005985 
   53.600000    -0.001923     0.000323    -0.002246 
   53.700000    -0.006973     0.000323    -0.007296 
   53.800000     0.000664     0.000323     0.000341 
   53.900000    -0.003148     0.000323    -0.003471 
   54.000000    -0.001504     0.000323    -0.001827 
   54.100000    -0.003806     0.000323    -0.004129 
   54.200000    -0.001559     0.000323    -0.001882 
   54.300000    -0.003404     0.000323    -0.003727 
   54.400000    -0.002345     0.000323    -0.002668 
   54.500000     0.003484     0.000323     0.003161 
   54.600000     0.003651     0.000323     0.003328 
   54.700000     0.002141     0.000323     0.001818 
   54.800000     0.004671     0.000323     0.004348 
   54.900000    -0.000402     0.000323    -0.000725 
   55.000000    -0.002476     0.000323    -0.002799 
   55.100000     0.001273     0.000323     0.000950 
   55.200000    -0.002097     0.000323    -0.002420 
   55.300000     0.004739     0.000323     0.004416 
   55.400000     0.000767     0.000323     0.000444 
   55.500000    -0.004989     0.000323    -0.005312 
   55.600000    -0.001444     0.000323    -0.001767 
   55.700000    -0.003585     0.000323    -0.003908 
   55.800000    -0.004590     0.000323    -0.004913 
   55.900000     0.001313     0.000323     0.000990 
   56.000000     0.000374     0.000323     0.000051 
   56.100000     0.001069     0.000323     0.000746 
   56.200000    -0.004294     0.000323    -0.004617 
   56.300000    -0.000998     0.000323    -0.001321 
   56.400000    -0.001071     0.000323    -0.001394 
   56.500000    -0.003494     0.000323    -0.003817 
   56.600000    -0.000899     0.000323    -0.001222 
   56.700000    -0.002705     0.000323    -0.003028 
   56.800000    -0.003442     0.000323    -0.003765 
   56.900000    -0.002217     0.000323    -0.002540 
   57.000000    -0.000177     0.000323    -0.000500 
   57.100000     0.004392     0.000323     0.004069 
   57.200000     0.000952     0.000323     0.000629 
   57.300000    -0.003994     0.000323    -0.004317 
   57.400000    -0.001717     0.000323    -0.002040 
   57.500000     0.001384     0.000323     0.001061 
   57.600000    -0.002172     0.000323    -0.002495 
   57.700000     0.001685     0.000323     0.001362 
   57.800000     0.002270     0.000323     0.001947 
   57.900000     0.003085     0.000323     0.002762 
   58.000000     0.000665     0.000323     0.000342 
   58.100000     0.000645     0.000323     0.000322 
   58.200000     0.003785     0.000323     0.003462 
   58.300000     0.004776     0.000323     0.004453 
   58.400000     0.000464     0.000323     0.000141 
   58.500000     0.005868     0.000323     0.005545 
   58.600000     0.005611     0.000323     0.005288 
   58.700000    -0.000123     0.000323    -0.000446 
   58.800000     0.000817     0.000323     0.000494 
   58.900000     0.002150     0.000323     0.001827 
   59.000000     0.004503     0.000323     0.004180 
   59.100000     0.000694     0.000323     0.000371 
   59.200000     0.005203     0.000323     0.004880 
   59.300000     0.004073     0.000323     0.003750 
   59.400000     0.006437     0.000323     0.006114 
   59.500000    -0.000136     0.000323    -0.000459 
   59.600000     0.000189     0.000323    -0.000134 
   59.700000     0.002600     0.000323     0.002277 
   59.800000    -0.000679     0.000323    -0.001002 
   59.900000    -0.005443     0.000323    -0.005766 
   60.000000     0.000739     0.000323     0.000416 
   60.100000     0.000501     0.000323     0.000178 
   60.200000    -0.000436     0.000323    -0.000759 
   60.300000    -0.000199     0.000323    -0.000522 
   60.400000     0.000919     0.000323     0.000596 
   60.500000     0.000676     0.000323     0.000353 
   60.600000     0.004992     0.000323     0.004669 
   60.700000     0.003497     0.000323     0.003174 
   60.800000     0.000401     0.000323     0.000078 
   60.900000    -0.002794     0.000323    -0.003117 
   61.000000    -0.001144     0.000323    -0.001467 
   61.100000     0.002352     0.000323     0.002029 
   61.200000     0.002192     0.000323     0.001869 
   61.300000     0.000837     0.000323     0.000514 
   61.400000    -0.001596     0.000323    -0.001919 
   61.500000    -0.002186     0.000323    -0.002509 
   61.600000     0.000829     0.000323     0.000506 
   61.700000     0.001118     0.000323     0.000795 
   61.800000    -0.002237     0.000323    -0.002560 
   61.900000    -0.001583     0.000323    -0.001906 
   62.000000    -0.000106     0.000323    -0.000429 
   62.100000     0.000675     0.000323     0.000352 
   62.200000     0.002971     0.000323     0.002648 
   62.300000    -0.002208     0.000323    -0.002531 
   62.400000     0.000720     0.000323     0.000397 
   62.500000    -0.002364     0.000323    -0.002687 
   62.600000    -0.005417     0.000323    -0.005740 
   62.700000    -0.004387     0.000323    -0.004710 
   62.800000    -0.004639     0.000323    -0.004962 
   62.900000    -0.005005     0.000323    -0.005328 
   63.000000    -0.002004     0.000323    -0.002327 
   63.100000     0.005210     0.000323     0.004887 
   63.200000    -0.000507     0.000323    -0.000830 
   63.300000     0.001706     0.000323     0.001383 
   63.400000     0.002180     0.000323     0.001857 
   63.500000     0.000683     0.000323     0.000360 
   63.600000     0.005982     0.000323     0.005659 
   63.700000    -0.003468     0.000323    -0.003791 
   63.800000    -0.003178     0.000323    -0.003501 
   63.900000    -0.000473     0.000323    -0.000796 
   64.000000    -0.000180     0.000323    -0.000503 
   64.100000    -0.002733     0.000323    -0.003056 
   64.200000     0.001333     0.000323     0.001010 
   64.300000     0.002051     0.000323     0.001728 
   64.400000     0.001883     0.000323     0.001560 
   64.500000     0.001247     0.000323     0.000924 
   64.600000    -0.003767     0.000323    -0.004090 
   64.700000    -0.006630     0.000323    -0.006953 
   64.800000    -0.004895     0.000323    -0.005218 
   64.900000    -0.003623     0.000323    -0.003946 
   65.000000    -0.002599     0.000323    -0.002922 
   65.100000    -0.002886     0.000323    -0.003209 
   65.200000    -0.005952     0.000323    -0.006275 
   65.300000    -0.000829     0.000323    -0.001152 
   65.400000    -0.006348     0.000323    -0.006671 
   65.500000     0.002404     0.000323     0.002081 
   65.600000    -0.004298     0.000323    -0.004621 
   65.700000    -0.006310     0.000323    -0.006633 
   65.800000     0.002242     0.000323     0.001919 
   65.900000     0.003476     0.000323     0.003153 
   66.000000     0.001224     0.000323     0.000901 
   66.100000     0.008039     0.000323     0.007716 
   66.200000     0.003703     0.000323     0.003380 
   66.300000    -0.002976     0.000323    -0.003299 
   66.400000     0.000827     0.000323     0.000504 
   66.500000     0.003478     0.000323     0.003155 
   66.600000     0.003222     0.000323     0.002899 
   66.700000     0.003925     0.000323     0.003602 
   66.800000     0.000599     0.000323     0.000276 
   66.900000     0.005918     0.000323     0.005595 
   67.000000     0.004768     0.000323     0.004445 
   67.100000    -0.001711     0.000323    -0.002034 
   67.200000    -0.000561     0.000323    -0.000884 
   67.300000    -0.000754     0.000323    -0.001077 
   67.400000     0.000658     0.000323     0.000335 
   67.500000     0.001711     0.000323     0.001388 
   67.600000     0.007134     0.000323     0.006811 
   67.700000     0.002395     0.000323     0.002072 
   67.800000     0.001065     0.000323     0.000742 
   67.900000    -0.001303     0.000323    -0.001626 
   68.000000     0.002955     0.000323     0.002632 
   68.100000     0.002888     0.000323     0.002565 
   68.200000     0.002612     0.000323     0.002289 
   68.300000     0.000644     0.000323     0.000321 
   68.400000    -0.004362     0.000323    -0.004685 
   68.500000    -0.005976     0.000323    -0.006299 
   68.600000    -0.003074     0.000323    -0.003397 
   68.700000    -0.001294     0.000323    -0.001617 
   68.800000    -0.002053     0.000323    -0.002376 
   68.900000    -0.000307     0.000323    -0.000630 
   69.000000    -0.001214     0.000323    -0.001537 
   69.100000     0.000706     0.000323     0.000383 
   69.200000    -0.002341     0.000323    -0.002664 
   69.300000    -0.001170     0.000323    -0.001493 
   69.400000     0.003841     0.000323     0.003518 
   69.500000     0.003284     0.000323     0.002961 
   69.600000    -0.000656     0.000323    -0.000979 
   69.700000    -0.001470     0.000323    -0.001793 
   69.800000    -0.006804     0.000323    -0.007127 
   69.900000    -0.005576     0.000323    -0.005899 
   70.000000    -0.000212     0.000323    -0.000535 
   70.100000    -0.002422     0.000323    -0.002745 
   70.200000     0.001457     0.000323     0.001134 
   70.300000    -0.000639     0.000323    -0.000962 
   70.400000     0.003911     0.000323     0.003588 
   70.500000     0.000794     0.000323     0.000471 
   70.600000     0.004934     0.000323     0.004611 
   70.700000    -0.000093     0.000323    -0.000416 
   70.800000     0.000249     0.000323    -0.000074 
   70.900000     0.002845     0.000323     0.002522 
   71.000000     0.003448     0.000323     0.003125 
   71.100000     0.001401     0.000323     0.001078 
   71.200000     0.001079     0.000323     0.000756 
   71.300000    -0.000816     0.000323    -0.001139 
   71.400000    -0.003039     0.000323    -0.003362 
   71.500000     0.002849     0.000323     0.002526 
   71.600000     0.001514     0.000323     0.001191 
   71.700000     0.003482     0.000323     0.003159 
   71.800000     0.002079     0.000323     0.001756 
   71.900000    -0.001338     0.000323    -0.001661 
   72.000000     0.002615     0.000323     0.002292 
   72.100000     0.001431     0.000323     0.001108 
   72.200000    -0.000254     0.000323    -0.000577 
   72.300000     0.004828     0.000323     0.004505 
   72.400000     0.001158     0.000323     0.000835 
   72.500000     0.005892     0.000323     0.005569 
   72.600000     0.002715     0.000323     0.002392 
   72.700000     0.001398     0.000323     0.001075 
   72.800000     0.000984     0.000323     0.000661 
   72.900000     0.001491     0.000323     0.001168 
   73.000000     0.004269     0.000323     0.003946 
   73.100000     0.007097     0.000323     0.006774 
   73.200000     0.002641     0.000323     0.002318 
   73.300000     0.000066     0.000323    -0.000257 
   73.400000     0.002943     0.000323     0.002620 
   73.500000     0.006370     0.000323     0.006047 
   73.600000     0.004405     0.000323     0.004082 
   73.700000     0.002306     0.000323     0.001983 
   73.800000     0.000703     0.000323     0.000380 
   73.900000     0.002394     0.000323     0.002071 
   74.000000     0.002589     0.000323     0.002266 
   74.100000    -0.003727     0.000323    -0.004050 
   74.200000    -0.003705     0.000323    -0.004028 
   74.300000    -0.004728     0.000323    -0.005051 
   74.400000    -0.000712     0.000323    -0.001035 
   74.500000     0.002625     0.000323     0.002302 
   74.600000     0.003666     0.000323     0.003343 
   74.700000     0.005756     0.000323     0.005433 
   74.800000     0.003693     0.000323     0.003370 
   74.900000    -0.002667     0.000323    -0.002990 
   75.000000    -0.000220     0.000323    -0.000543 
   75.100000    -0.005632     0.000323    -0.005955 
   75.200000    -0.004645     0.000323    -0.004968 
   75.300000    -0.008352     0.000323    -0.008675 
   75.400000     0.000801     0.000323     0.000478 
   75.500000     0.005793     0.000323     0.005470 
   75.600000     0.000142     0.000323    -0.000181 
   75.700000    -0.002317     0.000323    -0.002640 
   75.800000    -0.002537     0.000323    -0.002860 
   75.900000    -0.003459     0.000323    -0.003782 
   76.000000     0.001115     0.000323     0.000792 
   76.100000     0.005442     0.000323     0.005119 
   76.200000     0.005406     0.000323     0.005083 
   76.300000     0.005341     0.000323     0.005018 
   76.400000     0.007172     0.000323     0.006849 
   76.500000     0.008798     0.000323     0.008475 
   76.600000     0.005632     0.000323     0.005309 
   76.700000     0.002232     0.000323     0.001909 
   76.800000     0.005895     0.000323     0.005572 
   76.900000    -0.000795     0.000323    -0.001118 
   77.000000     0.004621     0.000323     0.004298 
   77.100000    -0.000585     0.000323    -0.000908 
   77.200000    -0.004876     0.000323    -0.005199 
   77.300000     0.002092     0.000323     0.001769 
   77.400000     0.000843     0.000323     0.000520 
   77.500000    -0.002729     0.000323    -0.003052 
   77.600000    -0.003119     0.000323    -0.003442 
   77.700000     0.001651     0.000323     0.001328 
   77.800000     0.004266     0.000323     0.003943 
   77.900000    -0.000659     0.000323    -0.000982 
   78.000000    -0.000350     0.000323    -0.000673 
   78.100000     0.000558     0.000323     0.000235 
   78.200000    -0.006017     0.000323    -0.006340 
   78.300000    -0.003742     0.000323    -0.004065 
   78.400000     0.003809     0.000323     0.003486 
   78.500000     0.001268     0.000323     0.000945 
   78.600000     0.003949     0.000323     0.003626 
   78.700000     0.004141     0.000323     0.003818 
   78.800000     0.000369     0.000323     0.000046 
   78.900000    -0.000350     0.000323    -0.000673 
   79.000000    -0.004474     0.000323    -0.004797 
   79.100000    -0.000296     0.000323    -0.000619 
   79.200000    -0.001479     0.000323    -0.001802 
   79.300000    -0.002124     0.000323    -0.002447 
   79.400000    -0.006962     0.000323    -0.007285 
   79.500000     0.001911     0.000323     0.001588 
   79.600000    -0.003033     0.000323    -0.003356 
   79.700000    -0.002277     0.000323    -0.002600 
   79.800000     0.004115     0.000323     0.003792 
   79.900000    -0.002323     0.000323    -0.002646 
   80.000000    -0.003858     0.000323    -0.004181 
   80.100000    -0.002802     0.000323    -0.003125 
   80.200000    -0.001320     0.000323    -0.001643 
   80.300000    -0.000804     0.000323    -0.001127 
   80.400000    -0.003251     0.000323    -0.003574 
   80.500000    -0.004562     0.000323    -0.004885 
   80.600000    -0.002768     0.000323    -0.003091 
   80.700000     0.001640     0.000323     0.001317 
   80.800000     0.003561     0.000323     0.003238 
   80.900000     0.002130     0.000323     0.001807 
   81.000000     0.000214     0.000323    -0.000109 
   81.100000    -0.000383     0.000323    -0.000706 
   81.200000    -0.003147     0.000323    -0.003470 
   81.300000     0.003331     0.000323     0.003008 
   81.400000     0.002890     0.000323     0.002567 
   81.500000    -0.001753     0.000323    -0.002076 
   81.600000    -0.004784     0.000323    -0.005107 
   81.700000    -0.006527     0.000323    -0.006850 
   81.800000    -0.001478     0.000323    -0.001801 
   81.900000     0.003082     0.000323     0.002759 
   82.000000     0.002903     0.000323     0.002580 
   82.100000     0.007237     0.000323     0.006914 
   82.200000     0.002797     0.000323     0.002474 
   82.300000     0.003757     0.000323     0.003434 
   82.400000     0.005481     0.000323     0.005158 
   82.500000     0.002480     0.000323     0.002157 
   82.600000    -0.001519     0.000323    -0.001842 
   82.700000    -0.001338     0.000323    -0.001661 
   82.800000    -0.000201     0.000323    -0.000524 
   82.900000    -0.000199     0.000323    -0.000522 
   83.000000     0.005349     0.000323     0.005026 
   83.100000    -0.000617     0.000323    -0.000940 
   83.200000    -0.001325     0.000323    -0.001648 
   83.300000    -0.005014     0.000323    -0.005337 
   83.400000    -0.004184     0.000323    -0.004507 
   83.500000    -0.002534     0.000323    -0.002857 
   83.600000    -0.007685     0.000323    -0.008008 
   83.700000    -0.003590     0.000323    -0.003913 
   83.800000    -0.000528     0.000323    -0.000851 
   83.900000    -0.001875     0.000323    -0.002198 
   84.000000     0.000490     0.000323     0.000167 
   84.100000    -0.000800     0.000323    -0.001123 
   84.200000     0.002473     0.000323     0.002150 
   84.300000     0.003162     0.000323     0.002839 
   84.400000    -0.002749     0.000323    -0.003072 
   84.500000    -0.006222     0.000323    -0.006545 
   84.600000     0.000952     0.000323     0.000629 
   84.700000    -0.001353     0.000323    -0.001676 
   84.800000    -0.000113     0.000323    -0.000436 
   84.900000    -0.004059     0.000323    -0.004382 
   85.000000     0.000690     0.000323     0.000367 
   85.100000     0.002644     0.000323     0.002321 
   85.200000     0.000441     0.000323     0.000118 
   85.300000    -0.000289     0.000323    -0.000612 
   85.400000     0.002936     0.000323     0.002613 
   85.500000     0.003891     0.000323     0.003568 
   85.600000     0.002071     0.000323     0.001748 
   85.700000    -0.001225     0.000323    -0.001548 
   85.800000    -0.001601     0.000323    -0.001924 
   85.900000     0.001900     0.000323     0.001577 
   86.000000    -0.000432     0.000323    -0.000755 
   86.100000     0.001920     0.000323     0.001597 
   86.200000     0.005567     0.000323     0.005244 
   86.300000     0.000043     0.000323    -0.000280 
   86.400000     0.003193     0.000323     0.002870 
   86.500000     0.001835     0.000323     0.001512 
   86.600000     0.003421     0.000323     0.003098 
   86.700000     0.001502     0.000323     0.001179 
   86.800000     0.004674     0.000323     0.004351 
   86.900000    -0.001174     0.000323    -0.001497 
   87.000000    -0.006443     0.000323    -0.006766 
   87.100000    -0.000752     0.000323    -0.001075 
   87.200000     0.000947     0.000323     0.000624 
   87.300000    -0.005787     0.000323    -0.006110 
   87.400000    -0.003814     0.000323    -0.004137 
   87.500000    -0.001692     0.000323    -0.002015 
   87.600000    -0.007638     0.000323    -0.007961 
   87.700000    -0.002965     0.000323    -0.003288 
   87.800000    -0.006276     0.000323    -0.006599 
   87.900000    -0.005754     0.000323    -0.006077 
   88.000000    -0.005404     0.000323    -0.005727 
   88.100000    -0.004803     0.000323    -0.005126 
   88.200000    -0.002970     0.000323    -0.003293 
   88.300000    -0.003954     0.000323    -0.004277 
   88.400000     0.000960     0.000323     0.000637 
   88.500000    -0.002654     0.000323    -0.002977 
   88.600000    -0.006295     0.000323    -0.006618 
   88.700000    -0.007247     0.000323    -0.007570 
   88.800000    -0.004794     0.000323    -0.005117 
   88.900000    -0.011038     0.000323    -0.011361 
   89.000000    -0.011640     0.000323    -0.011963 
   89.100000    -0.005099     0.000323    -0.005422 
   89.200000    -0.002157     0.000323    -0.002480 
   89.300000     0.002797     0.000323     0.002474 
   89.400000    -0.006365     0.000323    -0.006688 
   89.500000    -0.009060     0.000323    -0.009383 
   89.600000    -0.003878     0.000323    -0.004201 
   89.700000     0.002257     0.000323     0.001934 
   89.800000     0.005348     0.000323     0.005025 
   89.900000    -0.005384     0.000323    -0.005707 
   90.000000    -0.008604     0.000323    -0.008927 
   90.100000    -0.004892     0.000323    -0.005215 
   90.200000    -0.003578     0.000323    -0.003901 
   90.300000    -0.000090     0.000323    -0.000413 
   90.400000    -0.007262     0.000323    -0.007585 
   90.500000    -0.006267     0.000323    -0.006590 
   90.600000    -0.008118     0.000323    -0.008441 
   90.700000    -0.004202     0.000323    -0.004525 
   90.800000    -0.004586     0.000323    -0.004909 
   90.900000    -0.002958     0.000323    -0.003281 
   91.000000    -0.007973     0.000323    -0.008296 
   91.100000    -0.002600     0.000323    -0.002923 
   91.200000    -0.007728     0.000323    -0.008051 
   91.300000    -0.001469     0.000323    -0.001792 
   91.400000    -0.007743     0.000323    -0.008066 
   91.500000    -0.000555     0.000323    -0.000878 
   91.600000     0.001149     0.000323     0.000826 
   91.700000    -0.003324     0.000323    -0.003647 
   91.800000    -0.006373     0.000323    -0.006696 
   91.900000    -0.003579     0.000323    -0.003902 
   92.000000    -0.002599     0.000323    -0.002922 
   92.100000     0.000876     0.000323     0.000553 
   92.200000     0.000731     0.000323     0.000408 
   92.300000    -0.000489     0.000323    -0.000812 
   92.400000     0.000291     0.000323    -0.000032 
   92.500000    -0.000257     0.000323    -0.000580 
   92.600000    -0.001098     0.000323    -0.001421 
   92.700000    -0.002304     0.000323    -0.002627 
   92.800000    -0.005217     0.000323    -0.005540 
   92.900000    -0.008511     0.000323    -0.008834 
   93.000000     0.000925     0.000323     0.000602 
   93.100000     0.014448     0.000323     0.014125 
   93.200000     0.001761     0.000323     0.001438 
   93.300000     0.003044     0.000323     0.002721 
   93.400000    -0.006125     0.000323    -0.006448 
   93.500000    -0.000776     0.000323    -0.001099 
   93.600000     0.004515     0.000323     0.004192 
   93.700000    -0.002631     0.000323    -0.002954 
   93.800000    -0.000361     0.000323    -0.000684 
   93.900000     0.002438     0.000323     0.002115 
   94.000000    -0.001376     0.000323    -0.001699 
   94.100000     0.004086     0.000323     0.003763 
   94.200000     0.000434     0.000323     0.000111 
   94.300000     0.004897     0.000323     0.004574 
   94.400000     0.001490     0.000323     0.001167 
   94.500000     0.005664     0.000323     0.005341 
   94.600000    -0.000540     0.000323    -0.000863 
   94.700000     0.002920     0.000323     0.002597 
   94.800000     0.003111     0.000323     0.002788 
   94.900000     0.001500     0.000323     0.001177 
   95.000000     0.010854     0.000323     0.010531 
   95.100000    -0.000928     0.000323    -0.001251 
   95.200000     0.003989     0.000323     0.003666 
   95.300000     0.005514     0.000323     0.005191 
   95.400000     0.003597     0.000323     0.003274 
   95.500000     0.003394     0.000323     0.003071 
   95.600000     0.009056     0.000323     0.008733 
   95.700000     0.012963     0.000323     0.012640 
   95.800000     0.005712     0.000323     0.005389 
   95.900000     0.005637     0.000323     0.005314 
   96.000000     0.004339     0.000323     0.004016 
   96.100000    -0.004181     0.000323    -0.004504 
   96.200000     0.002127     0.000323     0.001804 
   96.300000     0.001544     0.000323     0.001221 
   96.400000    -0.001174     0.000323    -0.001497 
   96.500000    -0.000988     0.000323    -0.001311 
   96.600000    -0.005187     0.000323    -0.005510 
   96.700000    -0.005359     0.000323    -0.005682 
   96.800000    -0.004342     0.000323    -0.004665 
   96.900000    -0.003865     0.000323    -0.004188 
   97.000000     0.000185     0.000323    -0.000138 
   97.100000     0.002125     0.000323     0.001802 
   97.200000    -0.001184     0.000323    -0.001507 
   97.300000    -0.006419     0.000323    -0.006742 
   97.400000     0.002450     0.000323     0.002127 
   97.500000     0.000896     0.000323     0.000573 
   97.600000    -0.003424     0.000323    -0.003747 
   97.700000     0.001227     0.000323     0.000904 
   97.800000     0.002660     0.000323     0.002337 
   97.900000    -0.001467     0.000323    -0.001790 
   98.000000    -0.004254     0.000323    -0.004577 
   98.100000    -0.001144     0.000323    -0.001467 
   98.200000     0.000692     0.000323     0.000369 
   98.300000     0.003221     0.000323     0.002898 
   98.400000     0.003266     0.000323     0.002943 
   98.500000    -0.004735     0.000323    -0.005058 
   98.600000    -0.002275     0.000323    -0.002598 
   98.700000    -0.000253     0.000323    -0.000576 
   98.800000    -0.004399     0.000323    -0.004722 
   98.900000     0.001372     0.000323     0.001049 
   99.000000     0.003287     0.000323     0.002964 
   99.100000     0.000668     0.000323     0.000345 
   99.200000     0.004141     0.000323     0.003818 
   99.300000     0.005030     0.000323     0.004707 
   99.400000     0.000963     0.000323     0.000640 
   99.500000     0.001944     0.000323     0.001621 
   99.600000    -0.002046     0.000323    -0.002369 
   99.700000     0.002810     0.000323     0.002487 
   99.800000    -0.003534     0.000323    -0.003857 
   99.900000     0.004972     0.000323     0.004649 
  100.000000     0.003582     0.000323     0.003259 
