##fit: rolloffp.out
    0.500000     0.026975     0.027624    -0.000649 
    0.600000     0.023580     0.024553    -0.000973 
    0.700000     0.022335     0.021824     0.000511 
    0.800000     0.018501     0.019397    -0.000896 
    0.900000     0.016348     0.017239    -0.000891 
    1.000000     0.018848     0.015321     0.003527 
    1.100000     0.014711     0.013615     0.001096 
    1.200000     0.011417     0.012099    -0.000682 
    1.300000     0.012642     0.010751     0.001891 
    1.400000     0.009945     0.009553     0.000392 
    1.500000     0.004271     0.008487    -0.004216 
    1.600000     0.005315     0.007540    -0.002225 
    1.700000     0.012937     0.006698     0.006239 
    1.800000     0.006672     0.005949     0.000723 
    1.900000     0.005024     0.005283    -0.000259 
    2.000000     0.004532     0.004691    -0.000159 
    2.100000     0.006570     0.004165     0.002405 
    2.200000     0.005684     0.003697     0.001987 
    2.300000     0.003579     0.003282     0.000297 
    2.400000    -0.001704     0.002912    -0.004616 
    2.500000     0.000516     0.002583    -0.002067 
    2.600000     0.004107     0.002291     0.001816 
    2.700000     0.002575     0.002031     0.000544 
    2.800000     0.001761     0.001800    -0.000039 
    2.900000     0.000500     0.001595    -0.001095 
    3.000000    -0.004507     0.001412    -0.005919 
    3.100000    -0.003453     0.001250    -0.004703 
    3.200000    -0.000632     0.001105    -0.001737 
    3.300000     0.002260     0.000977     0.001283 
    3.400000     0.000023     0.000863    -0.000840 
    3.500000     0.000596     0.000762    -0.000166 
    3.600000    -0.004649     0.000671    -0.005320 
    3.700000     0.001438     0.000591     0.000847 
    3.800000    -0.000360     0.000520    -0.000880 
    3.900000     0.001650     0.000457     0.001193 
    4.000000     0.000292     0.000400    -0.000108 
    4.100000     0.002011     0.000350     0.001661 
    4.200000     0.002720     0.000306     0.002414 
    4.300000     0.000433     0.000266     0.000167 
    4.400000     0.000787     0.000231     0.000556 
    4.500000     0.002893     0.000200     0.002693 
    4.600000    -0.000845     0.000172    -0.001017 
    4.700000     0.000473     0.000147     0.000326 
    4.800000     0.003612     0.000125     0.003487 
    4.900000     0.001998     0.000106     0.001892 
    5.000000     0.001381     0.000088     0.001293 
    5.100000     0.002031     0.000073     0.001958 
    5.200000    -0.000001     0.000059    -0.000060 
    5.300000    -0.000159     0.000047    -0.000206 
    5.400000     0.000271     0.000036     0.000235 
    5.500000    -0.000426     0.000026    -0.000452 
    5.600000     0.002805     0.000018     0.002787 
    5.700000     0.002280     0.000010     0.002270 
    5.800000     0.002969     0.000003     0.002966 
    5.900000    -0.000753    -0.000003    -0.000750 
    6.000000     0.001568    -0.000008     0.001576 
    6.100000     0.001018    -0.000013     0.001031 
    6.200000    -0.000028    -0.000017    -0.000011 
    6.300000     0.001046    -0.000021     0.001067 
    6.400000    -0.000152    -0.000024    -0.000128 
    6.500000    -0.000998    -0.000027    -0.000971 
    6.600000     0.000309    -0.000030     0.000339 
    6.700000    -0.000063    -0.000032    -0.000031 
    6.800000    -0.005087    -0.000034    -0.005053 
    6.900000    -0.004463    -0.000036    -0.004427 
    7.000000    -0.006045    -0.000038    -0.006007 
    7.100000    -0.010180    -0.000039    -0.010141 
    7.200000    -0.002317    -0.000041    -0.002276 
    7.300000    -0.002826    -0.000042    -0.002784 
    7.400000    -0.002758    -0.000043    -0.002715 
    7.500000    -0.002010    -0.000044    -0.001966 
    7.600000    -0.005389    -0.000044    -0.005345 
    7.700000    -0.001196    -0.000045    -0.001151 
    7.800000     0.000664    -0.000046     0.000710 
    7.900000     0.000243    -0.000046     0.000289 
    8.000000    -0.002845    -0.000047    -0.002798 
    8.100000     0.002567    -0.000047     0.002614 
    8.200000    -0.001479    -0.000048    -0.001431 
    8.300000    -0.002707    -0.000048    -0.002659 
    8.400000     0.000849    -0.000048     0.000897 
    8.500000    -0.002351    -0.000049    -0.002302 
    8.600000     0.001899    -0.000049     0.001948 
    8.700000     0.001161    -0.000049     0.001210 
    8.800000    -0.000764    -0.000049    -0.000715 
    8.900000     0.002676    -0.000050     0.002726 
    9.000000     0.001981    -0.000050     0.002031 
    9.100000     0.002987    -0.000050     0.003037 
    9.200000     0.001304    -0.000050     0.001354 
    9.300000    -0.001591    -0.000050    -0.001541 
    9.400000     0.003792    -0.000050     0.003842 
    9.500000     0.003423    -0.000050     0.003473 
    9.600000     0.002981    -0.000050     0.003031 
    9.700000     0.004073    -0.000050     0.004123 
    9.800000     0.001143    -0.000051     0.001194 
    9.900000    -0.001676    -0.000051    -0.001625 
   10.000000     0.003868    -0.000051     0.003919 
   10.100000     0.003831    -0.000051     0.003882 
   10.200000     0.003436    -0.000051     0.003487 
   10.300000     0.004205    -0.000051     0.004256 
   10.400000     0.003486    -0.000051     0.003537 
   10.500000    -0.000823    -0.000051    -0.000772 
   10.600000    -0.000930    -0.000051    -0.000879 
   10.700000    -0.003465    -0.000051    -0.003414 
   10.800000    -0.006286    -0.000051    -0.006235 
   10.900000     0.000274    -0.000051     0.000325 
   11.000000     0.001119    -0.000051     0.001170 
   11.100000     0.002764    -0.000051     0.002815 
   11.200000    -0.001622    -0.000051    -0.001571 
   11.300000    -0.000716    -0.000051    -0.000665 
   11.400000    -0.003648    -0.000051    -0.003597 
   11.500000    -0.004106    -0.000051    -0.004055 
   11.600000     0.000238    -0.000051     0.000289 
   11.700000    -0.000421    -0.000051    -0.000370 
   11.800000    -0.002448    -0.000051    -0.002397 
   11.900000    -0.004362    -0.000051    -0.004311 
   12.000000     0.001539    -0.000051     0.001590 
   12.100000     0.000026    -0.000051     0.000077 
   12.200000     0.000326    -0.000051     0.000377 
   12.300000    -0.002036    -0.000051    -0.001985 
   12.400000    -0.000984    -0.000051    -0.000933 
   12.500000    -0.003183    -0.000051    -0.003132 
   12.600000    -0.003444    -0.000051    -0.003393 
   12.700000    -0.000759    -0.000051    -0.000708 
   12.800000     0.001985    -0.000051     0.002036 
   12.900000    -0.000153    -0.000051    -0.000102 
   13.000000    -0.002054    -0.000051    -0.002003 
   13.100000     0.003247    -0.000051     0.003298 
   13.200000     0.003767    -0.000051     0.003818 
   13.300000    -0.000118    -0.000051    -0.000067 
   13.400000    -0.003625    -0.000051    -0.003574 
   13.500000     0.003490    -0.000051     0.003541 
   13.600000     0.000434    -0.000051     0.000485 
   13.700000    -0.000728    -0.000051    -0.000677 
   13.800000     0.000611    -0.000051     0.000662 
   13.900000     0.000473    -0.000051     0.000524 
   14.000000    -0.001765    -0.000051    -0.001714 
   14.100000     0.000405    -0.000051     0.000456 
   14.200000     0.000414    -0.000051     0.000465 
   14.300000    -0.002224    -0.000051    -0.002173 
   14.400000     0.000047    -0.000051     0.000098 
   14.500000    -0.003457    -0.000051    -0.003406 
   14.600000    -0.002089    -0.000051    -0.002038 
   14.700000     0.000711    -0.000051     0.000762 
   14.800000     0.002121    -0.000051     0.002172 
   14.900000    -0.000829    -0.000051    -0.000778 
   15.000000    -0.000495    -0.000051    -0.000444 
   15.100000    -0.000298    -0.000051    -0.000247 
   15.200000     0.000960    -0.000051     0.001011 
   15.300000     0.000319    -0.000051     0.000370 
   15.400000    -0.002853    -0.000051    -0.002802 
   15.500000    -0.001651    -0.000051    -0.001600 
   15.600000     0.001858    -0.000051     0.001909 
   15.700000     0.000223    -0.000051     0.000274 
   15.800000    -0.004076    -0.000051    -0.004025 
   15.900000    -0.002359    -0.000051    -0.002308 
   16.000000     0.000960    -0.000051     0.001011 
   16.100000    -0.003944    -0.000051    -0.003893 
   16.200000    -0.001939    -0.000051    -0.001888 
   16.300000    -0.003212    -0.000051    -0.003161 
   16.400000    -0.001535    -0.000051    -0.001484 
   16.500000    -0.000158    -0.000051    -0.000107 
   16.600000     0.001102    -0.000051     0.001153 
   16.700000    -0.002928    -0.000051    -0.002877 
   16.800000     0.000480    -0.000051     0.000531 
   16.900000     0.002125    -0.000051     0.002176 
   17.000000    -0.004165    -0.000051    -0.004114 
   17.100000    -0.000067    -0.000051    -0.000016 
   17.200000    -0.003808    -0.000051    -0.003757 
   17.300000     0.001400    -0.000051     0.001451 
   17.400000     0.003641    -0.000051     0.003692 
   17.500000    -0.001698    -0.000051    -0.001647 
   17.600000     0.001557    -0.000051     0.001608 
   17.700000    -0.002202    -0.000051    -0.002151 
   17.800000    -0.005762    -0.000051    -0.005711 
   17.900000    -0.004408    -0.000051    -0.004357 
   18.000000    -0.006383    -0.000051    -0.006332 
   18.100000    -0.002672    -0.000051    -0.002621 
   18.200000    -0.000554    -0.000051    -0.000503 
   18.300000     0.001551    -0.000051     0.001602 
   18.400000    -0.001096    -0.000051    -0.001045 
   18.500000    -0.004231    -0.000051    -0.004180 
   18.600000    -0.004986    -0.000051    -0.004935 
   18.700000    -0.004107    -0.000051    -0.004056 
   18.800000    -0.003590    -0.000051    -0.003539 
   18.900000    -0.003977    -0.000051    -0.003926 
   19.000000     0.001893    -0.000051     0.001944 
   19.100000    -0.002562    -0.000051    -0.002511 
   19.200000    -0.002423    -0.000051    -0.002372 
   19.300000     0.001017    -0.000051     0.001068 
   19.400000     0.002839    -0.000051     0.002890 
   19.500000     0.000349    -0.000051     0.000400 
   19.600000    -0.000623    -0.000051    -0.000572 
   19.700000     0.001378    -0.000051     0.001429 
   19.800000     0.000884    -0.000051     0.000935 
   19.900000    -0.003870    -0.000051    -0.003819 
   20.000000    -0.002924    -0.000051    -0.002873 
   20.100000    -0.002534    -0.000051    -0.002483 
   20.200000     0.001318    -0.000051     0.001369 
   20.300000    -0.002735    -0.000051    -0.002684 
   20.400000    -0.000669    -0.000051    -0.000618 
   20.500000    -0.000750    -0.000051    -0.000699 
   20.600000     0.000740    -0.000051     0.000791 
   20.700000     0.002512    -0.000051     0.002563 
   20.800000     0.001017    -0.000051     0.001068 
   20.900000     0.001633    -0.000051     0.001684 
   21.000000    -0.001121    -0.000051    -0.001070 
   21.100000    -0.001884    -0.000051    -0.001833 
   21.200000    -0.005262    -0.000051    -0.005211 
   21.300000    -0.001237    -0.000051    -0.001186 
   21.400000    -0.001399    -0.000051    -0.001348 
   21.500000     0.004748    -0.000051     0.004799 
   21.600000     0.001124    -0.000051     0.001175 
   21.700000    -0.000233    -0.000051    -0.000182 
   21.800000     0.002676    -0.000051     0.002727 
   21.900000     0.002458    -0.000051     0.002509 
   22.000000     0.000442    -0.000051     0.000493 
   22.100000    -0.000712    -0.000051    -0.000661 
   22.200000    -0.001554    -0.000051    -0.001503 
   22.300000    -0.001642    -0.000051    -0.001591 
   22.400000    -0.003458    -0.000051    -0.003407 
   22.500000    -0.001270    -0.000051    -0.001219 
   22.600000    -0.002549    -0.000051    -0.002498 
   22.700000    -0.001681    -0.000051    -0.001630 
   22.800000     0.001245    -0.000051     0.001296 
   22.900000    -0.002951    -0.000051    -0.002900 
   23.000000    -0.004920    -0.000051    -0.004869 
   23.100000    -0.003963    -0.000051    -0.003912 
   23.200000    -0.001045    -0.000051    -0.000994 
   23.300000    -0.003184    -0.000051    -0.003133 
   23.400000     0.002326    -0.000051     0.002377 
   23.500000     0.002338    -0.000051     0.002389 
   23.600000     0.000333    -0.000051     0.000384 
   23.700000    -0.002030    -0.000051    -0.001979 
   23.800000     0.003109    -0.000051     0.003160 
   23.900000     0.002684    -0.000051     0.002735 
   24.000000     0.003427    -0.000051     0.003478 
   24.100000     0.000005    -0.000051     0.000056 
   24.200000     0.003674    -0.000051     0.003725 
   24.300000     0.005765    -0.000051     0.005816 
   24.400000     0.002038    -0.000051     0.002089 
   24.500000     0.006708    -0.000051     0.006759 
   24.600000     0.005258    -0.000051     0.005309 
   24.700000     0.005501    -0.000051     0.005552 
   24.800000     0.006585    -0.000051     0.006636 
   24.900000     0.000773    -0.000051     0.000824 
   25.000000    -0.001081    -0.000051    -0.001030 
   25.100000     0.004260    -0.000051     0.004311 
   25.200000     0.004510    -0.000051     0.004561 
   25.300000    -0.000745    -0.000051    -0.000694 
   25.400000    -0.001239    -0.000051    -0.001188 
   25.500000     0.002897    -0.000051     0.002948 
   25.600000    -0.001676    -0.000051    -0.001625 
   25.700000    -0.001108    -0.000051    -0.001057 
   25.800000     0.000165    -0.000051     0.000216 
   25.900000    -0.000600    -0.000051    -0.000549 
   26.000000     0.001068    -0.000051     0.001119 
   26.100000     0.000978    -0.000051     0.001029 
   26.200000     0.004136    -0.000051     0.004187 
   26.300000    -0.002306    -0.000051    -0.002255 
   26.400000    -0.000404    -0.000051    -0.000353 
   26.500000     0.000774    -0.000051     0.000825 
   26.600000    -0.004085    -0.000051    -0.004034 
   26.700000    -0.000913    -0.000051    -0.000862 
   26.800000    -0.001496    -0.000051    -0.001445 
   26.900000    -0.002942    -0.000051    -0.002891 
   27.000000    -0.002044    -0.000051    -0.001993 
   27.100000    -0.002233    -0.000051    -0.002182 
   27.200000     0.001771    -0.000051     0.001822 
   27.300000     0.001253    -0.000051     0.001304 
   27.400000     0.004269    -0.000051     0.004320 
   27.500000     0.005961    -0.000051     0.006012 
   27.600000    -0.001191    -0.000051    -0.001140 
   27.700000     0.005204    -0.000051     0.005255 
   27.800000     0.001590    -0.000051     0.001641 
   27.900000    -0.002549    -0.000051    -0.002498 
   28.000000     0.002948    -0.000051     0.002999 
   28.100000     0.003000    -0.000051     0.003051 
   28.200000     0.001745    -0.000051     0.001796 
   28.300000     0.000420    -0.000051     0.000471 
   28.400000     0.003090    -0.000051     0.003141 
   28.500000    -0.000710    -0.000051    -0.000659 
   28.600000     0.000858    -0.000051     0.000909 
   28.700000     0.001790    -0.000051     0.001841 
   28.800000     0.001435    -0.000051     0.001486 
   28.900000    -0.001380    -0.000051    -0.001329 
   29.000000    -0.001936    -0.000051    -0.001885 
   29.100000    -0.004486    -0.000051    -0.004435 
   29.200000    -0.001008    -0.000051    -0.000957 
   29.300000     0.000990    -0.000051     0.001041 
   29.400000    -0.003660    -0.000051    -0.003609 
   29.500000    -0.001715    -0.000051    -0.001664 
   29.600000    -0.000651    -0.000051    -0.000600 
   29.700000     0.000516    -0.000051     0.000567 
   29.800000    -0.002686    -0.000051    -0.002635 
   29.900000    -0.003611    -0.000051    -0.003560 
   30.000000    -0.001538    -0.000051    -0.001487 
   30.100000    -0.003214    -0.000051    -0.003163 
   30.200000    -0.001941    -0.000051    -0.001890 
   30.300000     0.002711    -0.000051     0.002762 
   30.400000    -0.001860    -0.000051    -0.001809 
   30.500000    -0.006195    -0.000051    -0.006144 
   30.600000    -0.003675    -0.000051    -0.003624 
   30.700000    -0.007427    -0.000051    -0.007376 
   30.800000    -0.004796    -0.000051    -0.004745 
   30.900000    -0.003915    -0.000051    -0.003864 
   31.000000    -0.006001    -0.000051    -0.005950 
   31.100000    -0.003632    -0.000051    -0.003581 
   31.200000     0.000112    -0.000051     0.000163 
   31.300000     0.001544    -0.000051     0.001595 
   31.400000    -0.003523    -0.000051    -0.003472 
   31.500000    -0.006658    -0.000051    -0.006607 
   31.600000    -0.004151    -0.000051    -0.004100 
   31.700000    -0.000097    -0.000051    -0.000046 
   31.800000    -0.004233    -0.000051    -0.004182 
   31.900000    -0.001714    -0.000051    -0.001663 
   32.000000    -0.001577    -0.000051    -0.001526 
   32.100000    -0.000055    -0.000051    -0.000004 
   32.200000    -0.002701    -0.000051    -0.002650 
   32.300000    -0.000092    -0.000051    -0.000041 
   32.400000     0.002957    -0.000051     0.003008 
   32.500000    -0.000209    -0.000051    -0.000158 
   32.600000    -0.001221    -0.000051    -0.001170 
   32.700000    -0.001741    -0.000051    -0.001690 
   32.800000     0.007840    -0.000051     0.007891 
   32.900000     0.002992    -0.000051     0.003043 
   33.000000     0.005845    -0.000051     0.005896 
   33.100000     0.004137    -0.000051     0.004188 
   33.200000     0.000762    -0.000051     0.000813 
   33.300000     0.000921    -0.000051     0.000972 
   33.400000     0.000866    -0.000051     0.000917 
   33.500000     0.002265    -0.000051     0.002316 
   33.600000     0.000187    -0.000051     0.000238 
   33.700000     0.000463    -0.000051     0.000514 
   33.800000    -0.002234    -0.000051    -0.002183 
   33.900000     0.001117    -0.000051     0.001168 
   34.000000    -0.000748    -0.000051    -0.000697 
   34.100000    -0.000119    -0.000051    -0.000068 
   34.200000     0.002329    -0.000051     0.002380 
   34.300000     0.001669    -0.000051     0.001720 
   34.400000    -0.000595    -0.000051    -0.000544 
   34.500000    -0.001277    -0.000051    -0.001226 
   34.600000    -0.004165    -0.000051    -0.004114 
   34.700000    -0.005287    -0.000051    -0.005236 
   34.800000     0.000203    -0.000051     0.000254 
   34.900000     0.001107    -0.000051     0.001158 
   35.000000     0.000697    -0.000051     0.000748 
   35.100000    -0.002274    -0.000051    -0.002223 
   35.200000    -0.002892    -0.000051    -0.002841 
   35.300000     0.000113    -0.000051     0.000164 
   35.400000     0.002173    -0.000051     0.002224 
   35.500000     0.005984    -0.000051     0.006035 
   35.600000     0.005163    -0.000051     0.005214 
   35.700000     0.003753    -0.000051     0.003804 
   35.800000    -0.003000    -0.000051    -0.002949 
   35.900000    -0.004329    -0.000051    -0.004278 
   36.000000     0.000190    -0.000051     0.000241 
   36.100000    -0.004358    -0.000051    -0.004307 
   36.200000     0.001886    -0.000051     0.001937 
   36.300000     0.000366    -0.000051     0.000417 
   36.400000    -0.000340    -0.000051    -0.000289 
   36.500000    -0.000031    -0.000051     0.000020 
   36.600000     0.000522    -0.000051     0.000573 
   36.700000     0.001549    -0.000051     0.001600 
   36.800000     0.000825    -0.000051     0.000876 
   36.900000    -0.004108    -0.000051    -0.004057 
   37.000000    -0.004203    -0.000051    -0.004152 
   37.100000    -0.004099    -0.000051    -0.004048 
   37.200000    -0.006223    -0.000051    -0.006172 
   37.300000    -0.004258    -0.000051    -0.004207 
   37.400000    -0.004542    -0.000051    -0.004491 
   37.500000    -0.002375    -0.000051    -0.002324 
   37.600000     0.000485    -0.000051     0.000536 
   37.700000    -0.001350    -0.000051    -0.001299 
   37.800000     0.000699    -0.000051     0.000750 
   37.900000     0.002790    -0.000051     0.002841 
   38.000000    -0.002267    -0.000051    -0.002216 
   38.100000    -0.001335    -0.000051    -0.001284 
   38.200000     0.001421    -0.000051     0.001472 
   38.300000    -0.005165    -0.000051    -0.005114 
   38.400000    -0.005455    -0.000051    -0.005404 
   38.500000    -0.001415    -0.000051    -0.001364 
   38.600000     0.002832    -0.000051     0.002883 
   38.700000    -0.000194    -0.000051    -0.000143 
   38.800000    -0.000415    -0.000051    -0.000364 
   38.900000    -0.001304    -0.000051    -0.001253 
   39.000000    -0.000799    -0.000051    -0.000748 
   39.100000     0.001243    -0.000051     0.001294 
   39.200000     0.005675    -0.000051     0.005726 
   39.300000    -0.000924    -0.000051    -0.000873 
   39.400000     0.000258    -0.000051     0.000309 
   39.500000    -0.001632    -0.000051    -0.001581 
   39.600000     0.001959    -0.000051     0.002010 
   39.700000    -0.003266    -0.000051    -0.003215 
   39.800000     0.001548    -0.000051     0.001599 
   39.900000     0.002495    -0.000051     0.002546 
   40.000000     0.002208    -0.000051     0.002259 
   40.100000     0.003622    -0.000051     0.003673 
   40.200000    -0.000260    -0.000051    -0.000209 
   40.300000     0.001681    -0.000051     0.001732 
   40.400000     0.000256    -0.000051     0.000307 
   40.500000     0.005500    -0.000051     0.005551 
   40.600000     0.001528    -0.000051     0.001579 
   40.700000     0.000393    -0.000051     0.000444 
   40.800000     0.000223    -0.000051     0.000274 
   40.900000     0.003292    -0.000051     0.003343 
   41.000000     0.004827    -0.000051     0.004878 
   41.100000    -0.004161    -0.000051    -0.004110 
   41.200000    -0.001528    -0.000051    -0.001477 
   41.300000     0.000285    -0.000051     0.000336 
   41.400000    -0.001861    -0.000051    -0.001810 
   41.500000    -0.000569    -0.000051    -0.000518 
   41.600000     0.000254    -0.000051     0.000305 
   41.700000     0.000082    -0.000051     0.000133 
   41.800000     0.001882    -0.000051     0.001933 
   41.900000    -0.001794    -0.000051    -0.001743 
   42.000000     0.004768    -0.000051     0.004819 
   42.100000     0.000884    -0.000051     0.000935 
   42.200000    -0.000651    -0.000051    -0.000600 
   42.300000    -0.001965    -0.000051    -0.001914 
   42.400000     0.001623    -0.000051     0.001674 
   42.500000     0.002200    -0.000051     0.002251 
   42.600000     0.003553    -0.000051     0.003604 
   42.700000     0.004034    -0.000051     0.004085 
   42.800000     0.002041    -0.000051     0.002092 
   42.900000    -0.001537    -0.000051    -0.001486 
   43.000000    -0.003573    -0.000051    -0.003522 
   43.100000    -0.002488    -0.000051    -0.002437 
   43.200000    -0.004476    -0.000051    -0.004425 
   43.300000    -0.003404    -0.000051    -0.003353 
   43.400000    -0.000955    -0.000051    -0.000904 
   43.500000    -0.006452    -0.000051    -0.006401 
   43.600000    -0.002332    -0.000051    -0.002281 
   43.700000     0.000834    -0.000051     0.000885 
   43.800000    -0.002712    -0.000051    -0.002661 
   43.900000     0.000183    -0.000051     0.000234 
   44.000000     0.001781    -0.000051     0.001832 
   44.100000     0.003566    -0.000051     0.003617 
   44.200000     0.002776    -0.000051     0.002827 
   44.300000     0.003197    -0.000051     0.003248 
   44.400000     0.003780    -0.000051     0.003831 
   44.500000     0.001050    -0.000051     0.001101 
   44.600000    -0.002150    -0.000051    -0.002099 
   44.700000    -0.001964    -0.000051    -0.001913 
   44.800000    -0.000016    -0.000051     0.000035 
   44.900000     0.002318    -0.000051     0.002369 
   45.000000     0.003083    -0.000051     0.003134 
   45.100000    -0.001787    -0.000051    -0.001736 
   45.200000    -0.000021    -0.000051     0.000030 
   45.300000     0.003439    -0.000051     0.003490 
   45.400000     0.002169    -0.000051     0.002220 
   45.500000     0.001786    -0.000051     0.001837 
   45.600000     0.002088    -0.000051     0.002139 
   45.700000     0.003612    -0.000051     0.003663 
   45.800000    -0.000586    -0.000051    -0.000535 
   45.900000    -0.002422    -0.000051    -0.002371 
   46.000000    -0.001993    -0.000051    -0.001942 
   46.100000    -0.001080    -0.000051    -0.001029 
   46.200000    -0.002110    -0.000051    -0.002059 
   46.300000    -0.004557    -0.000051    -0.004506 
   46.400000     0.000415    -0.000051     0.000466 
   46.500000     0.002822    -0.000051     0.002873 
   46.600000     0.001720    -0.000051     0.001771 
   46.700000     0.005083    -0.000051     0.005134 
   46.800000     0.005181    -0.000051     0.005232 
   46.900000     0.004596    -0.000051     0.004647 
   47.000000     0.001014    -0.000051     0.001065 
   47.100000    -0.002004    -0.000051    -0.001953 
   47.200000    -0.000984    -0.000051    -0.000933 
   47.300000     0.001139    -0.000051     0.001190 
   47.400000     0.002340    -0.000051     0.002391 
   47.500000    -0.002287    -0.000051    -0.002236 
   47.600000    -0.000032    -0.000051     0.000019 
   47.700000     0.001766    -0.000051     0.001817 
   47.800000     0.000017    -0.000051     0.000068 
   47.900000    -0.000990    -0.000051    -0.000939 
   48.000000    -0.003298    -0.000051    -0.003247 
   48.100000    -0.000843    -0.000051    -0.000792 
   48.200000     0.002619    -0.000051     0.002670 
   48.300000    -0.000099    -0.000051    -0.000048 
   48.400000     0.003145    -0.000051     0.003196 
   48.500000     0.003847    -0.000051     0.003898 
   48.600000     0.001404    -0.000051     0.001455 
   48.700000    -0.003681    -0.000051    -0.003630 
   48.800000    -0.003913    -0.000051    -0.003862 
   48.900000    -0.001553    -0.000051    -0.001502 
   49.000000    -0.000173    -0.000051    -0.000122 
   49.100000    -0.003027    -0.000051    -0.002976 
   49.200000     0.000211    -0.000051     0.000262 
   49.300000    -0.002926    -0.000051    -0.002875 
   49.400000    -0.002368    -0.000051    -0.002317 
   49.500000    -0.003925    -0.000051    -0.003874 
   49.600000    -0.004903    -0.000051    -0.004852 
   49.700000    -0.002994    -0.000051    -0.002943 
   49.800000    -0.003832    -0.000051    -0.003781 
   49.900000    -0.003035    -0.000051    -0.002984 
   50.000000    -0.003398    -0.000051    -0.003347 
   50.100000    -0.002285    -0.000051    -0.002234 
   50.200000    -0.007074    -0.000051    -0.007023 
   50.300000    -0.011675    -0.000051    -0.011624 
   50.400000    -0.004034    -0.000051    -0.003983 
   50.500000     0.000586    -0.000051     0.000637 
   50.600000    -0.002083    -0.000051    -0.002032 
   50.700000    -0.001283    -0.000051    -0.001232 
   50.800000     0.000628    -0.000051     0.000679 
   50.900000     0.003187    -0.000051     0.003238 
   51.000000    -0.000601    -0.000051    -0.000550 
   51.100000    -0.003034    -0.000051    -0.002983 
   51.200000    -0.004780    -0.000051    -0.004729 
   51.300000    -0.002879    -0.000051    -0.002828 
   51.400000    -0.003330    -0.000051    -0.003279 
   51.500000     0.003402    -0.000051     0.003453 
   51.600000     0.001977    -0.000051     0.002028 
   51.700000     0.002988    -0.000051     0.003039 
   51.800000     0.002792    -0.000051     0.002843 
   51.900000     0.003829    -0.000051     0.003880 
   52.000000     0.003304    -0.000051     0.003355 
   52.100000     0.000940    -0.000051     0.000991 
   52.200000     0.004495    -0.000051     0.004546 
   52.300000     0.005629    -0.000051     0.005680 
   52.400000     0.004575    -0.000051     0.004626 
   52.500000    -0.002495    -0.000051    -0.002444 
   52.600000    -0.000706    -0.000051    -0.000655 
   52.700000    -0.000261    -0.000051    -0.000210 
   52.800000     0.004204    -0.000051     0.004255 
   52.900000    -0.001555    -0.000051    -0.001504 
   53.000000    -0.002821    -0.000051    -0.002770 
   53.100000    -0.003345    -0.000051    -0.003294 
   53.200000     0.000729    -0.000051     0.000780 
   53.300000     0.005391    -0.000051     0.005442 
   53.400000     0.002579    -0.000051     0.002630 
   53.500000    -0.002961    -0.000051    -0.002910 
   53.600000    -0.001178    -0.000051    -0.001127 
   53.700000     0.000405    -0.000051     0.000456 
   53.800000     0.001004    -0.000051     0.001055 
   53.900000    -0.001530    -0.000051    -0.001479 
   54.000000    -0.001794    -0.000051    -0.001743 
   54.100000    -0.003169    -0.000051    -0.003118 
   54.200000    -0.007150    -0.000051    -0.007099 
   54.300000    -0.000670    -0.000051    -0.000619 
   54.400000     0.000840    -0.000051     0.000891 
   54.500000     0.000162    -0.000051     0.000213 
   54.600000     0.000374    -0.000051     0.000425 
   54.700000    -0.003498    -0.000051    -0.003447 
   54.800000    -0.004531    -0.000051    -0.004480 
   54.900000    -0.001310    -0.000051    -0.001259 
   55.000000    -0.005723    -0.000051    -0.005672 
   55.100000     0.001841    -0.000051     0.001892 
   55.200000     0.000054    -0.000051     0.000105 
   55.300000    -0.001982    -0.000051    -0.001931 
   55.400000    -0.001883    -0.000051    -0.001832 
   55.500000     0.001081    -0.000051     0.001132 
   55.600000     0.001123    -0.000051     0.001174 
   55.700000    -0.001966    -0.000051    -0.001915 
   55.800000    -0.001048    -0.000051    -0.000997 
   55.900000    -0.000742    -0.000051    -0.000691 
   56.000000    -0.000179    -0.000051    -0.000128 
   56.100000    -0.001551    -0.000051    -0.001500 
   56.200000    -0.002357    -0.000051    -0.002306 
   56.300000    -0.004836    -0.000051    -0.004785 
   56.400000    -0.000311    -0.000051    -0.000260 
   56.500000     0.002537    -0.000051     0.002588 
   56.600000     0.001833    -0.000051     0.001884 
   56.700000    -0.005384    -0.000051    -0.005333 
   56.800000    -0.000070    -0.000051    -0.000019 
   56.900000    -0.003225    -0.000051    -0.003174 
   57.000000    -0.003808    -0.000051    -0.003757 
   57.100000    -0.003777    -0.000051    -0.003726 
   57.200000     0.007793    -0.000051     0.007844 
   57.300000     0.002212    -0.000051     0.002263 
   57.400000     0.001519    -0.000051     0.001570 
   57.500000     0.004335    -0.000051     0.004386 
   57.600000    -0.001771    -0.000051    -0.001720 
   57.700000    -0.004337    -0.000051    -0.004286 
   57.800000    -0.004944    -0.000051    -0.004893 
   57.900000    -0.001919    -0.000051    -0.001868 
   58.000000     0.001361    -0.000051     0.001412 
   58.100000     0.004788    -0.000051     0.004839 
   58.200000    -0.001315    -0.000051    -0.001264 
   58.300000    -0.001631    -0.000051    -0.001580 
   58.400000    -0.005606    -0.000051    -0.005555 
   58.500000    -0.001368    -0.000051    -0.001317 
   58.600000    -0.004374    -0.000051    -0.004323 
   58.700000    -0.005953    -0.000051    -0.005902 
   58.800000     0.001514    -0.000051     0.001565 
   58.900000     0.004250    -0.000051     0.004301 
   59.000000    -0.000766    -0.000051    -0.000715 
   59.100000    -0.004569    -0.000051    -0.004518 
   59.200000    -0.002934    -0.000051    -0.002883 
   59.300000    -0.001512    -0.000051    -0.001461 
   59.400000    -0.004625    -0.000051    -0.004574 
   59.500000    -0.002008    -0.000051    -0.001957 
   59.600000    -0.004768    -0.000051    -0.004717 
   59.700000    -0.004287    -0.000051    -0.004236 
   59.800000    -0.003540    -0.000051    -0.003489 
   59.900000    -0.005295    -0.000051    -0.005244 
   60.000000    -0.001322    -0.000051    -0.001271 
   60.100000     0.001645    -0.000051     0.001696 
   60.200000    -0.000021    -0.000051     0.000030 
   60.300000    -0.001947    -0.000051    -0.001896 
   60.400000    -0.004946    -0.000051    -0.004895 
   60.500000     0.000981    -0.000051     0.001032 
   60.600000     0.004918    -0.000051     0.004969 
   60.700000     0.004877    -0.000051     0.004928 
   60.800000     0.000440    -0.000051     0.000491 
   60.900000    -0.001256    -0.000051    -0.001205 
   61.000000     0.006746    -0.000051     0.006797 
   61.100000     0.006816    -0.000051     0.006867 
   61.200000     0.006815    -0.000051     0.006866 
   61.300000     0.003421    -0.000051     0.003472 
   61.400000     0.000949    -0.000051     0.001000 
   61.500000     0.002877    -0.000051     0.002928 
   61.600000     0.002890    -0.000051     0.002941 
   61.700000     0.003194    -0.000051     0.003245 
   61.800000     0.000379    -0.000051     0.000430 
   61.900000     0.001717    -0.000051     0.001768 
   62.000000    -0.002148    -0.000051    -0.002097 
   62.100000     0.002380    -0.000051     0.002431 
   62.200000     0.004526    -0.000051     0.004577 
   62.300000     0.007493    -0.000051     0.007544 
   62.400000     0.002512    -0.000051     0.002563 
   62.500000    -0.005530    -0.000051    -0.005479 
   62.600000    -0.000769    -0.000051    -0.000718 
   62.700000    -0.005938    -0.000051    -0.005887 
   62.800000    -0.003749    -0.000051    -0.003698 
   62.900000    -0.004035    -0.000051    -0.003984 
   63.000000    -0.000870    -0.000051    -0.000819 
   63.100000    -0.002175    -0.000051    -0.002124 
   63.200000    -0.003432    -0.000051    -0.003381 
   63.300000    -0.004194    -0.000051    -0.004143 
   63.400000    -0.001625    -0.000051    -0.001574 
   63.500000    -0.004267    -0.000051    -0.004216 
   63.600000     0.000778    -0.000051     0.000829 
   63.700000     0.001243    -0.000051     0.001294 
   63.800000     0.003915    -0.000051     0.003966 
   63.900000    -0.004579    -0.000051    -0.004528 
   64.000000    -0.002952    -0.000051    -0.002901 
   64.100000     0.001529    -0.000051     0.001580 
   64.200000    -0.003287    -0.000051    -0.003236 
   64.300000     0.001909    -0.000051     0.001960 
   64.400000     0.003622    -0.000051     0.003673 
   64.500000     0.005468    -0.000051     0.005519 
   64.600000     0.007930    -0.000051     0.007981 
   64.700000     0.003354    -0.000051     0.003405 
   64.800000     0.002196    -0.000051     0.002247 
   64.900000     0.002386    -0.000051     0.002437 
   65.000000     0.001086    -0.000051     0.001137 
   65.100000     0.002310    -0.000051     0.002361 
   65.200000     0.000890    -0.000051     0.000941 
   65.300000    -0.002641    -0.000051    -0.002590 
   65.400000     0.008205    -0.000051     0.008256 
   65.500000     0.003231    -0.000051     0.003282 
   65.600000     0.006149    -0.000051     0.006200 
   65.700000     0.003782    -0.000051     0.003833 
   65.800000    -0.000716    -0.000051    -0.000665 
   65.900000     0.006950    -0.000051     0.007001 
   66.000000     0.005678    -0.000051     0.005729 
   66.100000     0.000827    -0.000051     0.000878 
   66.200000     0.000947    -0.000051     0.000998 
   66.300000     0.003446    -0.000051     0.003497 
   66.400000    -0.000246    -0.000051    -0.000195 
   66.500000    -0.001753    -0.000051    -0.001702 
   66.600000     0.001935    -0.000051     0.001986 
   66.700000     0.005022    -0.000051     0.005073 
   66.800000     0.003356    -0.000051     0.003407 
   66.900000     0.001984    -0.000051     0.002035 
   67.000000    -0.001302    -0.000051    -0.001251 
   67.100000    -0.002913    -0.000051    -0.002862 
   67.200000     0.003122    -0.000051     0.003173 
   67.300000     0.003534    -0.000051     0.003585 
   67.400000     0.002227    -0.000051     0.002278 
   67.500000     0.001709    -0.000051     0.001760 
   67.600000    -0.000873    -0.000051    -0.000822 
   67.700000     0.001987    -0.000051     0.002038 
   67.800000     0.003193    -0.000051     0.003244 
   67.900000    -0.000411    -0.000051    -0.000360 
   68.000000    -0.001258    -0.000051    -0.001207 
   68.100000    -0.002613    -0.000051    -0.002562 
   68.200000    -0.008531    -0.000051    -0.008480 
   68.300000    -0.004032    -0.000051    -0.003981 
   68.400000    -0.001219    -0.000051    -0.001168 
   68.500000    -0.003360    -0.000051    -0.003309 
   68.600000    -0.007557    -0.000051    -0.007506 
   68.700000    -0.003125    -0.000051    -0.003074 
   68.800000     0.001479    -0.000051     0.001530 
   68.900000    -0.001502    -0.000051    -0.001451 
   69.000000    -0.004306    -0.000051    -0.004255 
   69.100000    -0.005604    -0.000051    -0.005553 
   69.200000    -0.000396    -0.000051    -0.000345 
   69.300000    -0.003660    -0.000051    -0.003609 
   69.400000    -0.001547    -0.000051    -0.001496 
   69.500000    -0.002107    -0.000051    -0.002056 
   69.600000     0.005782    -0.000051     0.005833 
   69.700000    -0.000229    -0.000051    -0.000178 
   69.800000    -0.002827    -0.000051    -0.002776 
   69.900000    -0.002599    -0.000051    -0.002548 
   70.000000    -0.001225    -0.000051    -0.001174 
   70.100000     0.001222    -0.000051     0.001273 
   70.200000    -0.000059    -0.000051    -0.000008 
   70.300000     0.000688    -0.000051     0.000739 
   70.400000     0.003436    -0.000051     0.003487 
   70.500000     0.001198    -0.000051     0.001249 
   70.600000    -0.001015    -0.000051    -0.000964 
   70.700000    -0.003088    -0.000051    -0.003037 
   70.800000    -0.007169    -0.000051    -0.007118 
   70.900000    -0.001859    -0.000051    -0.001808 
   71.000000     0.001502    -0.000051     0.001553 
   71.100000     0.002056    -0.000051     0.002107 
   71.200000     0.005285    -0.000051     0.005336 
   71.300000    -0.000130    -0.000051    -0.000079 
   71.400000     0.000754    -0.000051     0.000805 
   71.500000     0.000359    -0.000051     0.000410 
   71.600000     0.002467    -0.000051     0.002518 
   71.700000    -0.000912    -0.000051    -0.000861 
   71.800000    -0.001492    -0.000051    -0.001441 
   71.900000    -0.000791    -0.000051    -0.000740 
   72.000000     0.003818    -0.000051     0.003869 
   72.100000     0.002677    -0.000051     0.002728 
   72.200000    -0.000292    -0.000051    -0.000241 
   72.300000    -0.000803    -0.000051    -0.000752 
   72.400000     0.004485    -0.000051     0.004536 
   72.500000     0.000428    -0.000051     0.000479 
   72.600000     0.001104    -0.000051     0.001155 
   72.700000    -0.004895    -0.000051    -0.004844 
   72.800000    -0.002238    -0.000051    -0.002187 
   72.900000    -0.000889    -0.000051    -0.000838 
   73.000000     0.000382    -0.000051     0.000433 
   73.100000    -0.003036    -0.000051    -0.002985 
   73.200000    -0.000177    -0.000051    -0.000126 
   73.300000    -0.000319    -0.000051    -0.000268 
   73.400000     0.002981    -0.000051     0.003032 
   73.500000     0.003741    -0.000051     0.003792 
   73.600000     0.000903    -0.000051     0.000954 
   73.700000    -0.003549    -0.000051    -0.003498 
   73.800000     0.000827    -0.000051     0.000878 
   73.900000     0.004997    -0.000051     0.005048 
   74.000000     0.002353    -0.000051     0.002404 
   74.100000     0.001776    -0.000051     0.001827 
   74.200000     0.003538    -0.000051     0.003589 
   74.300000     0.003842    -0.000051     0.003893 
   74.400000     0.007297    -0.000051     0.007348 
   74.500000     0.003313    -0.000051     0.003364 
   74.600000    -0.002723    -0.000051    -0.002672 
   74.700000     0.004030    -0.000051     0.004081 
   74.800000     0.004764    -0.000051     0.004815 
   74.900000    -0.002456    -0.000051    -0.002405 
   75.000000    -0.002998    -0.000051    -0.002947 
   75.100000     0.006090    -0.000051     0.006141 
   75.200000     0.006246    -0.000051     0.006297 
   75.300000     0.004593    -0.000051     0.004644 
   75.400000     0.004714    -0.000051     0.004765 
   75.500000     0.007211    -0.000051     0.007262 
   75.600000     0.002719    -0.000051     0.002770 
   75.700000     0.002610    -0.000051     0.002661 
   75.800000     0.003679    -0.000051     0.003730 
   75.900000     0.001740    -0.000051     0.001791 
   76.000000     0.006638    -0.000051     0.006689 
   76.100000     0.008096    -0.000051     0.008147 
   76.200000     0.007818    -0.000051     0.007869 
   76.300000     0.006728    -0.000051     0.006779 
   76.400000     0.004242    -0.000051     0.004293 
   76.500000     0.005710    -0.000051     0.005761 
   76.600000     0.006628    -0.000051     0.006679 
   76.700000     0.003285    -0.000051     0.003336 
   76.800000     0.007243    -0.000051     0.007294 
   76.900000     0.004778    -0.000051     0.004829 
   77.000000    -0.000729    -0.000051    -0.000678 
   77.100000     0.001534    -0.000051     0.001585 
   77.200000     0.002742    -0.000051     0.002793 
   77.300000     0.004697    -0.000051     0.004748 
   77.400000    -0.004448    -0.000051    -0.004397 
   77.500000    -0.007229    -0.000051    -0.007178 
   77.600000    -0.003419    -0.000051    -0.003368 
   77.700000    -0.005554    -0.000051    -0.005503 
   77.800000    -0.001607    -0.000051    -0.001556 
   77.900000     0.000305    -0.000051     0.000356 
   78.000000     0.004921    -0.000051     0.004972 
   78.100000     0.000131    -0.000051     0.000182 
   78.200000     0.004639    -0.000051     0.004690 
   78.300000    -0.004857    -0.000051    -0.004806 
   78.400000    -0.002543    -0.000051    -0.002492 
   78.500000    -0.000189    -0.000051    -0.000138 
   78.600000    -0.002023    -0.000051    -0.001972 
   78.700000    -0.001300    -0.000051    -0.001249 
   78.800000    -0.000213    -0.000051    -0.000162 
   78.900000    -0.000257    -0.000051    -0.000206 
   79.000000    -0.003041    -0.000051    -0.002990 
   79.100000    -0.000073    -0.000051    -0.000022 
   79.200000    -0.004560    -0.000051    -0.004509 
   79.300000    -0.001962    -0.000051    -0.001911 
   79.400000    -0.000079    -0.000051    -0.000028 
   79.500000     0.001699    -0.000051     0.001750 
   79.600000     0.006374    -0.000051     0.006425 
   79.700000     0.004915    -0.000051     0.004966 
   79.800000    -0.003422    -0.000051    -0.003371 
   79.900000    -0.006368    -0.000051    -0.006317 
   80.000000    -0.001658    -0.000051    -0.001607 
   80.100000     0.001920    -0.000051     0.001971 
   80.200000     0.001887    -0.000051     0.001938 
   80.300000    -0.001991    -0.000051    -0.001940 
   80.400000    -0.002204    -0.000051    -0.002153 
   80.500000    -0.004020    -0.000051    -0.003969 
   80.600000    -0.004095    -0.000051    -0.004044 
   80.700000    -0.002404    -0.000051    -0.002353 
   80.800000     0.000922    -0.000051     0.000973 
   80.900000    -0.004268    -0.000051    -0.004217 
   81.000000    -0.004681    -0.000051    -0.004630 
   81.100000    -0.002580    -0.000051    -0.002529 
   81.200000    -0.004628    -0.000051    -0.004577 
   81.300000    -0.003596    -0.000051    -0.003545 
   81.400000     0.002842    -0.000051     0.002893 
   81.500000    -0.002502    -0.000051    -0.002451 
   81.600000     0.000267    -0.000051     0.000318 
   81.700000     0.002735    -0.000051     0.002786 
   81.800000    -0.002674    -0.000051    -0.002623 
   81.900000    -0.000612    -0.000051    -0.000561 
   82.000000    -0.000322    -0.000051    -0.000271 
   82.100000     0.001887    -0.000051     0.001938 
   82.200000     0.004941    -0.000051     0.004992 
   82.300000     0.002534    -0.000051     0.002585 
   82.400000     0.000458    -0.000051     0.000509 
   82.500000    -0.003762    -0.000051    -0.003711 
   82.600000    -0.005205    -0.000051    -0.005154 
   82.700000     0.001371    -0.000051     0.001422 
   82.800000    -0.002230    -0.000051    -0.002179 
   82.900000     0.003629    -0.000051     0.003680 
   83.000000    -0.003101    -0.000051    -0.003050 
   83.100000    -0.002924    -0.000051    -0.002873 
   83.200000    -0.001051    -0.000051    -0.001000 
   83.300000    -0.003820    -0.000051    -0.003769 
   83.400000    -0.001431    -0.000051    -0.001380 
   83.500000    -0.002137    -0.000051    -0.002086 
   83.600000    -0.005456    -0.000051    -0.005405 
   83.700000    -0.005067    -0.000051    -0.005016 
   83.800000    -0.010190    -0.000051    -0.010139 
   83.900000    -0.008225    -0.000051    -0.008174 
   84.000000    -0.000724    -0.000051    -0.000673 
   84.100000    -0.001905    -0.000051    -0.001854 
   84.200000    -0.003957    -0.000051    -0.003906 
   84.300000     0.000875    -0.000051     0.000926 
   84.400000     0.008901    -0.000051     0.008952 
   84.500000    -0.001871    -0.000051    -0.001820 
   84.600000    -0.000686    -0.000051    -0.000635 
   84.700000    -0.001312    -0.000051    -0.001261 
   84.800000     0.002073    -0.000051     0.002124 
   84.900000     0.004124    -0.000051     0.004175 
   85.000000     0.003474    -0.000051     0.003525 
   85.100000     0.002665    -0.000051     0.002716 
   85.200000    -0.000960    -0.000051    -0.000909 
   85.300000     0.003698    -0.000051     0.003749 
   85.400000    -0.001468    -0.000051    -0.001417 
   85.500000     0.004244    -0.000051     0.004295 
   85.600000     0.001743    -0.000051     0.001794 
   85.700000     0.000495    -0.000051     0.000546 
   85.800000     0.004412    -0.000051     0.004463 
   85.900000    -0.002219    -0.000051    -0.002168 
   86.000000     0.006388    -0.000051     0.006439 
   86.100000     0.000743    -0.000051     0.000794 
   86.200000     0.001594    -0.000051     0.001645 
   86.300000     0.004608    -0.000051     0.004659 
   86.400000     0.006751    -0.000051     0.006802 
   86.500000     0.003911    -0.000051     0.003962 
   86.600000     0.003767    -0.000051     0.003818 
   86.700000    -0.000847    -0.000051    -0.000796 
   86.800000    -0.003247    -0.000051    -0.003196 
   86.900000     0.003938    -0.000051     0.003989 
   87.000000     0.002943    -0.000051     0.002994 
   87.100000    -0.000347    -0.000051    -0.000296 
   87.200000     0.000289    -0.000051     0.000340 
   87.300000     0.002276    -0.000051     0.002327 
   87.400000     0.007107    -0.000051     0.007158 
   87.500000     0.005438    -0.000051     0.005489 
   87.600000     0.005969    -0.000051     0.006020 
   87.700000     0.004304    -0.000051     0.004355 
   87.800000     0.001684    -0.000051     0.001735 
   87.900000    -0.003816    -0.000051    -0.003765 
   88.000000    -0.002165    -0.000051    -0.002114 
   88.100000    -0.004492    -0.000051    -0.004441 
   88.200000    -0.000787    -0.000051    -0.000736 
   88.300000     0.005134    -0.000051     0.005185 
   88.400000     0.003295    -0.000051     0.003346 
   88.500000     0.006394    -0.000051     0.006445 
   88.600000     0.000864    -0.000051     0.000915 
   88.700000     0.001756    -0.000051     0.001807 
   88.800000     0.001172    -0.000051     0.001223 
   88.900000    -0.000784    -0.000051    -0.000733 
   89.000000    -0.001718    -0.000051    -0.001667 
   89.100000     0.004410    -0.000051     0.004461 
   89.200000     0.000707    -0.000051     0.000758 
   89.300000     0.011185    -0.000051     0.011236 
   89.400000     0.002102    -0.000051     0.002153 
   89.500000    -0.001967    -0.000051    -0.001916 
   89.600000     0.001879    -0.000051     0.001930 
   89.700000    -0.003956    -0.000051    -0.003905 
   89.800000     0.000493    -0.000051     0.000544 
   89.900000     0.004138    -0.000051     0.004189 
   90.000000     0.000925    -0.000051     0.000976 
   90.100000     0.002368    -0.000051     0.002419 
   90.200000    -0.002879    -0.000051    -0.002828 
   90.300000    -0.000314    -0.000051    -0.000263 
   90.400000     0.000270    -0.000051     0.000321 
   90.500000     0.011649    -0.000051     0.011700 
   90.600000     0.012592    -0.000051     0.012643 
   90.700000     0.005038    -0.000051     0.005089 
   90.800000     0.007642    -0.000051     0.007693 
   90.900000     0.011659    -0.000051     0.011710 
   91.000000     0.008503    -0.000051     0.008554 
   91.100000     0.005962    -0.000051     0.006013 
   91.200000     0.006595    -0.000051     0.006646 
   91.300000     0.005702    -0.000051     0.005753 
   91.400000     0.003436    -0.000051     0.003487 
   91.500000    -0.002936    -0.000051    -0.002885 
   91.600000     0.000134    -0.000051     0.000185 
   91.700000     0.008060    -0.000051     0.008111 
   91.800000     0.008602    -0.000051     0.008653 
   91.900000     0.004461    -0.000051     0.004512 
   92.000000     0.001280    -0.000051     0.001331 
   92.100000    -0.003463    -0.000051    -0.003412 
   92.200000     0.000706    -0.000051     0.000757 
   92.300000    -0.002962    -0.000051    -0.002911 
   92.400000     0.000425    -0.000051     0.000476 
   92.500000    -0.002155    -0.000051    -0.002104 
   92.600000    -0.009698    -0.000051    -0.009647 
   92.700000    -0.006339    -0.000051    -0.006288 
   92.800000    -0.003465    -0.000051    -0.003414 
   92.900000    -0.001097    -0.000051    -0.001046 
   93.000000     0.009670    -0.000051     0.009721 
   93.100000     0.005643    -0.000051     0.005694 
   93.200000     0.002689    -0.000051     0.002740 
   93.300000    -0.001965    -0.000051    -0.001914 
   93.400000    -0.004118    -0.000051    -0.004067 
   93.500000     0.001267    -0.000051     0.001318 
   93.600000    -0.006374    -0.000051    -0.006323 
   93.700000    -0.004770    -0.000051    -0.004719 
   93.800000    -0.002689    -0.000051    -0.002638 
   93.900000    -0.008634    -0.000051    -0.008583 
   94.000000    -0.003248    -0.000051    -0.003197 
   94.100000    -0.005089    -0.000051    -0.005038 
   94.200000    -0.002372    -0.000051    -0.002321 
   94.300000    -0.003487    -0.000051    -0.003436 
   94.400000    -0.006008    -0.000051    -0.005957 
   94.500000    -0.003213    -0.000051    -0.003162 
   94.600000    -0.007956    -0.000051    -0.007905 
   94.700000    -0.008143    -0.000051    -0.008092 
   94.800000    -0.008965    -0.000051    -0.008914 
   94.900000    -0.011459    -0.000051    -0.011408 
   95.000000    -0.005232    -0.000051    -0.005181 
   95.100000    -0.007840    -0.000051    -0.007789 
   95.200000    -0.004147    -0.000051    -0.004096 
   95.300000    -0.006300    -0.000051    -0.006249 
   95.400000    -0.010142    -0.000051    -0.010091 
   95.500000    -0.001638    -0.000051    -0.001587 
   95.600000    -0.002055    -0.000051    -0.002004 
   95.700000    -0.005141    -0.000051    -0.005090 
   95.800000    -0.004077    -0.000051    -0.004026 
   95.900000    -0.006432    -0.000051    -0.006381 
   96.000000    -0.005044    -0.000051    -0.004993 
   96.100000    -0.005533    -0.000051    -0.005482 
   96.200000    -0.002673    -0.000051    -0.002622 
   96.300000    -0.006794    -0.000051    -0.006743 
   96.400000    -0.006980    -0.000051    -0.006929 
   96.500000     0.001869    -0.000051     0.001920 
   96.600000    -0.002979    -0.000051    -0.002928 
   96.700000    -0.006795    -0.000051    -0.006744 
   96.800000     0.001029    -0.000051     0.001080 
   96.900000    -0.005004    -0.000051    -0.004953 
   97.000000    -0.005967    -0.000051    -0.005916 
   97.100000     0.001319    -0.000051     0.001370 
   97.200000     0.002080    -0.000051     0.002131 
   97.300000    -0.002095    -0.000051    -0.002044 
   97.400000    -0.000651    -0.000051    -0.000600 
   97.500000    -0.001310    -0.000051    -0.001259 
   97.600000    -0.003259    -0.000051    -0.003208 
   97.700000     0.002423    -0.000051     0.002474 
   97.800000     0.004474    -0.000051     0.004525 
   97.900000     0.007009    -0.000051     0.007060 
   98.000000    -0.000672    -0.000051    -0.000621 
   98.100000    -0.000652    -0.000051    -0.000601 
   98.200000    -0.004069    -0.000051    -0.004018 
   98.300000     0.002677    -0.000051     0.002728 
   98.400000     0.002462    -0.000051     0.002513 
   98.500000     0.004197    -0.000051     0.004248 
   98.600000     0.006168    -0.000051     0.006219 
   98.700000    -0.003199    -0.000051    -0.003148 
   98.800000    -0.002646    -0.000051    -0.002595 
   98.900000     0.004401    -0.000051     0.004452 
   99.000000     0.002284    -0.000051     0.002335 
   99.100000     0.000517    -0.000051     0.000568 
   99.200000     0.000858    -0.000051     0.000909 
   99.300000     0.009446    -0.000051     0.009497 
   99.400000     0.007123    -0.000051     0.007174 
   99.500000     0.006962    -0.000051     0.007013 
   99.600000     0.004081    -0.000051     0.004132 
   99.700000     0.007659    -0.000051     0.007710 
   99.800000     0.000262    -0.000051     0.000313 
   99.900000     0.009326    -0.000051     0.009377 
  100.000000     0.013527    -0.000051     0.013578 
