##fit: rolloffp.out
    0.500000     0.012697     0.014575    -0.001878 
    0.600000     0.008625     0.011954    -0.003329 
    0.700000     0.013554     0.009800     0.003754 
    0.800000     0.012496     0.008032     0.004464 
    0.900000     0.008103     0.006579     0.001524 
    1.000000     0.007121     0.005386     0.001735 
    1.100000     0.001970     0.004406    -0.002436 
    1.200000     0.002547     0.003601    -0.001054 
    1.300000     0.003220     0.002940     0.000280 
    1.400000    -0.002919     0.002397    -0.005316 
    1.500000     0.000503     0.001951    -0.001448 
    1.600000     0.003534     0.001585     0.001949 
    1.700000     0.004400     0.001284     0.003116 
    1.800000     0.002617     0.001037     0.001580 
    1.900000     0.001421     0.000834     0.000587 
    2.000000    -0.000533     0.000667    -0.001200 
    2.100000     0.000942     0.000530     0.000412 
    2.200000     0.000840     0.000417     0.000423 
    2.300000    -0.000939     0.000325    -0.001264 
    2.400000     0.001851     0.000249     0.001602 
    2.500000    -0.003337     0.000187    -0.003524 
    2.600000    -0.003594     0.000136    -0.003730 
    2.700000    -0.005054     0.000093    -0.005147 
    2.800000    -0.001860     0.000059    -0.001919 
    2.900000    -0.004645     0.000031    -0.004676 
    3.000000    -0.001249     0.000007    -0.001256 
    3.100000    -0.003405    -0.000012    -0.003393 
    3.200000    -0.003017    -0.000028    -0.002989 
    3.300000     0.001180    -0.000040     0.001220 
    3.400000     0.001890    -0.000051     0.001941 
    3.500000    -0.001572    -0.000060    -0.001512 
    3.600000    -0.000257    -0.000067    -0.000190 
    3.700000    -0.001723    -0.000073    -0.001650 
    3.800000    -0.001369    -0.000078    -0.001291 
    3.900000    -0.004502    -0.000082    -0.004420 
    4.000000    -0.006011    -0.000085    -0.005926 
    4.100000    -0.004290    -0.000088    -0.004202 
    4.200000    -0.002523    -0.000090    -0.002433 
    4.300000     0.002903    -0.000092     0.002995 
    4.400000     0.000310    -0.000093     0.000403 
    4.500000    -0.005840    -0.000094    -0.005746 
    4.600000    -0.002179    -0.000095    -0.002084 
    4.700000    -0.001908    -0.000096    -0.001812 
    4.800000    -0.002815    -0.000097    -0.002718 
    4.900000    -0.002260    -0.000097    -0.002163 
    5.000000    -0.005736    -0.000098    -0.005638 
    5.100000    -0.000094    -0.000098     0.000004 
    5.200000    -0.004509    -0.000098    -0.004411 
    5.300000     0.000202    -0.000099     0.000301 
    5.400000    -0.000132    -0.000099    -0.000033 
    5.500000    -0.003882    -0.000099    -0.003783 
    5.600000    -0.002072    -0.000099    -0.001973 
    5.700000     0.003009    -0.000099     0.003108 
    5.800000    -0.000644    -0.000099    -0.000545 
    5.900000    -0.000970    -0.000099    -0.000871 
    6.000000     0.003073    -0.000100     0.003173 
    6.100000    -0.000121    -0.000100    -0.000021 
    6.200000    -0.003032    -0.000100    -0.002932 
    6.300000     0.001666    -0.000100     0.001766 
    6.400000    -0.001210    -0.000100    -0.001110 
    6.500000    -0.002632    -0.000100    -0.002532 
    6.600000     0.002527    -0.000100     0.002627 
    6.700000     0.000369    -0.000100     0.000469 
    6.800000     0.002657    -0.000100     0.002757 
    6.900000    -0.002802    -0.000100    -0.002702 
    7.000000     0.001242    -0.000100     0.001342 
    7.100000     0.000514    -0.000100     0.000614 
    7.200000    -0.002388    -0.000100    -0.002288 
    7.300000     0.001073    -0.000100     0.001173 
    7.400000    -0.001480    -0.000100    -0.001380 
    7.500000    -0.001717    -0.000100    -0.001617 
    7.600000     0.004212    -0.000100     0.004312 
    7.700000     0.003183    -0.000100     0.003283 
    7.800000     0.001876    -0.000100     0.001976 
    7.900000     0.002069    -0.000100     0.002169 
    8.000000    -0.000839    -0.000100    -0.000739 
    8.100000     0.001105    -0.000100     0.001205 
    8.200000     0.000792    -0.000100     0.000892 
    8.300000     0.000224    -0.000100     0.000324 
    8.400000    -0.000097    -0.000100     0.000003 
    8.500000    -0.001639    -0.000100    -0.001539 
    8.600000    -0.005287    -0.000100    -0.005187 
    8.700000    -0.002291    -0.000100    -0.002191 
    8.800000    -0.006906    -0.000100    -0.006806 
    8.900000    -0.001365    -0.000100    -0.001265 
    9.000000     0.002700    -0.000100     0.002800 
    9.100000     0.003944    -0.000100     0.004044 
    9.200000     0.000483    -0.000100     0.000583 
    9.300000    -0.000287    -0.000100    -0.000187 
    9.400000    -0.002164    -0.000100    -0.002064 
    9.500000    -0.004433    -0.000100    -0.004333 
    9.600000    -0.003346    -0.000100    -0.003246 
    9.700000    -0.005315    -0.000100    -0.005215 
    9.800000    -0.005397    -0.000100    -0.005297 
    9.900000    -0.003594    -0.000100    -0.003494 
   10.000000    -0.000591    -0.000100    -0.000491 
   10.100000     0.003691    -0.000100     0.003791 
   10.200000     0.004506    -0.000100     0.004606 
   10.300000    -0.000180    -0.000100    -0.000080 
   10.400000    -0.002824    -0.000100    -0.002724 
   10.500000     0.003588    -0.000100     0.003688 
   10.600000     0.004528    -0.000100     0.004628 
   10.700000     0.002967    -0.000100     0.003067 
   10.800000     0.004021    -0.000100     0.004121 
   10.900000     0.001321    -0.000100     0.001421 
   11.000000     0.004795    -0.000100     0.004895 
   11.100000     0.004755    -0.000100     0.004855 
   11.200000     0.000840    -0.000100     0.000940 
   11.300000     0.004004    -0.000100     0.004104 
   11.400000     0.003554    -0.000100     0.003654 
   11.500000     0.003059    -0.000100     0.003159 
   11.600000     0.004272    -0.000100     0.004372 
   11.700000     0.001451    -0.000100     0.001551 
   11.800000     0.004897    -0.000100     0.004997 
   11.900000     0.004122    -0.000100     0.004222 
   12.000000    -0.001427    -0.000100    -0.001327 
   12.100000    -0.001318    -0.000100    -0.001218 
   12.200000    -0.003982    -0.000100    -0.003882 
   12.300000     0.000349    -0.000100     0.000449 
   12.400000     0.001512    -0.000100     0.001612 
   12.500000     0.002369    -0.000100     0.002469 
   12.600000    -0.001790    -0.000100    -0.001690 
   12.700000    -0.003972    -0.000100    -0.003872 
   12.800000    -0.000477    -0.000100    -0.000377 
   12.900000    -0.003457    -0.000100    -0.003357 
   13.000000    -0.001530    -0.000100    -0.001430 
   13.100000    -0.001902    -0.000100    -0.001802 
   13.200000    -0.000542    -0.000100    -0.000442 
   13.300000    -0.001235    -0.000100    -0.001135 
   13.400000    -0.001865    -0.000100    -0.001765 
   13.500000    -0.001261    -0.000100    -0.001161 
   13.600000    -0.004214    -0.000100    -0.004114 
   13.700000    -0.002456    -0.000100    -0.002356 
   13.800000    -0.005380    -0.000100    -0.005280 
   13.900000    -0.002428    -0.000100    -0.002328 
   14.000000    -0.004895    -0.000100    -0.004795 
   14.100000    -0.002886    -0.000100    -0.002786 
   14.200000    -0.008291    -0.000100    -0.008191 
   14.300000    -0.003189    -0.000100    -0.003089 
   14.400000     0.000224    -0.000100     0.000324 
   14.500000    -0.000803    -0.000100    -0.000703 
   14.600000    -0.002284    -0.000100    -0.002184 
   14.700000    -0.006594    -0.000100    -0.006494 
   14.800000    -0.004471    -0.000100    -0.004371 
   14.900000    -0.002524    -0.000100    -0.002424 
   15.000000    -0.001105    -0.000100    -0.001005 
   15.100000     0.000721    -0.000100     0.000821 
   15.200000     0.003091    -0.000100     0.003191 
   15.300000    -0.000832    -0.000100    -0.000732 
   15.400000    -0.001889    -0.000100    -0.001789 
   15.500000    -0.002122    -0.000100    -0.002022 
   15.600000     0.003304    -0.000100     0.003404 
   15.700000     0.005400    -0.000100     0.005500 
   15.800000     0.004228    -0.000100     0.004328 
   15.900000    -0.001490    -0.000100    -0.001390 
   16.000000    -0.000952    -0.000100    -0.000852 
   16.100000     0.001222    -0.000100     0.001322 
   16.200000     0.000586    -0.000100     0.000686 
   16.300000     0.000083    -0.000100     0.000183 
   16.400000     0.005159    -0.000100     0.005259 
   16.500000     0.000184    -0.000100     0.000284 
   16.600000     0.001357    -0.000100     0.001457 
   16.700000     0.002762    -0.000100     0.002862 
   16.800000     0.001214    -0.000100     0.001314 
   16.900000     0.002379    -0.000100     0.002479 
   17.000000     0.002730    -0.000100     0.002830 
   17.100000    -0.001619    -0.000100    -0.001519 
   17.200000    -0.000547    -0.000100    -0.000447 
   17.300000     0.007758    -0.000100     0.007858 
   17.400000     0.002421    -0.000100     0.002521 
   17.500000    -0.001451    -0.000100    -0.001351 
   17.600000    -0.002563    -0.000100    -0.002463 
   17.700000     0.000678    -0.000100     0.000778 
   17.800000     0.001157    -0.000100     0.001257 
   17.900000     0.002340    -0.000100     0.002440 
   18.000000    -0.001121    -0.000100    -0.001021 
   18.100000     0.001121    -0.000100     0.001221 
   18.200000    -0.002062    -0.000100    -0.001962 
   18.300000    -0.001953    -0.000100    -0.001853 
   18.400000    -0.003203    -0.000100    -0.003103 
   18.500000    -0.001451    -0.000100    -0.001351 
   18.600000     0.000230    -0.000100     0.000330 
   18.700000     0.000024    -0.000100     0.000124 
   18.800000    -0.000138    -0.000100    -0.000038 
   18.900000     0.001195    -0.000100     0.001295 
   19.000000     0.000336    -0.000100     0.000436 
   19.100000     0.000551    -0.000100     0.000651 
   19.200000     0.002044    -0.000100     0.002144 
   19.300000    -0.000987    -0.000100    -0.000887 
   19.400000    -0.000881    -0.000100    -0.000781 
   19.500000    -0.002051    -0.000100    -0.001951 
   19.600000     0.000328    -0.000100     0.000428 
   19.700000    -0.001855    -0.000100    -0.001755 
   19.800000    -0.000084    -0.000100     0.000016 
   19.900000     0.002850    -0.000100     0.002950 
   20.000000     0.002417    -0.000100     0.002517 
   20.100000     0.004007    -0.000100     0.004107 
   20.200000     0.002582    -0.000100     0.002682 
   20.300000    -0.000881    -0.000100    -0.000781 
   20.400000    -0.002795    -0.000100    -0.002695 
   20.500000    -0.003431    -0.000100    -0.003331 
   20.600000    -0.000551    -0.000100    -0.000451 
   20.700000     0.001500    -0.000100     0.001600 
   20.800000    -0.000399    -0.000100    -0.000299 
   20.900000    -0.003580    -0.000100    -0.003480 
   21.000000    -0.005045    -0.000100    -0.004945 
   21.100000    -0.001290    -0.000100    -0.001190 
   21.200000     0.003006    -0.000100     0.003106 
   21.300000     0.004101    -0.000100     0.004201 
   21.400000    -0.003207    -0.000100    -0.003107 
   21.500000    -0.001268    -0.000100    -0.001168 
   21.600000    -0.002343    -0.000100    -0.002243 
   21.700000    -0.003380    -0.000100    -0.003280 
   21.800000    -0.002866    -0.000100    -0.002766 
   21.900000    -0.000413    -0.000100    -0.000313 
   22.000000     0.000071    -0.000100     0.000171 
   22.100000     0.000712    -0.000100     0.000812 
   22.200000    -0.000604    -0.000100    -0.000504 
   22.300000    -0.001197    -0.000100    -0.001097 
   22.400000    -0.000660    -0.000100    -0.000560 
   22.500000     0.001635    -0.000100     0.001735 
   22.600000    -0.003433    -0.000100    -0.003333 
   22.700000    -0.003411    -0.000100    -0.003311 
   22.800000    -0.001392    -0.000100    -0.001292 
   22.900000     0.000241    -0.000100     0.000341 
   23.000000    -0.001532    -0.000100    -0.001432 
   23.100000     0.000077    -0.000100     0.000177 
   23.200000     0.001627    -0.000100     0.001727 
   23.300000     0.003186    -0.000100     0.003286 
   23.400000     0.000737    -0.000100     0.000837 
   23.500000     0.000212    -0.000100     0.000312 
   23.600000     0.000030    -0.000100     0.000130 
   23.700000     0.002358    -0.000100     0.002458 
   23.800000     0.000923    -0.000100     0.001023 
   23.900000    -0.002600    -0.000100    -0.002500 
   24.000000    -0.003566    -0.000100    -0.003466 
   24.100000     0.001178    -0.000100     0.001278 
   24.200000    -0.000379    -0.000100    -0.000279 
   24.300000     0.001351    -0.000100     0.001451 
   24.400000     0.002937    -0.000100     0.003037 
   24.500000     0.002555    -0.000100     0.002655 
   24.600000     0.001483    -0.000100     0.001583 
   24.700000    -0.002063    -0.000100    -0.001963 
   24.800000    -0.001738    -0.000100    -0.001638 
   24.900000    -0.003290    -0.000100    -0.003190 
   25.000000    -0.004479    -0.000100    -0.004379 
   25.100000    -0.000249    -0.000100    -0.000149 
   25.200000    -0.001988    -0.000100    -0.001888 
   25.300000    -0.003100    -0.000100    -0.003000 
   25.400000    -0.000697    -0.000100    -0.000597 
   25.500000     0.002697    -0.000100     0.002797 
   25.600000    -0.000531    -0.000100    -0.000431 
   25.700000    -0.004076    -0.000100    -0.003976 
   25.800000    -0.003455    -0.000100    -0.003355 
   25.900000    -0.002007    -0.000100    -0.001907 
   26.000000    -0.002570    -0.000100    -0.002470 
   26.100000    -0.003037    -0.000100    -0.002937 
   26.200000     0.001061    -0.000100     0.001161 
   26.300000    -0.003022    -0.000100    -0.002922 
   26.400000     0.003141    -0.000100     0.003241 
   26.500000    -0.000563    -0.000100    -0.000463 
   26.600000     0.000536    -0.000100     0.000636 
   26.700000     0.002113    -0.000100     0.002213 
   26.800000     0.001325    -0.000100     0.001425 
   26.900000     0.002871    -0.000100     0.002971 
   27.000000     0.003414    -0.000100     0.003514 
   27.100000    -0.000269    -0.000100    -0.000169 
   27.200000    -0.001598    -0.000100    -0.001498 
   27.300000     0.000731    -0.000100     0.000831 
   27.400000     0.001144    -0.000100     0.001244 
   27.500000    -0.002110    -0.000100    -0.002010 
   27.600000    -0.003265    -0.000100    -0.003165 
   27.700000    -0.003727    -0.000100    -0.003627 
   27.800000    -0.000332    -0.000100    -0.000232 
   27.900000    -0.000550    -0.000100    -0.000450 
   28.000000    -0.001095    -0.000100    -0.000995 
   28.100000     0.002879    -0.000100     0.002979 
   28.200000     0.000644    -0.000100     0.000744 
   28.300000     0.003846    -0.000100     0.003946 
   28.400000     0.003501    -0.000100     0.003601 
   28.500000    -0.000751    -0.000100    -0.000651 
   28.600000    -0.002976    -0.000100    -0.002876 
   28.700000    -0.003565    -0.000100    -0.003465 
   28.800000     0.003024    -0.000100     0.003124 
   28.900000     0.004386    -0.000100     0.004486 
   29.000000     0.005583    -0.000100     0.005683 
   29.100000     0.003355    -0.000100     0.003455 
   29.200000    -0.000573    -0.000100    -0.000473 
   29.300000    -0.001583    -0.000100    -0.001483 
   29.400000     0.000017    -0.000100     0.000117 
   29.500000     0.004671    -0.000100     0.004771 
   29.600000     0.003067    -0.000100     0.003167 
   29.700000    -0.001156    -0.000100    -0.001056 
   29.800000    -0.005007    -0.000100    -0.004907 
   29.900000    -0.002213    -0.000100    -0.002113 
   30.000000     0.000871    -0.000100     0.000971 
   30.100000     0.000902    -0.000100     0.001002 
   30.200000     0.006491    -0.000100     0.006591 
   30.300000     0.003810    -0.000100     0.003910 
   30.400000     0.001307    -0.000100     0.001407 
   30.500000     0.002249    -0.000100     0.002349 
   30.600000     0.005315    -0.000100     0.005415 
   30.700000     0.008341    -0.000100     0.008441 
   30.800000     0.003451    -0.000100     0.003551 
   30.900000     0.001216    -0.000100     0.001316 
   31.000000     0.002153    -0.000100     0.002253 
   31.100000     0.004441    -0.000100     0.004541 
   31.200000     0.002262    -0.000100     0.002362 
   31.300000     0.002188    -0.000100     0.002288 
   31.400000     0.002076    -0.000100     0.002176 
   31.500000    -0.001878    -0.000100    -0.001778 
   31.600000     0.002083    -0.000100     0.002183 
   31.700000     0.003597    -0.000100     0.003697 
   31.800000     0.004047    -0.000100     0.004147 
   31.900000    -0.000946    -0.000100    -0.000846 
   32.000000    -0.006856    -0.000100    -0.006756 
   32.100000     0.001218    -0.000100     0.001318 
   32.200000     0.004832    -0.000100     0.004932 
   32.300000     0.001591    -0.000100     0.001691 
   32.400000    -0.002590    -0.000100    -0.002490 
   32.500000    -0.001978    -0.000100    -0.001878 
   32.600000    -0.003391    -0.000100    -0.003291 
   32.700000    -0.004470    -0.000100    -0.004370 
   32.800000    -0.003038    -0.000100    -0.002938 
   32.900000    -0.000704    -0.000100    -0.000604 
   33.000000     0.001781    -0.000100     0.001881 
   33.100000     0.000572    -0.000100     0.000672 
   33.200000    -0.003052    -0.000100    -0.002952 
   33.300000    -0.002438    -0.000100    -0.002338 
   33.400000     0.001090    -0.000100     0.001190 
   33.500000     0.000172    -0.000100     0.000272 
   33.600000    -0.003884    -0.000100    -0.003784 
   33.700000     0.003687    -0.000100     0.003787 
   33.800000     0.001047    -0.000100     0.001147 
   33.900000     0.001718    -0.000100     0.001818 
   34.000000    -0.000463    -0.000100    -0.000363 
   34.100000    -0.002541    -0.000100    -0.002441 
   34.200000    -0.003794    -0.000100    -0.003694 
   34.300000    -0.002614    -0.000100    -0.002514 
   34.400000     0.002595    -0.000100     0.002695 
   34.500000     0.001428    -0.000100     0.001528 
   34.600000     0.005326    -0.000100     0.005426 
   34.700000     0.002903    -0.000100     0.003003 
   34.800000     0.003388    -0.000100     0.003488 
   34.900000     0.003590    -0.000100     0.003690 
   35.000000     0.002979    -0.000100     0.003079 
   35.100000     0.007886    -0.000100     0.007986 
   35.200000     0.002633    -0.000100     0.002733 
   35.300000    -0.003190    -0.000100    -0.003090 
   35.400000    -0.003347    -0.000100    -0.003247 
   35.500000     0.001779    -0.000100     0.001879 
   35.600000     0.001239    -0.000100     0.001339 
   35.700000     0.000974    -0.000100     0.001074 
   35.800000     0.000796    -0.000100     0.000896 
   35.900000     0.003329    -0.000100     0.003429 
   36.000000     0.000655    -0.000100     0.000755 
   36.100000     0.000113    -0.000100     0.000213 
   36.200000     0.001676    -0.000100     0.001776 
   36.300000    -0.002526    -0.000100    -0.002426 
   36.400000     0.001942    -0.000100     0.002042 
   36.500000     0.000969    -0.000100     0.001069 
   36.600000     0.000473    -0.000100     0.000573 
   36.700000     0.005384    -0.000100     0.005484 
   36.800000     0.003848    -0.000100     0.003948 
   36.900000     0.000296    -0.000100     0.000396 
   37.000000    -0.000989    -0.000100    -0.000889 
   37.100000     0.004450    -0.000100     0.004550 
   37.200000     0.004989    -0.000100     0.005089 
   37.300000     0.003299    -0.000100     0.003399 
   37.400000    -0.001193    -0.000100    -0.001093 
   37.500000     0.000125    -0.000100     0.000225 
   37.600000    -0.000036    -0.000100     0.000064 
   37.700000     0.000100    -0.000100     0.000200 
   37.800000     0.003914    -0.000100     0.004014 
   37.900000     0.000983    -0.000100     0.001083 
   38.000000     0.004322    -0.000100     0.004422 
   38.100000    -0.000251    -0.000100    -0.000151 
   38.200000     0.004221    -0.000100     0.004321 
   38.300000    -0.002962    -0.000100    -0.002862 
   38.400000     0.002943    -0.000100     0.003043 
   38.500000     0.002098    -0.000100     0.002198 
   38.600000    -0.000864    -0.000100    -0.000764 
   38.700000     0.000347    -0.000100     0.000447 
   38.800000    -0.001416    -0.000100    -0.001316 
   38.900000     0.002764    -0.000100     0.002864 
   39.000000     0.002122    -0.000100     0.002222 
   39.100000    -0.001704    -0.000100    -0.001604 
   39.200000    -0.001306    -0.000100    -0.001206 
   39.300000    -0.000140    -0.000100    -0.000040 
   39.400000     0.000452    -0.000100     0.000552 
   39.500000     0.002870    -0.000100     0.002970 
   39.600000     0.000136    -0.000100     0.000236 
   39.700000     0.000796    -0.000100     0.000896 
   39.800000    -0.004268    -0.000100    -0.004168 
   39.900000    -0.000775    -0.000100    -0.000675 
   40.000000     0.000665    -0.000100     0.000765 
   40.100000    -0.000077    -0.000100     0.000023 
   40.200000     0.000888    -0.000100     0.000988 
   40.300000    -0.002345    -0.000100    -0.002245 
   40.400000    -0.000243    -0.000100    -0.000143 
   40.500000    -0.002859    -0.000100    -0.002759 
   40.600000    -0.000493    -0.000100    -0.000393 
   40.700000     0.003994    -0.000100     0.004094 
   40.800000     0.001205    -0.000100     0.001305 
   40.900000    -0.002171    -0.000100    -0.002071 
   41.000000     0.001452    -0.000100     0.001552 
   41.100000     0.004749    -0.000100     0.004849 
   41.200000     0.001355    -0.000100     0.001455 
   41.300000    -0.000975    -0.000100    -0.000875 
   41.400000     0.000815    -0.000100     0.000915 
   41.500000    -0.001175    -0.000100    -0.001075 
   41.600000     0.000527    -0.000100     0.000627 
   41.700000     0.003178    -0.000100     0.003278 
   41.800000     0.005808    -0.000100     0.005908 
   41.900000     0.002255    -0.000100     0.002355 
   42.000000     0.000629    -0.000100     0.000729 
   42.100000     0.002376    -0.000100     0.002476 
   42.200000     0.003069    -0.000100     0.003169 
   42.300000     0.002525    -0.000100     0.002625 
   42.400000    -0.000529    -0.000100    -0.000429 
   42.500000     0.002689    -0.000100     0.002789 
   42.600000    -0.001065    -0.000100    -0.000965 
   42.700000    -0.001962    -0.000100    -0.001862 
   42.800000    -0.000918    -0.000100    -0.000818 
   42.900000    -0.002461    -0.000100    -0.002361 
   43.000000    -0.001200    -0.000100    -0.001100 
   43.100000    -0.010617    -0.000100    -0.010517 
   43.200000    -0.008836    -0.000100    -0.008736 
   43.300000    -0.003230    -0.000100    -0.003130 
   43.400000    -0.001589    -0.000100    -0.001489 
   43.500000    -0.001062    -0.000100    -0.000962 
   43.600000     0.000413    -0.000100     0.000513 
   43.700000     0.000014    -0.000100     0.000114 
   43.800000    -0.000452    -0.000100    -0.000352 
   43.900000    -0.004846    -0.000100    -0.004746 
   44.000000    -0.002324    -0.000100    -0.002224 
   44.100000    -0.006033    -0.000100    -0.005933 
   44.200000    -0.000486    -0.000100    -0.000386 
   44.300000    -0.001684    -0.000100    -0.001584 
   44.400000    -0.003956    -0.000100    -0.003856 
   44.500000     0.001107    -0.000100     0.001207 
   44.600000    -0.003297    -0.000100    -0.003197 
   44.700000    -0.008717    -0.000100    -0.008617 
   44.800000    -0.003954    -0.000100    -0.003854 
   44.900000    -0.000864    -0.000100    -0.000764 
   45.000000     0.003662    -0.000100     0.003762 
   45.100000     0.002405    -0.000100     0.002505 
   45.200000     0.003238    -0.000100     0.003338 
   45.300000     0.006194    -0.000100     0.006294 
   45.400000    -0.000379    -0.000100    -0.000279 
   45.500000    -0.000605    -0.000100    -0.000505 
   45.600000    -0.001783    -0.000100    -0.001683 
   45.700000     0.001471    -0.000100     0.001571 
   45.800000     0.001329    -0.000100     0.001429 
   45.900000    -0.002305    -0.000100    -0.002205 
   46.000000    -0.001697    -0.000100    -0.001597 
   46.100000    -0.000378    -0.000100    -0.000278 
   46.200000    -0.001937    -0.000100    -0.001837 
   46.300000    -0.001236    -0.000100    -0.001136 
   46.400000     0.001623    -0.000100     0.001723 
   46.500000     0.001246    -0.000100     0.001346 
   46.600000     0.003621    -0.000100     0.003721 
   46.700000    -0.003540    -0.000100    -0.003440 
   46.800000    -0.004680    -0.000100    -0.004580 
   46.900000     0.000311    -0.000100     0.000411 
   47.000000     0.001791    -0.000100     0.001891 
   47.100000     0.006461    -0.000100     0.006561 
   47.200000     0.000402    -0.000100     0.000502 
   47.300000     0.000492    -0.000100     0.000592 
   47.400000    -0.000564    -0.000100    -0.000464 
   47.500000    -0.002249    -0.000100    -0.002149 
   47.600000    -0.003369    -0.000100    -0.003269 
   47.700000    -0.004202    -0.000100    -0.004102 
   47.800000     0.003557    -0.000100     0.003657 
   47.900000     0.002280    -0.000100     0.002380 
   48.000000     0.003793    -0.000100     0.003893 
   48.100000     0.002626    -0.000100     0.002726 
   48.200000     0.000674    -0.000100     0.000774 
   48.300000    -0.000405    -0.000100    -0.000305 
   48.400000    -0.001613    -0.000100    -0.001513 
   48.500000    -0.002094    -0.000100    -0.001994 
   48.600000     0.000612    -0.000100     0.000712 
   48.700000    -0.000932    -0.000100    -0.000832 
   48.800000    -0.001598    -0.000100    -0.001498 
   48.900000     0.004316    -0.000100     0.004416 
   49.000000     0.004269    -0.000100     0.004369 
   49.100000     0.003717    -0.000100     0.003817 
   49.200000    -0.000858    -0.000100    -0.000758 
   49.300000     0.001515    -0.000100     0.001615 
   49.400000     0.001567    -0.000100     0.001667 
   49.500000     0.001176    -0.000100     0.001276 
   49.600000    -0.002820    -0.000100    -0.002720 
   49.700000    -0.002480    -0.000100    -0.002380 
   49.800000    -0.001578    -0.000100    -0.001478 
   49.900000    -0.001445    -0.000100    -0.001345 
   50.000000    -0.002834    -0.000100    -0.002734 
   50.100000    -0.001641    -0.000100    -0.001541 
   50.200000     0.003305    -0.000100     0.003405 
   50.300000    -0.000223    -0.000100    -0.000123 
   50.400000    -0.001928    -0.000100    -0.001828 
   50.500000    -0.003276    -0.000100    -0.003176 
   50.600000    -0.003916    -0.000100    -0.003816 
   50.700000    -0.003714    -0.000100    -0.003614 
   50.800000    -0.000411    -0.000100    -0.000311 
   50.900000    -0.003557    -0.000100    -0.003457 
   51.000000    -0.002387    -0.000100    -0.002287 
   51.100000    -0.001665    -0.000100    -0.001565 
   51.200000    -0.001028    -0.000100    -0.000928 
   51.300000     0.001531    -0.000100     0.001631 
   51.400000     0.005032    -0.000100     0.005132 
   51.500000    -0.001104    -0.000100    -0.001004 
   51.600000    -0.000612    -0.000100    -0.000512 
   51.700000    -0.001505    -0.000100    -0.001405 
   51.800000     0.000312    -0.000100     0.000412 
   51.900000    -0.001041    -0.000100    -0.000941 
   52.000000     0.004124    -0.000100     0.004224 
   52.100000     0.002026    -0.000100     0.002126 
   52.200000    -0.005431    -0.000100    -0.005331 
   52.300000    -0.004297    -0.000100    -0.004197 
   52.400000    -0.003320    -0.000100    -0.003220 
   52.500000    -0.001156    -0.000100    -0.001056 
   52.600000    -0.000874    -0.000100    -0.000774 
   52.700000     0.003068    -0.000100     0.003168 
   52.800000     0.002721    -0.000100     0.002821 
   52.900000     0.002273    -0.000100     0.002373 
   53.000000    -0.002872    -0.000100    -0.002772 
   53.100000    -0.004954    -0.000100    -0.004854 
   53.200000    -0.002859    -0.000100    -0.002759 
   53.300000    -0.003867    -0.000100    -0.003767 
   53.400000     0.001325    -0.000100     0.001425 
   53.500000     0.003685    -0.000100     0.003785 
   53.600000    -0.001511    -0.000100    -0.001411 
   53.700000     0.000525    -0.000100     0.000625 
   53.800000     0.001070    -0.000100     0.001170 
   53.900000     0.002229    -0.000100     0.002329 
   54.000000     0.000514    -0.000100     0.000614 
   54.100000     0.002078    -0.000100     0.002178 
   54.200000     0.000127    -0.000100     0.000227 
   54.300000    -0.003366    -0.000100    -0.003266 
   54.400000     0.002076    -0.000100     0.002176 
   54.500000    -0.003934    -0.000100    -0.003834 
   54.600000    -0.002842    -0.000100    -0.002742 
   54.700000     0.002943    -0.000100     0.003043 
   54.800000     0.000618    -0.000100     0.000718 
   54.900000     0.000950    -0.000100     0.001050 
   55.000000    -0.002231    -0.000100    -0.002131 
   55.100000    -0.004024    -0.000100    -0.003924 
   55.200000     0.001184    -0.000100     0.001284 
   55.300000     0.000977    -0.000100     0.001077 
   55.400000    -0.000154    -0.000100    -0.000054 
   55.500000    -0.000886    -0.000100    -0.000786 
   55.600000    -0.001683    -0.000100    -0.001583 
   55.700000     0.001646    -0.000100     0.001746 
   55.800000     0.001953    -0.000100     0.002053 
   55.900000    -0.000674    -0.000100    -0.000574 
   56.000000     0.004256    -0.000100     0.004356 
   56.100000    -0.003941    -0.000100    -0.003841 
   56.200000     0.003334    -0.000100     0.003434 
   56.300000    -0.002383    -0.000100    -0.002283 
   56.400000     0.002864    -0.000100     0.002964 
   56.500000     0.000591    -0.000100     0.000691 
   56.600000     0.002699    -0.000100     0.002799 
   56.700000    -0.001993    -0.000100    -0.001893 
   56.800000    -0.003245    -0.000100    -0.003145 
   56.900000    -0.003688    -0.000100    -0.003588 
   57.000000     0.001856    -0.000100     0.001956 
   57.100000     0.000674    -0.000100     0.000774 
   57.200000     0.005096    -0.000100     0.005196 
   57.300000     0.001459    -0.000100     0.001559 
   57.400000     0.002918    -0.000100     0.003018 
   57.500000     0.002653    -0.000100     0.002753 
   57.600000     0.001615    -0.000100     0.001715 
   57.700000     0.007634    -0.000100     0.007734 
   57.800000    -0.000593    -0.000100    -0.000493 
   57.900000    -0.002386    -0.000100    -0.002286 
   58.000000    -0.002737    -0.000100    -0.002637 
   58.100000     0.001704    -0.000100     0.001804 
   58.200000     0.002014    -0.000100     0.002114 
   58.300000    -0.001173    -0.000100    -0.001073 
   58.400000     0.001743    -0.000100     0.001843 
   58.500000    -0.001072    -0.000100    -0.000972 
   58.600000    -0.002701    -0.000100    -0.002601 
   58.700000    -0.006538    -0.000100    -0.006438 
   58.800000    -0.006639    -0.000100    -0.006539 
   58.900000    -0.006306    -0.000100    -0.006206 
   59.000000    -0.003527    -0.000100    -0.003427 
   59.100000    -0.002636    -0.000100    -0.002536 
   59.200000    -0.004144    -0.000100    -0.004044 
   59.300000    -0.002082    -0.000100    -0.001982 
   59.400000    -0.001364    -0.000100    -0.001264 
   59.500000    -0.005145    -0.000100    -0.005045 
   59.600000     0.002588    -0.000100     0.002688 
   59.700000    -0.001807    -0.000100    -0.001707 
   59.800000    -0.006700    -0.000100    -0.006600 
   59.900000    -0.004768    -0.000100    -0.004668 
   60.000000    -0.005224    -0.000100    -0.005124 
   60.100000    -0.004042    -0.000100    -0.003942 
   60.200000    -0.005420    -0.000100    -0.005320 
   60.300000     0.004417    -0.000100     0.004517 
   60.400000     0.000654    -0.000100     0.000754 
   60.500000     0.001766    -0.000100     0.001866 
   60.600000     0.004873    -0.000100     0.004973 
   60.700000     0.000518    -0.000100     0.000618 
   60.800000     0.002935    -0.000100     0.003035 
   60.900000     0.003517    -0.000100     0.003617 
   61.000000     0.001271    -0.000100     0.001371 
   61.100000    -0.002052    -0.000100    -0.001952 
   61.200000    -0.001898    -0.000100    -0.001798 
   61.300000    -0.005066    -0.000100    -0.004966 
   61.400000    -0.000902    -0.000100    -0.000802 
   61.500000     0.003963    -0.000100     0.004063 
   61.600000     0.003289    -0.000100     0.003389 
   61.700000     0.002411    -0.000100     0.002511 
   61.800000    -0.000762    -0.000100    -0.000662 
   61.900000    -0.001671    -0.000100    -0.001571 
   62.000000    -0.002796    -0.000100    -0.002696 
   62.100000    -0.001984    -0.000100    -0.001884 
   62.200000    -0.001152    -0.000100    -0.001052 
   62.300000     0.000315    -0.000100     0.000415 
   62.400000    -0.000132    -0.000100    -0.000032 
   62.500000    -0.006225    -0.000100    -0.006125 
   62.600000    -0.002925    -0.000100    -0.002825 
   62.700000     0.003702    -0.000100     0.003802 
   62.800000     0.002126    -0.000100     0.002226 
   62.900000    -0.001386    -0.000100    -0.001286 
   63.000000    -0.001331    -0.000100    -0.001231 
   63.100000    -0.003354    -0.000100    -0.003254 
   63.200000    -0.006799    -0.000100    -0.006699 
   63.300000     0.001366    -0.000100     0.001466 
   63.400000    -0.000925    -0.000100    -0.000825 
   63.500000     0.001069    -0.000100     0.001169 
   63.600000    -0.000049    -0.000100     0.000051 
   63.700000    -0.000054    -0.000100     0.000046 
   63.800000    -0.002048    -0.000100    -0.001948 
   63.900000     0.003779    -0.000100     0.003879 
   64.000000    -0.000231    -0.000100    -0.000131 
   64.100000    -0.003570    -0.000100    -0.003470 
   64.200000    -0.003738    -0.000100    -0.003638 
   64.300000     0.002140    -0.000100     0.002240 
   64.400000     0.004549    -0.000100     0.004649 
   64.500000    -0.001741    -0.000100    -0.001641 
   64.600000    -0.002011    -0.000100    -0.001911 
   64.700000     0.000101    -0.000100     0.000201 
   64.800000    -0.002128    -0.000100    -0.002028 
   64.900000    -0.001596    -0.000100    -0.001496 
   65.000000     0.000124    -0.000100     0.000224 
   65.100000    -0.004289    -0.000100    -0.004189 
   65.200000    -0.004474    -0.000100    -0.004374 
   65.300000    -0.007751    -0.000100    -0.007651 
   65.400000    -0.003152    -0.000100    -0.003052 
   65.500000    -0.004927    -0.000100    -0.004827 
   65.600000     0.001503    -0.000100     0.001603 
   65.700000     0.001326    -0.000100     0.001426 
   65.800000     0.004279    -0.000100     0.004379 
   65.900000     0.001188    -0.000100     0.001288 
   66.000000    -0.000766    -0.000100    -0.000666 
   66.100000     0.003831    -0.000100     0.003931 
   66.200000     0.006774    -0.000100     0.006874 
   66.300000     0.005732    -0.000100     0.005832 
   66.400000    -0.001413    -0.000100    -0.001313 
   66.500000    -0.002591    -0.000100    -0.002491 
   66.600000     0.003495    -0.000100     0.003595 
   66.700000    -0.000178    -0.000100    -0.000078 
   66.800000     0.004515    -0.000100     0.004615 
   66.900000    -0.000429    -0.000100    -0.000329 
   67.000000    -0.003438    -0.000100    -0.003338 
   67.100000     0.000464    -0.000100     0.000564 
   67.200000     0.000495    -0.000100     0.000595 
   67.300000     0.001989    -0.000100     0.002089 
   67.400000     0.003181    -0.000100     0.003281 
   67.500000    -0.003592    -0.000100    -0.003492 
   67.600000    -0.001864    -0.000100    -0.001764 
   67.700000     0.002413    -0.000100     0.002513 
   67.800000    -0.001401    -0.000100    -0.001301 
   67.900000    -0.006427    -0.000100    -0.006327 
   68.000000     0.000671    -0.000100     0.000771 
   68.100000     0.003823    -0.000100     0.003923 
   68.200000     0.006042    -0.000100     0.006142 
   68.300000     0.005707    -0.000100     0.005807 
   68.400000     0.001645    -0.000100     0.001745 
   68.500000    -0.001163    -0.000100    -0.001063 
   68.600000    -0.007735    -0.000100    -0.007635 
   68.700000    -0.003386    -0.000100    -0.003286 
   68.800000    -0.002596    -0.000100    -0.002496 
   68.900000    -0.002975    -0.000100    -0.002875 
   69.000000    -0.000323    -0.000100    -0.000223 
   69.100000    -0.001691    -0.000100    -0.001591 
   69.200000     0.000893    -0.000100     0.000993 
   69.300000    -0.001430    -0.000100    -0.001330 
   69.400000    -0.000677    -0.000100    -0.000577 
   69.500000    -0.004103    -0.000100    -0.004003 
   69.600000     0.000500    -0.000100     0.000600 
   69.700000     0.000839    -0.000100     0.000939 
   69.800000    -0.003820    -0.000100    -0.003720 
   69.900000    -0.008138    -0.000100    -0.008038 
   70.000000     0.000959    -0.000100     0.001059 
   70.100000     0.000123    -0.000100     0.000223 
   70.200000     0.001985    -0.000100     0.002085 
   70.300000    -0.000741    -0.000100    -0.000641 
   70.400000    -0.002426    -0.000100    -0.002326 
   70.500000    -0.002049    -0.000100    -0.001949 
   70.600000     0.007584    -0.000100     0.007684 
   70.700000     0.006533    -0.000100     0.006633 
   70.800000     0.005990    -0.000100     0.006090 
   70.900000     0.003035    -0.000100     0.003135 
   71.000000     0.000090    -0.000100     0.000190 
   71.100000    -0.005715    -0.000100    -0.005615 
   71.200000    -0.002092    -0.000100    -0.001992 
   71.300000    -0.000230    -0.000100    -0.000130 
   71.400000    -0.004413    -0.000100    -0.004313 
   71.500000    -0.001531    -0.000100    -0.001431 
   71.600000    -0.002187    -0.000100    -0.002087 
   71.700000     0.004421    -0.000100     0.004521 
   71.800000     0.003051    -0.000100     0.003151 
   71.900000     0.000723    -0.000100     0.000823 
   72.000000     0.000947    -0.000100     0.001047 
   72.100000    -0.006996    -0.000100    -0.006896 
   72.200000    -0.006060    -0.000100    -0.005960 
   72.300000    -0.004683    -0.000100    -0.004583 
   72.400000    -0.003884    -0.000100    -0.003784 
   72.500000    -0.006236    -0.000100    -0.006136 
   72.600000    -0.000135    -0.000100    -0.000035 
   72.700000    -0.002779    -0.000100    -0.002679 
   72.800000    -0.002138    -0.000100    -0.002038 
   72.900000     0.000126    -0.000100     0.000226 
   73.000000    -0.001931    -0.000100    -0.001831 
   73.100000    -0.004003    -0.000100    -0.003903 
   73.200000    -0.000317    -0.000100    -0.000217 
   73.300000    -0.006375    -0.000100    -0.006275 
   73.400000    -0.001283    -0.000100    -0.001183 
   73.500000    -0.002526    -0.000100    -0.002426 
   73.600000     0.001016    -0.000100     0.001116 
   73.700000     0.011065    -0.000100     0.011165 
   73.800000     0.002798    -0.000100     0.002898 
   73.900000     0.008510    -0.000100     0.008610 
   74.000000     0.008309    -0.000100     0.008409 
   74.100000    -0.001164    -0.000100    -0.001064 
   74.200000    -0.007995    -0.000100    -0.007895 
   74.300000    -0.009107    -0.000100    -0.009007 
   74.400000     0.004047    -0.000100     0.004147 
   74.500000     0.001508    -0.000100     0.001608 
   74.600000    -0.001665    -0.000100    -0.001565 
   74.700000    -0.000581    -0.000100    -0.000481 
   74.800000     0.001698    -0.000100     0.001798 
   74.900000     0.002561    -0.000100     0.002661 
   75.000000     0.003993    -0.000100     0.004093 
   75.100000     0.002377    -0.000100     0.002477 
   75.200000     0.002335    -0.000100     0.002435 
   75.300000     0.000535    -0.000100     0.000635 
   75.400000     0.002375    -0.000100     0.002475 
   75.500000    -0.005104    -0.000100    -0.005004 
   75.600000    -0.005913    -0.000100    -0.005813 
   75.700000    -0.000626    -0.000100    -0.000526 
   75.800000     0.009040    -0.000100     0.009140 
   75.900000     0.006334    -0.000100     0.006434 
   76.000000     0.003357    -0.000100     0.003457 
   76.100000    -0.003879    -0.000100    -0.003779 
   76.200000    -0.002540    -0.000100    -0.002440 
   76.300000    -0.002272    -0.000100    -0.002172 
   76.400000    -0.003965    -0.000100    -0.003865 
   76.500000     0.001198    -0.000100     0.001298 
   76.600000     0.001496    -0.000100     0.001596 
   76.700000     0.002366    -0.000100     0.002466 
   76.800000    -0.000579    -0.000100    -0.000479 
   76.900000    -0.003154    -0.000100    -0.003054 
   77.000000    -0.004218    -0.000100    -0.004118 
   77.100000    -0.004681    -0.000100    -0.004581 
   77.200000    -0.005456    -0.000100    -0.005356 
   77.300000     0.000540    -0.000100     0.000640 
   77.400000    -0.001712    -0.000100    -0.001612 
   77.500000    -0.004305    -0.000100    -0.004205 
   77.600000    -0.006582    -0.000100    -0.006482 
   77.700000    -0.007180    -0.000100    -0.007080 
   77.800000    -0.001628    -0.000100    -0.001528 
   77.900000    -0.006954    -0.000100    -0.006854 
   78.000000    -0.000437    -0.000100    -0.000337 
   78.100000    -0.002508    -0.000100    -0.002408 
   78.200000    -0.000202    -0.000100    -0.000102 
   78.300000     0.002708    -0.000100     0.002808 
   78.400000     0.001514    -0.000100     0.001614 
   78.500000     0.000841    -0.000100     0.000941 
   78.600000     0.000966    -0.000100     0.001066 
   78.700000     0.004274    -0.000100     0.004374 
   78.800000    -0.000832    -0.000100    -0.000732 
   78.900000     0.000196    -0.000100     0.000296 
   79.000000     0.000206    -0.000100     0.000306 
   79.100000     0.001171    -0.000100     0.001271 
   79.200000     0.006132    -0.000100     0.006232 
   79.300000     0.004546    -0.000100     0.004646 
   79.400000     0.004589    -0.000100     0.004689 
   79.500000     0.002145    -0.000100     0.002245 
   79.600000     0.000229    -0.000100     0.000329 
   79.700000    -0.001402    -0.000100    -0.001302 
   79.800000     0.003174    -0.000100     0.003274 
   79.900000     0.001378    -0.000100     0.001478 
   80.000000    -0.002934    -0.000100    -0.002834 
   80.100000     0.000889    -0.000100     0.000989 
   80.200000    -0.002156    -0.000100    -0.002056 
   80.300000    -0.000471    -0.000100    -0.000371 
   80.400000     0.002537    -0.000100     0.002637 
   80.500000     0.001838    -0.000100     0.001938 
   80.600000     0.004294    -0.000100     0.004394 
   80.700000     0.004391    -0.000100     0.004491 
   80.800000     0.001671    -0.000100     0.001771 
   80.900000     0.003363    -0.000100     0.003463 
   81.000000     0.004552    -0.000100     0.004652 
   81.100000    -0.001208    -0.000100    -0.001108 
   81.200000    -0.001518    -0.000100    -0.001418 
   81.300000    -0.000881    -0.000100    -0.000781 
   81.400000    -0.003749    -0.000100    -0.003649 
   81.500000    -0.005048    -0.000100    -0.004948 
   81.600000    -0.002614    -0.000100    -0.002514 
   81.700000     0.000848    -0.000100     0.000948 
   81.800000     0.002729    -0.000100     0.002829 
   81.900000     0.001424    -0.000100     0.001524 
   82.000000    -0.002814    -0.000100    -0.002714 
   82.100000    -0.003349    -0.000100    -0.003249 
   82.200000    -0.005070    -0.000100    -0.004970 
   82.300000    -0.003313    -0.000100    -0.003213 
   82.400000    -0.008380    -0.000100    -0.008280 
   82.500000    -0.009929    -0.000100    -0.009829 
   82.600000    -0.001642    -0.000100    -0.001542 
   82.700000    -0.000698    -0.000100    -0.000598 
   82.800000     0.003072    -0.000100     0.003172 
   82.900000    -0.003063    -0.000100    -0.002963 
   83.000000    -0.003340    -0.000100    -0.003240 
   83.100000    -0.004816    -0.000100    -0.004716 
   83.200000    -0.003163    -0.000100    -0.003063 
   83.300000    -0.000047    -0.000100     0.000053 
   83.400000    -0.002293    -0.000100    -0.002193 
   83.500000    -0.001380    -0.000100    -0.001280 
   83.600000    -0.001402    -0.000100    -0.001302 
   83.700000    -0.005165    -0.000100    -0.005065 
   83.800000    -0.004891    -0.000100    -0.004791 
   83.900000     0.001320    -0.000100     0.001420 
   84.000000     0.001521    -0.000100     0.001621 
   84.100000     0.002514    -0.000100     0.002614 
   84.200000    -0.000958    -0.000100    -0.000858 
   84.300000     0.001159    -0.000100     0.001259 
   84.400000     0.000012    -0.000100     0.000112 
   84.500000    -0.000328    -0.000100    -0.000228 
   84.600000    -0.002716    -0.000100    -0.002616 
   84.700000    -0.001117    -0.000100    -0.001017 
   84.800000    -0.001498    -0.000100    -0.001398 
   84.900000    -0.000020    -0.000100     0.000080 
   85.000000    -0.000847    -0.000100    -0.000747 
   85.100000    -0.001334    -0.000100    -0.001234 
   85.200000     0.000212    -0.000100     0.000312 
   85.300000    -0.004746    -0.000100    -0.004646 
   85.400000     0.001290    -0.000100     0.001390 
   85.500000     0.000282    -0.000100     0.000382 
   85.600000    -0.001690    -0.000100    -0.001590 
   85.700000     0.001326    -0.000100     0.001426 
   85.800000     0.003173    -0.000100     0.003273 
   85.900000     0.002030    -0.000100     0.002130 
   86.000000     0.001367    -0.000100     0.001467 
   86.100000    -0.002378    -0.000100    -0.002278 
   86.200000     0.001689    -0.000100     0.001789 
   86.300000     0.000702    -0.000100     0.000802 
   86.400000     0.010097    -0.000100     0.010197 
   86.500000    -0.004432    -0.000100    -0.004332 
   86.600000     0.001431    -0.000100     0.001531 
   86.700000     0.001931    -0.000100     0.002031 
   86.800000     0.002746    -0.000100     0.002846 
   86.900000    -0.000646    -0.000100    -0.000546 
   87.000000     0.000131    -0.000100     0.000231 
   87.100000     0.003509    -0.000100     0.003609 
   87.200000     0.001301    -0.000100     0.001401 
   87.300000     0.003592    -0.000100     0.003692 
   87.400000    -0.003718    -0.000100    -0.003618 
   87.500000    -0.002904    -0.000100    -0.002804 
   87.600000    -0.002098    -0.000100    -0.001998 
   87.700000    -0.001651    -0.000100    -0.001551 
   87.800000    -0.003250    -0.000100    -0.003150 
   87.900000    -0.006390    -0.000100    -0.006290 
   88.000000     0.001151    -0.000100     0.001251 
   88.100000    -0.004649    -0.000100    -0.004549 
   88.200000    -0.006043    -0.000100    -0.005943 
   88.300000    -0.002760    -0.000100    -0.002660 
   88.400000    -0.003417    -0.000100    -0.003317 
   88.500000    -0.002415    -0.000100    -0.002315 
   88.600000     0.004760    -0.000100     0.004860 
   88.700000     0.002305    -0.000100     0.002405 
   88.800000    -0.003267    -0.000100    -0.003167 
   88.900000    -0.003418    -0.000100    -0.003318 
   89.000000     0.003454    -0.000100     0.003554 
   89.100000     0.000449    -0.000100     0.000549 
   89.200000    -0.003284    -0.000100    -0.003184 
   89.300000    -0.000065    -0.000100     0.000035 
   89.400000    -0.007113    -0.000100    -0.007013 
   89.500000    -0.001251    -0.000100    -0.001151 
   89.600000    -0.001428    -0.000100    -0.001328 
   89.700000     0.001725    -0.000100     0.001825 
   89.800000     0.002141    -0.000100     0.002241 
   89.900000    -0.004075    -0.000100    -0.003975 
   90.000000    -0.003833    -0.000100    -0.003733 
   90.100000    -0.007673    -0.000100    -0.007573 
   90.200000    -0.001517    -0.000100    -0.001417 
   90.300000    -0.002642    -0.000100    -0.002542 
   90.400000     0.003472    -0.000100     0.003572 
   90.500000     0.001476    -0.000100     0.001576 
   90.600000     0.003965    -0.000100     0.004065 
   90.700000     0.001691    -0.000100     0.001791 
   90.800000    -0.002156    -0.000100    -0.002056 
   90.900000     0.001692    -0.000100     0.001792 
   91.000000     0.001501    -0.000100     0.001601 
   91.100000     0.003326    -0.000100     0.003426 
   91.200000     0.001878    -0.000100     0.001978 
   91.300000     0.006377    -0.000100     0.006477 
   91.400000     0.009512    -0.000100     0.009612 
   91.500000     0.008056    -0.000100     0.008156 
   91.600000     0.011082    -0.000100     0.011182 
   91.700000     0.005340    -0.000100     0.005440 
   91.800000     0.000031    -0.000100     0.000131 
   91.900000     0.007947    -0.000100     0.008047 
   92.000000     0.000718    -0.000100     0.000818 
   92.100000    -0.001783    -0.000100    -0.001683 
   92.200000    -0.006174    -0.000100    -0.006074 
   92.300000    -0.001323    -0.000100    -0.001223 
   92.400000     0.001738    -0.000100     0.001838 
   92.500000     0.003450    -0.000100     0.003550 
   92.600000     0.000766    -0.000100     0.000866 
   92.700000    -0.001085    -0.000100    -0.000985 
   92.800000    -0.001872    -0.000100    -0.001772 
   92.900000    -0.009736    -0.000100    -0.009636 
   93.000000    -0.003563    -0.000100    -0.003463 
   93.100000    -0.003462    -0.000100    -0.003362 
   93.200000    -0.001367    -0.000100    -0.001267 
   93.300000     0.000158    -0.000100     0.000258 
   93.400000     0.001283    -0.000100     0.001383 
   93.500000    -0.000223    -0.000100    -0.000123 
   93.600000     0.005312    -0.000100     0.005412 
   93.700000     0.009294    -0.000100     0.009394 
   93.800000     0.006136    -0.000100     0.006236 
   93.900000     0.003660    -0.000100     0.003760 
   94.000000     0.000279    -0.000100     0.000379 
   94.100000    -0.007576    -0.000100    -0.007476 
   94.200000    -0.004830    -0.000100    -0.004730 
   94.300000     0.003553    -0.000100     0.003653 
   94.400000     0.001753    -0.000100     0.001853 
   94.500000    -0.003151    -0.000100    -0.003051 
   94.600000     0.002702    -0.000100     0.002802 
   94.700000    -0.001940    -0.000100    -0.001840 
   94.800000    -0.003724    -0.000100    -0.003624 
   94.900000     0.001741    -0.000100     0.001841 
   95.000000    -0.000073    -0.000100     0.000027 
   95.100000    -0.006426    -0.000100    -0.006326 
   95.200000    -0.006171    -0.000100    -0.006071 
   95.300000     0.000341    -0.000100     0.000441 
   95.400000     0.001652    -0.000100     0.001752 
   95.500000     0.000692    -0.000100     0.000792 
   95.600000    -0.002292    -0.000100    -0.002192 
   95.700000     0.002593    -0.000100     0.002693 
   95.800000    -0.001534    -0.000100    -0.001434 
   95.900000    -0.000307    -0.000100    -0.000207 
   96.000000    -0.003761    -0.000100    -0.003661 
   96.100000    -0.006501    -0.000100    -0.006401 
   96.200000    -0.004137    -0.000100    -0.004037 
   96.300000     0.001995    -0.000100     0.002095 
   96.400000     0.008678    -0.000100     0.008778 
   96.500000     0.006261    -0.000100     0.006361 
   96.600000     0.007552    -0.000100     0.007652 
   96.700000     0.003647    -0.000100     0.003747 
   96.800000     0.003845    -0.000100     0.003945 
   96.900000     0.003356    -0.000100     0.003456 
   97.000000     0.011057    -0.000100     0.011157 
   97.100000     0.008833    -0.000100     0.008933 
   97.200000     0.008833    -0.000100     0.008933 
   97.300000     0.008729    -0.000100     0.008829 
   97.400000     0.005741    -0.000100     0.005841 
   97.500000    -0.000276    -0.000100    -0.000176 
   97.600000     0.002965    -0.000100     0.003065 
   97.700000    -0.003553    -0.000100    -0.003453 
   97.800000    -0.002747    -0.000100    -0.002647 
   97.900000     0.002876    -0.000100     0.002976 
   98.000000     0.007155    -0.000100     0.007255 
   98.100000     0.003310    -0.000100     0.003410 
   98.200000     0.005175    -0.000100     0.005275 
   98.300000     0.002130    -0.000100     0.002230 
   98.400000     0.005494    -0.000100     0.005594 
   98.500000     0.001090    -0.000100     0.001190 
   98.600000     0.000817    -0.000100     0.000917 
   98.700000     0.002356    -0.000100     0.002456 
   98.800000     0.002361    -0.000100     0.002461 
   98.900000     0.003525    -0.000100     0.003625 
   99.000000     0.005519    -0.000100     0.005619 
   99.100000     0.005360    -0.000100     0.005460 
   99.200000     0.003715    -0.000100     0.003815 
   99.300000     0.006257    -0.000100     0.006357 
   99.400000     0.006587    -0.000100     0.006687 
   99.500000    -0.002731    -0.000100    -0.002631 
   99.600000    -0.008647    -0.000100    -0.008547 
   99.700000    -0.001573    -0.000100    -0.001473 
   99.800000     0.001109    -0.000100     0.001209 
   99.900000     0.002561    -0.000100     0.002661 
  100.000000    -0.001927    -0.000100    -0.001827 
