##fit: rolloffp.out
    0.500000     0.013147     0.014910    -0.001763 
    0.600000     0.013128     0.012335     0.000793 
    0.700000     0.013332     0.010201     0.003131 
    0.800000     0.010533     0.008432     0.002101 
    0.900000     0.006046     0.006966    -0.000920 
    1.000000     0.001888     0.005750    -0.003862 
    1.100000     0.002350     0.004743    -0.002393 
    1.200000     0.001019     0.003908    -0.002889 
    1.300000     0.003649     0.003215     0.000434 
    1.400000     0.004663     0.002642     0.002021 
    1.500000     0.008302     0.002166     0.006136 
    1.600000     0.001853     0.001772     0.000081 
    1.700000     0.000090     0.001445    -0.001355 
    1.800000     0.001173     0.001174    -0.000001 
    1.900000     0.002441     0.000950     0.001491 
    2.000000     0.001485     0.000764     0.000721 
    2.100000     0.002012     0.000609     0.001403 
    2.200000    -0.002150     0.000482    -0.002632 
    2.300000     0.000327     0.000376    -0.000049 
    2.400000    -0.000506     0.000288    -0.000794 
    2.500000     0.000268     0.000215     0.000053 
    2.600000    -0.001129     0.000155    -0.001284 
    2.700000    -0.001709     0.000105    -0.001814 
    2.800000    -0.004832     0.000063    -0.004895 
    2.900000    -0.003421     0.000029    -0.003450 
    3.000000    -0.002333     0.000000    -0.002333 
    3.100000     0.000377    -0.000023     0.000400 
    3.200000     0.001367    -0.000043     0.001410 
    3.300000     0.003848    -0.000059     0.003907 
    3.400000     0.006910    -0.000073     0.006983 
    3.500000     0.000554    -0.000084     0.000638 
    3.600000    -0.001592    -0.000093    -0.001499 
    3.700000     0.001991    -0.000101     0.002092 
    3.800000     0.000748    -0.000107     0.000855 
    3.900000    -0.003381    -0.000112    -0.003269 
    4.000000    -0.000890    -0.000117    -0.000773 
    4.100000     0.000900    -0.000120     0.001020 
    4.200000     0.000997    -0.000123     0.001120 
    4.300000     0.002330    -0.000126     0.002456 
    4.400000     0.002759    -0.000128     0.002887 
    4.500000     0.001858    -0.000129     0.001987 
    4.600000     0.004471    -0.000131     0.004602 
    4.700000     0.000599    -0.000132     0.000731 
    4.800000    -0.000082    -0.000133     0.000051 
    4.900000    -0.004391    -0.000134    -0.004257 
    5.000000    -0.001667    -0.000134    -0.001533 
    5.100000    -0.002215    -0.000135    -0.002080 
    5.200000     0.000099    -0.000135     0.000234 
    5.300000    -0.001238    -0.000136    -0.001102 
    5.400000     0.004703    -0.000136     0.004839 
    5.500000     0.000067    -0.000136     0.000203 
    5.600000     0.006639    -0.000137     0.006776 
    5.700000     0.002033    -0.000137     0.002170 
    5.800000     0.002787    -0.000137     0.002924 
    5.900000     0.000807    -0.000137     0.000944 
    6.000000    -0.001860    -0.000137    -0.001723 
    6.100000    -0.000854    -0.000137    -0.000717 
    6.200000    -0.000094    -0.000137     0.000043 
    6.300000    -0.003156    -0.000137    -0.003019 
    6.400000    -0.000462    -0.000137    -0.000325 
    6.500000    -0.003825    -0.000137    -0.003688 
    6.600000    -0.004211    -0.000137    -0.004074 
    6.700000    -0.000714    -0.000138    -0.000576 
    6.800000    -0.004127    -0.000138    -0.003989 
    6.900000    -0.000492    -0.000138    -0.000354 
    7.000000     0.003625    -0.000138     0.003763 
    7.100000     0.000163    -0.000138     0.000301 
    7.200000    -0.005356    -0.000138    -0.005218 
    7.300000    -0.006442    -0.000138    -0.006304 
    7.400000    -0.001170    -0.000138    -0.001032 
    7.500000    -0.004385    -0.000138    -0.004247 
    7.600000    -0.004871    -0.000138    -0.004733 
    7.700000     0.000484    -0.000138     0.000622 
    7.800000     0.000632    -0.000138     0.000770 
    7.900000     0.001153    -0.000138     0.001291 
    8.000000     0.002184    -0.000138     0.002322 
    8.100000     0.002965    -0.000138     0.003103 
    8.200000     0.000226    -0.000138     0.000364 
    8.300000    -0.000449    -0.000138    -0.000311 
    8.400000     0.001355    -0.000138     0.001493 
    8.500000     0.001379    -0.000138     0.001517 
    8.600000    -0.002316    -0.000138    -0.002178 
    8.700000    -0.006012    -0.000138    -0.005874 
    8.800000    -0.001719    -0.000138    -0.001581 
    8.900000    -0.001370    -0.000138    -0.001232 
    9.000000    -0.000049    -0.000138     0.000089 
    9.100000    -0.001353    -0.000138    -0.001215 
    9.200000    -0.001092    -0.000138    -0.000954 
    9.300000    -0.000399    -0.000138    -0.000261 
    9.400000     0.006904    -0.000138     0.007042 
    9.500000     0.003691    -0.000138     0.003829 
    9.600000     0.004897    -0.000138     0.005035 
    9.700000     0.000816    -0.000138     0.000954 
    9.800000    -0.003097    -0.000138    -0.002959 
    9.900000    -0.003583    -0.000138    -0.003445 
   10.000000     0.003170    -0.000138     0.003308 
   10.100000     0.006050    -0.000138     0.006188 
   10.200000     0.003716    -0.000138     0.003854 
   10.300000     0.001067    -0.000138     0.001205 
   10.400000     0.001428    -0.000138     0.001566 
   10.500000     0.001876    -0.000138     0.002014 
   10.600000    -0.000439    -0.000138    -0.000301 
   10.700000     0.002333    -0.000138     0.002471 
   10.800000     0.002538    -0.000138     0.002676 
   10.900000    -0.002235    -0.000138    -0.002097 
   11.000000     0.001181    -0.000138     0.001319 
   11.100000    -0.007960    -0.000138    -0.007822 
   11.200000    -0.002156    -0.000138    -0.002018 
   11.300000     0.000958    -0.000138     0.001096 
   11.400000    -0.001099    -0.000138    -0.000961 
   11.500000    -0.001306    -0.000138    -0.001168 
   11.600000     0.003204    -0.000138     0.003342 
   11.700000     0.000328    -0.000138     0.000466 
   11.800000     0.003167    -0.000138     0.003305 
   11.900000    -0.005054    -0.000138    -0.004916 
   12.000000    -0.003275    -0.000138    -0.003137 
   12.100000     0.002100    -0.000138     0.002238 
   12.200000     0.001138    -0.000138     0.001276 
   12.300000    -0.003964    -0.000138    -0.003826 
   12.400000     0.003479    -0.000138     0.003617 
   12.500000    -0.000177    -0.000138    -0.000039 
   12.600000     0.001699    -0.000138     0.001837 
   12.700000     0.001425    -0.000138     0.001563 
   12.800000    -0.005297    -0.000138    -0.005159 
   12.900000    -0.001579    -0.000138    -0.001441 
   13.000000     0.003788    -0.000138     0.003926 
   13.100000    -0.003558    -0.000138    -0.003420 
   13.200000    -0.004274    -0.000138    -0.004136 
   13.300000    -0.005742    -0.000138    -0.005604 
   13.400000    -0.004385    -0.000138    -0.004247 
   13.500000    -0.000138    -0.000138    -0.000000 
   13.600000     0.000077    -0.000138     0.000215 
   13.700000     0.003812    -0.000138     0.003950 
   13.800000     0.000282    -0.000138     0.000420 
   13.900000    -0.004340    -0.000138    -0.004202 
   14.000000    -0.001569    -0.000138    -0.001431 
   14.100000    -0.000216    -0.000138    -0.000078 
   14.200000     0.000308    -0.000138     0.000446 
   14.300000    -0.003482    -0.000138    -0.003344 
   14.400000    -0.001000    -0.000138    -0.000862 
   14.500000    -0.001208    -0.000138    -0.001070 
   14.600000    -0.005379    -0.000138    -0.005241 
   14.700000    -0.003315    -0.000138    -0.003177 
   14.800000    -0.004355    -0.000138    -0.004217 
   14.900000    -0.000633    -0.000138    -0.000495 
   15.000000    -0.000067    -0.000138     0.000071 
   15.100000    -0.003944    -0.000138    -0.003806 
   15.200000    -0.005821    -0.000138    -0.005683 
   15.300000    -0.003281    -0.000138    -0.003143 
   15.400000    -0.008126    -0.000138    -0.007988 
   15.500000    -0.002601    -0.000138    -0.002463 
   15.600000     0.003274    -0.000138     0.003412 
   15.700000     0.001043    -0.000138     0.001181 
   15.800000     0.000389    -0.000138     0.000527 
   15.900000    -0.002418    -0.000138    -0.002280 
   16.000000     0.000033    -0.000138     0.000171 
   16.100000     0.007538    -0.000138     0.007676 
   16.200000    -0.000038    -0.000138     0.000100 
   16.300000    -0.002305    -0.000138    -0.002167 
   16.400000     0.002802    -0.000138     0.002940 
   16.500000     0.000928    -0.000138     0.001066 
   16.600000    -0.002234    -0.000138    -0.002096 
   16.700000     0.000344    -0.000138     0.000482 
   16.800000     0.000508    -0.000138     0.000646 
   16.900000     0.001139    -0.000138     0.001277 
   17.000000     0.002201    -0.000138     0.002339 
   17.100000    -0.000707    -0.000138    -0.000569 
   17.200000     0.001817    -0.000138     0.001955 
   17.300000     0.005642    -0.000138     0.005780 
   17.400000     0.004531    -0.000138     0.004669 
   17.500000     0.002700    -0.000138     0.002838 
   17.600000     0.001690    -0.000138     0.001828 
   17.700000    -0.000097    -0.000138     0.000041 
   17.800000    -0.000196    -0.000138    -0.000058 
   17.900000     0.001281    -0.000138     0.001419 
   18.000000     0.000328    -0.000138     0.000466 
   18.100000     0.001561    -0.000138     0.001699 
   18.200000     0.001243    -0.000138     0.001381 
   18.300000    -0.000164    -0.000138    -0.000026 
   18.400000     0.000106    -0.000138     0.000244 
   18.500000     0.003026    -0.000138     0.003164 
   18.600000    -0.000669    -0.000138    -0.000531 
   18.700000     0.004013    -0.000138     0.004151 
   18.800000    -0.002258    -0.000138    -0.002120 
   18.900000    -0.002595    -0.000138    -0.002457 
   19.000000    -0.001102    -0.000138    -0.000964 
   19.100000    -0.005923    -0.000138    -0.005785 
   19.200000    -0.003606    -0.000138    -0.003468 
   19.300000     0.000846    -0.000138     0.000984 
   19.400000    -0.000868    -0.000138    -0.000730 
   19.500000    -0.004944    -0.000138    -0.004806 
   19.600000    -0.000906    -0.000138    -0.000768 
   19.700000     0.000216    -0.000138     0.000354 
   19.800000     0.000013    -0.000138     0.000151 
   19.900000    -0.001575    -0.000138    -0.001437 
   20.000000    -0.000501    -0.000138    -0.000363 
   20.100000    -0.000982    -0.000138    -0.000844 
   20.200000    -0.006961    -0.000138    -0.006823 
   20.300000    -0.006331    -0.000138    -0.006193 
   20.400000     0.002987    -0.000138     0.003125 
   20.500000     0.002602    -0.000138     0.002740 
   20.600000     0.001186    -0.000138     0.001324 
   20.700000     0.003755    -0.000138     0.003893 
   20.800000     0.002616    -0.000138     0.002754 
   20.900000     0.001166    -0.000138     0.001304 
   21.000000     0.005126    -0.000138     0.005264 
   21.100000    -0.003298    -0.000138    -0.003160 
   21.200000    -0.003680    -0.000138    -0.003542 
   21.300000    -0.000859    -0.000138    -0.000721 
   21.400000    -0.003724    -0.000138    -0.003586 
   21.500000    -0.005859    -0.000138    -0.005721 
   21.600000    -0.004916    -0.000138    -0.004778 
   21.700000    -0.002785    -0.000138    -0.002647 
   21.800000    -0.000597    -0.000138    -0.000459 
   21.900000     0.002652    -0.000138     0.002790 
   22.000000     0.003411    -0.000138     0.003549 
   22.100000    -0.000202    -0.000138    -0.000064 
   22.200000     0.000977    -0.000138     0.001115 
   22.300000    -0.002077    -0.000138    -0.001939 
   22.400000    -0.004317    -0.000138    -0.004179 
   22.500000    -0.003253    -0.000138    -0.003115 
   22.600000    -0.001054    -0.000138    -0.000916 
   22.700000     0.000902    -0.000138     0.001040 
   22.800000    -0.004879    -0.000138    -0.004741 
   22.900000    -0.002930    -0.000138    -0.002792 
   23.000000    -0.003016    -0.000138    -0.002878 
   23.100000    -0.002678    -0.000138    -0.002540 
   23.200000    -0.004852    -0.000138    -0.004714 
   23.300000    -0.003461    -0.000138    -0.003323 
   23.400000    -0.005563    -0.000138    -0.005425 
   23.500000    -0.006186    -0.000138    -0.006048 
   23.600000     0.000867    -0.000138     0.001005 
   23.700000     0.000811    -0.000138     0.000949 
   23.800000     0.001357    -0.000138     0.001495 
   23.900000    -0.001265    -0.000138    -0.001127 
   24.000000    -0.000741    -0.000138    -0.000603 
   24.100000     0.000750    -0.000138     0.000888 
   24.200000    -0.001515    -0.000138    -0.001377 
   24.300000    -0.001815    -0.000138    -0.001677 
   24.400000     0.003386    -0.000138     0.003524 
   24.500000     0.004241    -0.000138     0.004379 
   24.600000     0.000172    -0.000138     0.000310 
   24.700000    -0.000748    -0.000138    -0.000610 
   24.800000     0.002618    -0.000138     0.002756 
   24.900000     0.002091    -0.000138     0.002229 
   25.000000     0.006032    -0.000138     0.006170 
   25.100000     0.006014    -0.000138     0.006152 
   25.200000     0.005058    -0.000138     0.005196 
   25.300000     0.003026    -0.000138     0.003164 
   25.400000    -0.000256    -0.000138    -0.000118 
   25.500000     0.002536    -0.000138     0.002674 
   25.600000    -0.000292    -0.000138    -0.000154 
   25.700000     0.002187    -0.000138     0.002325 
   25.800000     0.003227    -0.000138     0.003365 
   25.900000     0.003073    -0.000138     0.003211 
   26.000000     0.002846    -0.000138     0.002984 
   26.100000     0.003432    -0.000138     0.003570 
   26.200000     0.004445    -0.000138     0.004583 
   26.300000     0.003614    -0.000138     0.003752 
   26.400000     0.000990    -0.000138     0.001128 
   26.500000     0.000522    -0.000138     0.000660 
   26.600000    -0.002284    -0.000138    -0.002146 
   26.700000    -0.000018    -0.000138     0.000120 
   26.800000     0.003893    -0.000138     0.004031 
   26.900000    -0.001529    -0.000138    -0.001391 
   27.000000     0.005469    -0.000138     0.005607 
   27.100000     0.002089    -0.000138     0.002227 
   27.200000     0.000962    -0.000138     0.001100 
   27.300000    -0.001692    -0.000138    -0.001554 
   27.400000     0.000223    -0.000138     0.000361 
   27.500000     0.002520    -0.000138     0.002658 
   27.600000     0.000553    -0.000138     0.000691 
   27.700000     0.005174    -0.000138     0.005312 
   27.800000     0.002130    -0.000138     0.002268 
   27.900000     0.002520    -0.000138     0.002658 
   28.000000     0.001698    -0.000138     0.001836 
   28.100000     0.006013    -0.000138     0.006151 
   28.200000     0.005367    -0.000138     0.005505 
   28.300000     0.004035    -0.000138     0.004173 
   28.400000    -0.002525    -0.000138    -0.002387 
   28.500000    -0.003377    -0.000138    -0.003239 
   28.600000    -0.002594    -0.000138    -0.002456 
   28.700000     0.001273    -0.000138     0.001411 
   28.800000    -0.001275    -0.000138    -0.001137 
   28.900000    -0.004063    -0.000138    -0.003925 
   29.000000    -0.003169    -0.000138    -0.003031 
   29.100000     0.001061    -0.000138     0.001199 
   29.200000    -0.002199    -0.000138    -0.002061 
   29.300000     0.002680    -0.000138     0.002818 
   29.400000     0.002155    -0.000138     0.002293 
   29.500000    -0.000939    -0.000138    -0.000801 
   29.600000    -0.001931    -0.000138    -0.001793 
   29.700000    -0.001886    -0.000138    -0.001748 
   29.800000    -0.002796    -0.000138    -0.002658 
   29.900000    -0.001930    -0.000138    -0.001792 
   30.000000     0.000798    -0.000138     0.000936 
   30.100000    -0.003159    -0.000138    -0.003021 
   30.200000     0.000483    -0.000138     0.000621 
   30.300000     0.001083    -0.000138     0.001221 
   30.400000    -0.001382    -0.000138    -0.001244 
   30.500000    -0.001148    -0.000138    -0.001010 
   30.600000     0.002878    -0.000138     0.003016 
   30.700000     0.002469    -0.000138     0.002607 
   30.800000     0.001668    -0.000138     0.001806 
   30.900000    -0.001724    -0.000138    -0.001586 
   31.000000    -0.001660    -0.000138    -0.001522 
   31.100000     0.001386    -0.000138     0.001524 
   31.200000     0.001571    -0.000138     0.001709 
   31.300000    -0.005022    -0.000138    -0.004884 
   31.400000    -0.005707    -0.000138    -0.005569 
   31.500000    -0.002130    -0.000138    -0.001992 
   31.600000    -0.006627    -0.000138    -0.006489 
   31.700000    -0.003836    -0.000138    -0.003698 
   31.800000     0.000542    -0.000138     0.000680 
   31.900000     0.002386    -0.000138     0.002524 
   32.000000    -0.001729    -0.000138    -0.001591 
   32.100000     0.002564    -0.000138     0.002702 
   32.200000     0.004487    -0.000138     0.004625 
   32.300000     0.001365    -0.000138     0.001503 
   32.400000     0.002366    -0.000138     0.002504 
   32.500000     0.003799    -0.000138     0.003937 
   32.600000     0.002937    -0.000138     0.003075 
   32.700000    -0.001089    -0.000138    -0.000951 
   32.800000    -0.002169    -0.000138    -0.002031 
   32.900000    -0.002569    -0.000138    -0.002431 
   33.000000    -0.000245    -0.000138    -0.000107 
   33.100000    -0.000193    -0.000138    -0.000055 
   33.200000     0.002795    -0.000138     0.002933 
   33.300000     0.001475    -0.000138     0.001613 
   33.400000     0.001953    -0.000138     0.002091 
   33.500000     0.001589    -0.000138     0.001727 
   33.600000     0.004519    -0.000138     0.004657 
   33.700000     0.001116    -0.000138     0.001254 
   33.800000    -0.002369    -0.000138    -0.002231 
   33.900000     0.002234    -0.000138     0.002372 
   34.000000     0.002188    -0.000138     0.002326 
   34.100000     0.001902    -0.000138     0.002040 
   34.200000     0.000434    -0.000138     0.000572 
   34.300000    -0.003986    -0.000138    -0.003848 
   34.400000    -0.000823    -0.000138    -0.000685 
   34.500000    -0.001879    -0.000138    -0.001741 
   34.600000     0.002896    -0.000138     0.003034 
   34.700000    -0.000666    -0.000138    -0.000528 
   34.800000    -0.000015    -0.000138     0.000123 
   34.900000     0.001313    -0.000138     0.001451 
   35.000000     0.001587    -0.000138     0.001725 
   35.100000    -0.000932    -0.000138    -0.000794 
   35.200000    -0.002068    -0.000138    -0.001930 
   35.300000    -0.004905    -0.000138    -0.004767 
   35.400000    -0.001312    -0.000138    -0.001174 
   35.500000    -0.003505    -0.000138    -0.003367 
   35.600000    -0.000554    -0.000138    -0.000416 
   35.700000    -0.001114    -0.000138    -0.000976 
   35.800000    -0.000629    -0.000138    -0.000491 
   35.900000    -0.006562    -0.000138    -0.006424 
   36.000000     0.000099    -0.000138     0.000237 
   36.100000     0.001639    -0.000138     0.001777 
   36.200000     0.003010    -0.000138     0.003148 
   36.300000     0.001762    -0.000138     0.001900 
   36.400000    -0.000070    -0.000138     0.000068 
   36.500000    -0.000788    -0.000138    -0.000650 
   36.600000    -0.000250    -0.000138    -0.000112 
   36.700000    -0.004242    -0.000138    -0.004104 
   36.800000    -0.001824    -0.000138    -0.001686 
   36.900000    -0.000873    -0.000138    -0.000735 
   37.000000    -0.002276    -0.000138    -0.002138 
   37.100000     0.003518    -0.000138     0.003656 
   37.200000     0.005695    -0.000138     0.005833 
   37.300000     0.005624    -0.000138     0.005762 
   37.400000     0.002483    -0.000138     0.002621 
   37.500000     0.003197    -0.000138     0.003335 
   37.600000     0.003647    -0.000138     0.003785 
   37.700000     0.003489    -0.000138     0.003627 
   37.800000     0.000056    -0.000138     0.000194 
   37.900000     0.000081    -0.000138     0.000219 
   38.000000     0.004202    -0.000138     0.004340 
   38.100000     0.004443    -0.000138     0.004581 
   38.200000     0.003823    -0.000138     0.003961 
   38.300000    -0.001585    -0.000138    -0.001447 
   38.400000     0.001872    -0.000138     0.002010 
   38.500000    -0.003461    -0.000138    -0.003323 
   38.600000    -0.001318    -0.000138    -0.001180 
   38.700000    -0.001400    -0.000138    -0.001262 
   38.800000    -0.000561    -0.000138    -0.000423 
   38.900000    -0.004572    -0.000138    -0.004434 
   39.000000    -0.002046    -0.000138    -0.001908 
   39.100000    -0.001773    -0.000138    -0.001635 
   39.200000    -0.001633    -0.000138    -0.001495 
   39.300000     0.002643    -0.000138     0.002781 
   39.400000     0.005835    -0.000138     0.005973 
   39.500000     0.002034    -0.000138     0.002172 
   39.600000     0.003512    -0.000138     0.003650 
   39.700000    -0.002965    -0.000138    -0.002827 
   39.800000    -0.000977    -0.000138    -0.000839 
   39.900000    -0.003894    -0.000138    -0.003756 
   40.000000    -0.005729    -0.000138    -0.005591 
   40.100000    -0.006322    -0.000138    -0.006184 
   40.200000    -0.000715    -0.000138    -0.000577 
   40.300000     0.002525    -0.000138     0.002663 
   40.400000    -0.001694    -0.000138    -0.001556 
   40.500000     0.000129    -0.000138     0.000267 
   40.600000     0.003852    -0.000138     0.003990 
   40.700000     0.003856    -0.000138     0.003994 
   40.800000     0.000906    -0.000138     0.001044 
   40.900000     0.002011    -0.000138     0.002149 
   41.000000    -0.001027    -0.000138    -0.000889 
   41.100000    -0.000681    -0.000138    -0.000543 
   41.200000     0.002055    -0.000138     0.002193 
   41.300000    -0.003535    -0.000138    -0.003397 
   41.400000     0.000125    -0.000138     0.000263 
   41.500000    -0.001396    -0.000138    -0.001258 
   41.600000    -0.005529    -0.000138    -0.005391 
   41.700000     0.000647    -0.000138     0.000785 
   41.800000     0.002447    -0.000138     0.002585 
   41.900000    -0.000064    -0.000138     0.000074 
   42.000000     0.001203    -0.000138     0.001341 
   42.100000     0.000180    -0.000138     0.000318 
   42.200000     0.001532    -0.000138     0.001670 
   42.300000    -0.002024    -0.000138    -0.001886 
   42.400000     0.005342    -0.000138     0.005480 
   42.500000    -0.000675    -0.000138    -0.000537 
   42.600000    -0.003287    -0.000138    -0.003149 
   42.700000     0.000930    -0.000138     0.001068 
   42.800000     0.000703    -0.000138     0.000841 
   42.900000     0.000712    -0.000138     0.000850 
   43.000000    -0.002415    -0.000138    -0.002277 
   43.100000     0.003814    -0.000138     0.003952 
   43.200000     0.004208    -0.000138     0.004346 
   43.300000     0.003643    -0.000138     0.003781 
   43.400000     0.003361    -0.000138     0.003499 
   43.500000     0.003363    -0.000138     0.003501 
   43.600000     0.000276    -0.000138     0.000414 
   43.700000     0.000234    -0.000138     0.000372 
   43.800000    -0.000257    -0.000138    -0.000119 
   43.900000    -0.002083    -0.000138    -0.001945 
   44.000000    -0.000986    -0.000138    -0.000848 
   44.100000    -0.002995    -0.000138    -0.002857 
   44.200000    -0.000887    -0.000138    -0.000749 
   44.300000    -0.001466    -0.000138    -0.001328 
   44.400000    -0.002081    -0.000138    -0.001943 
   44.500000    -0.003899    -0.000138    -0.003761 
   44.600000     0.001118    -0.000138     0.001256 
   44.700000     0.001310    -0.000138     0.001448 
   44.800000     0.004334    -0.000138     0.004472 
   44.900000     0.001923    -0.000138     0.002061 
   45.000000     0.002941    -0.000138     0.003079 
   45.100000     0.003090    -0.000138     0.003228 
   45.200000    -0.005489    -0.000138    -0.005351 
   45.300000    -0.006979    -0.000138    -0.006841 
   45.400000    -0.003767    -0.000138    -0.003629 
   45.500000    -0.002781    -0.000138    -0.002643 
   45.600000    -0.000028    -0.000138     0.000110 
   45.700000     0.000372    -0.000138     0.000510 
   45.800000    -0.000483    -0.000138    -0.000345 
   45.900000    -0.002904    -0.000138    -0.002766 
   46.000000     0.000055    -0.000138     0.000193 
   46.100000     0.001740    -0.000138     0.001878 
   46.200000    -0.000847    -0.000138    -0.000709 
   46.300000    -0.000864    -0.000138    -0.000726 
   46.400000    -0.003080    -0.000138    -0.002942 
   46.500000    -0.001575    -0.000138    -0.001437 
   46.600000     0.002218    -0.000138     0.002356 
   46.700000    -0.003496    -0.000138    -0.003358 
   46.800000    -0.002440    -0.000138    -0.002302 
   46.900000    -0.002345    -0.000138    -0.002207 
   47.000000    -0.000101    -0.000138     0.000037 
   47.100000     0.000139    -0.000138     0.000277 
   47.200000    -0.002535    -0.000138    -0.002397 
   47.300000    -0.004771    -0.000138    -0.004633 
   47.400000    -0.003224    -0.000138    -0.003086 
   47.500000    -0.003048    -0.000138    -0.002910 
   47.600000    -0.000778    -0.000138    -0.000640 
   47.700000     0.006685    -0.000138     0.006823 
   47.800000     0.000353    -0.000138     0.000491 
   47.900000     0.000375    -0.000138     0.000513 
   48.000000    -0.000145    -0.000138    -0.000007 
   48.100000    -0.001599    -0.000138    -0.001461 
   48.200000    -0.000561    -0.000138    -0.000423 
   48.300000    -0.006888    -0.000138    -0.006750 
   48.400000     0.000749    -0.000138     0.000887 
   48.500000    -0.004834    -0.000138    -0.004696 
   48.600000    -0.000875    -0.000138    -0.000737 
   48.700000    -0.001096    -0.000138    -0.000958 
   48.800000     0.001873    -0.000138     0.002011 
   48.900000     0.000984    -0.000138     0.001122 
   49.000000    -0.001157    -0.000138    -0.001019 
   49.100000    -0.000707    -0.000138    -0.000569 
   49.200000    -0.004613    -0.000138    -0.004475 
   49.300000    -0.004774    -0.000138    -0.004636 
   49.400000    -0.007118    -0.000138    -0.006980 
   49.500000     0.002153    -0.000138     0.002291 
   49.600000    -0.002296    -0.000138    -0.002158 
   49.700000     0.002305    -0.000138     0.002443 
   49.800000    -0.003863    -0.000138    -0.003725 
   49.900000    -0.004973    -0.000138    -0.004835 
   50.000000    -0.002480    -0.000138    -0.002342 
   50.100000    -0.000763    -0.000138    -0.000625 
   50.200000     0.000097    -0.000138     0.000235 
   50.300000    -0.002108    -0.000138    -0.001970 
   50.400000    -0.000593    -0.000138    -0.000455 
   50.500000    -0.003700    -0.000138    -0.003562 
   50.600000    -0.004822    -0.000138    -0.004684 
   50.700000    -0.007544    -0.000138    -0.007406 
   50.800000    -0.005383    -0.000138    -0.005245 
   50.900000    -0.005054    -0.000138    -0.004916 
   51.000000    -0.002269    -0.000138    -0.002131 
   51.100000    -0.003313    -0.000138    -0.003175 
   51.200000    -0.003437    -0.000138    -0.003299 
   51.300000    -0.003603    -0.000138    -0.003465 
   51.400000    -0.000263    -0.000138    -0.000125 
   51.500000     0.001621    -0.000138     0.001759 
   51.600000    -0.002912    -0.000138    -0.002774 
   51.700000    -0.004261    -0.000138    -0.004123 
   51.800000    -0.005178    -0.000138    -0.005040 
   51.900000     0.000679    -0.000138     0.000817 
   52.000000     0.005515    -0.000138     0.005653 
   52.100000    -0.000583    -0.000138    -0.000445 
   52.200000    -0.000621    -0.000138    -0.000483 
   52.300000    -0.003390    -0.000138    -0.003252 
   52.400000    -0.002921    -0.000138    -0.002783 
   52.500000     0.002996    -0.000138     0.003134 
   52.600000    -0.000230    -0.000138    -0.000092 
   52.700000     0.005113    -0.000138     0.005251 
   52.800000    -0.000477    -0.000138    -0.000339 
   52.900000    -0.000089    -0.000138     0.000049 
   53.000000    -0.002745    -0.000138    -0.002607 
   53.100000    -0.002485    -0.000138    -0.002347 
   53.200000    -0.000762    -0.000138    -0.000624 
   53.300000    -0.000905    -0.000138    -0.000767 
   53.400000    -0.000742    -0.000138    -0.000604 
   53.500000    -0.001091    -0.000138    -0.000953 
   53.600000    -0.000934    -0.000138    -0.000796 
   53.700000    -0.001660    -0.000138    -0.001522 
   53.800000     0.001880    -0.000138     0.002018 
   53.900000    -0.003608    -0.000138    -0.003470 
   54.000000     0.001033    -0.000138     0.001171 
   54.100000    -0.004633    -0.000138    -0.004495 
   54.200000    -0.004094    -0.000138    -0.003956 
   54.300000     0.002385    -0.000138     0.002523 
   54.400000     0.003200    -0.000138     0.003338 
   54.500000    -0.000342    -0.000138    -0.000204 
   54.600000     0.000098    -0.000138     0.000236 
   54.700000    -0.000904    -0.000138    -0.000766 
   54.800000    -0.003692    -0.000138    -0.003554 
   54.900000    -0.002220    -0.000138    -0.002082 
   55.000000    -0.001012    -0.000138    -0.000874 
   55.100000    -0.000860    -0.000138    -0.000722 
   55.200000    -0.003967    -0.000138    -0.003829 
   55.300000    -0.000137    -0.000138     0.000001 
   55.400000    -0.003267    -0.000138    -0.003129 
   55.500000    -0.003566    -0.000138    -0.003428 
   55.600000    -0.001583    -0.000138    -0.001445 
   55.700000     0.002341    -0.000138     0.002479 
   55.800000     0.001053    -0.000138     0.001191 
   55.900000     0.003646    -0.000138     0.003784 
   56.000000    -0.002516    -0.000138    -0.002378 
   56.100000     0.002135    -0.000138     0.002273 
   56.200000     0.000429    -0.000138     0.000567 
   56.300000    -0.003155    -0.000138    -0.003017 
   56.400000    -0.003097    -0.000138    -0.002959 
   56.500000    -0.006375    -0.000138    -0.006237 
   56.600000     0.002597    -0.000138     0.002735 
   56.700000     0.005695    -0.000138     0.005833 
   56.800000     0.000061    -0.000138     0.000199 
   56.900000     0.006225    -0.000138     0.006363 
   57.000000     0.007811    -0.000138     0.007949 
   57.100000     0.008302    -0.000138     0.008440 
   57.200000     0.004666    -0.000138     0.004804 
   57.300000     0.002900    -0.000138     0.003038 
   57.400000     0.002178    -0.000138     0.002316 
   57.500000    -0.000111    -0.000138     0.000027 
   57.600000    -0.001324    -0.000138    -0.001186 
   57.700000     0.001037    -0.000138     0.001175 
   57.800000     0.000418    -0.000138     0.000556 
   57.900000     0.001918    -0.000138     0.002056 
   58.000000    -0.001195    -0.000138    -0.001057 
   58.100000     0.002391    -0.000138     0.002529 
   58.200000     0.001491    -0.000138     0.001629 
   58.300000     0.006166    -0.000138     0.006304 
   58.400000     0.005503    -0.000138     0.005641 
   58.500000     0.000559    -0.000138     0.000697 
   58.600000    -0.000205    -0.000138    -0.000067 
   58.700000    -0.001668    -0.000138    -0.001530 
   58.800000     0.004228    -0.000138     0.004366 
   58.900000     0.007529    -0.000138     0.007667 
   59.000000     0.006844    -0.000138     0.006982 
   59.100000     0.003265    -0.000138     0.003403 
   59.200000     0.001736    -0.000138     0.001874 
   59.300000     0.001141    -0.000138     0.001279 
   59.400000     0.001673    -0.000138     0.001811 
   59.500000    -0.001148    -0.000138    -0.001010 
   59.600000     0.000525    -0.000138     0.000663 
   59.700000    -0.000929    -0.000138    -0.000791 
   59.800000     0.003092    -0.000138     0.003230 
   59.900000    -0.000675    -0.000138    -0.000537 
   60.000000     0.004502    -0.000138     0.004640 
   60.100000     0.001820    -0.000138     0.001958 
   60.200000     0.003343    -0.000138     0.003481 
   60.300000     0.001508    -0.000138     0.001646 
   60.400000     0.004147    -0.000138     0.004285 
   60.500000    -0.000252    -0.000138    -0.000114 
   60.600000     0.003836    -0.000138     0.003974 
   60.700000     0.003610    -0.000138     0.003748 
   60.800000    -0.001730    -0.000138    -0.001592 
   60.900000    -0.003968    -0.000138    -0.003830 
   61.000000    -0.000816    -0.000138    -0.000678 
   61.100000     0.001475    -0.000138     0.001613 
   61.200000     0.003563    -0.000138     0.003701 
   61.300000     0.003727    -0.000138     0.003865 
   61.400000     0.004472    -0.000138     0.004610 
   61.500000     0.008184    -0.000138     0.008322 
   61.600000     0.006446    -0.000138     0.006584 
   61.700000     0.004010    -0.000138     0.004148 
   61.800000    -0.003042    -0.000138    -0.002904 
   61.900000    -0.005870    -0.000138    -0.005732 
   62.000000    -0.004873    -0.000138    -0.004735 
   62.100000     0.001753    -0.000138     0.001891 
   62.200000    -0.002997    -0.000138    -0.002859 
   62.300000    -0.000924    -0.000138    -0.000786 
   62.400000    -0.005417    -0.000138    -0.005279 
   62.500000    -0.005503    -0.000138    -0.005365 
   62.600000    -0.000230    -0.000138    -0.000092 
   62.700000     0.004736    -0.000138     0.004874 
   62.800000     0.002403    -0.000138     0.002541 
   62.900000     0.002582    -0.000138     0.002720 
   63.000000     0.002773    -0.000138     0.002911 
   63.100000    -0.001026    -0.000138    -0.000888 
   63.200000    -0.000679    -0.000138    -0.000541 
   63.300000     0.005216    -0.000138     0.005354 
   63.400000     0.000592    -0.000138     0.000730 
   63.500000     0.001788    -0.000138     0.001926 
   63.600000    -0.000012    -0.000138     0.000126 
   63.700000    -0.002049    -0.000138    -0.001911 
   63.800000    -0.004114    -0.000138    -0.003976 
   63.900000    -0.001600    -0.000138    -0.001462 
   64.000000    -0.000966    -0.000138    -0.000828 
   64.100000    -0.000836    -0.000138    -0.000698 
   64.200000     0.002091    -0.000138     0.002229 
   64.300000    -0.002292    -0.000138    -0.002154 
   64.400000    -0.004943    -0.000138    -0.004805 
   64.500000    -0.004784    -0.000138    -0.004646 
   64.600000    -0.004300    -0.000138    -0.004162 
   64.700000    -0.000827    -0.000138    -0.000689 
   64.800000     0.003061    -0.000138     0.003199 
   64.900000     0.004576    -0.000138     0.004714 
   65.000000     0.002218    -0.000138     0.002356 
   65.100000     0.003889    -0.000138     0.004027 
   65.200000     0.003982    -0.000138     0.004120 
   65.300000     0.002019    -0.000138     0.002157 
   65.400000     0.004307    -0.000138     0.004445 
   65.500000     0.005956    -0.000138     0.006094 
   65.600000     0.001806    -0.000138     0.001944 
   65.700000     0.000262    -0.000138     0.000400 
   65.800000     0.002423    -0.000138     0.002561 
   65.900000     0.005271    -0.000138     0.005409 
   66.000000     0.000015    -0.000138     0.000153 
   66.100000    -0.000931    -0.000138    -0.000793 
   66.200000     0.002179    -0.000138     0.002317 
   66.300000    -0.000729    -0.000138    -0.000591 
   66.400000    -0.003174    -0.000138    -0.003036 
   66.500000    -0.001368    -0.000138    -0.001230 
   66.600000     0.001120    -0.000138     0.001258 
   66.700000     0.003140    -0.000138     0.003278 
   66.800000     0.003601    -0.000138     0.003739 
   66.900000     0.000544    -0.000138     0.000682 
   67.000000    -0.000294    -0.000138    -0.000156 
   67.100000     0.001952    -0.000138     0.002090 
   67.200000    -0.002208    -0.000138    -0.002070 
   67.300000     0.004306    -0.000138     0.004444 
   67.400000     0.003232    -0.000138     0.003370 
   67.500000     0.002683    -0.000138     0.002821 
   67.600000    -0.001255    -0.000138    -0.001117 
   67.700000    -0.001403    -0.000138    -0.001265 
   67.800000     0.000483    -0.000138     0.000621 
   67.900000    -0.006192    -0.000138    -0.006054 
   68.000000    -0.001901    -0.000138    -0.001763 
   68.100000    -0.004071    -0.000138    -0.003933 
   68.200000     0.003391    -0.000138     0.003529 
   68.300000     0.001431    -0.000138     0.001569 
   68.400000     0.001167    -0.000138     0.001305 
   68.500000    -0.000501    -0.000138    -0.000363 
   68.600000     0.005545    -0.000138     0.005683 
   68.700000     0.000376    -0.000138     0.000514 
   68.800000    -0.002462    -0.000138    -0.002324 
   68.900000     0.002815    -0.000138     0.002953 
   69.000000     0.003644    -0.000138     0.003782 
   69.100000     0.004009    -0.000138     0.004147 
   69.200000     0.002815    -0.000138     0.002953 
   69.300000     0.003720    -0.000138     0.003858 
   69.400000     0.000582    -0.000138     0.000720 
   69.500000    -0.000461    -0.000138    -0.000323 
   69.600000     0.003066    -0.000138     0.003204 
   69.700000     0.002383    -0.000138     0.002521 
   69.800000     0.001995    -0.000138     0.002133 
   69.900000     0.000603    -0.000138     0.000741 
   70.000000    -0.001513    -0.000138    -0.001375 
   70.100000    -0.000310    -0.000138    -0.000172 
   70.200000     0.000055    -0.000138     0.000193 
   70.300000    -0.002854    -0.000138    -0.002716 
   70.400000    -0.005794    -0.000138    -0.005656 
   70.500000    -0.001746    -0.000138    -0.001608 
   70.600000    -0.001782    -0.000138    -0.001644 
   70.700000    -0.004287    -0.000138    -0.004149 
   70.800000    -0.000934    -0.000138    -0.000796 
   70.900000    -0.002272    -0.000138    -0.002134 
   71.000000    -0.001539    -0.000138    -0.001401 
   71.100000    -0.002117    -0.000138    -0.001979 
   71.200000     0.002558    -0.000138     0.002696 
   71.300000     0.006645    -0.000138     0.006783 
   71.400000     0.002992    -0.000138     0.003130 
   71.500000     0.002697    -0.000138     0.002835 
   71.600000     0.003442    -0.000138     0.003580 
   71.700000     0.007337    -0.000138     0.007475 
   71.800000     0.002761    -0.000138     0.002899 
   71.900000     0.004403    -0.000138     0.004541 
   72.000000     0.004111    -0.000138     0.004249 
   72.100000    -0.003069    -0.000138    -0.002931 
   72.200000    -0.002858    -0.000138    -0.002720 
   72.300000     0.001286    -0.000138     0.001424 
   72.400000     0.001731    -0.000138     0.001869 
   72.500000     0.002391    -0.000138     0.002529 
   72.600000    -0.001707    -0.000138    -0.001569 
   72.700000    -0.001866    -0.000138    -0.001728 
   72.800000    -0.004864    -0.000138    -0.004726 
   72.900000     0.001314    -0.000138     0.001452 
   73.000000     0.000455    -0.000138     0.000593 
   73.100000     0.005675    -0.000138     0.005813 
   73.200000     0.000239    -0.000138     0.000377 
   73.300000    -0.002318    -0.000138    -0.002180 
   73.400000    -0.002160    -0.000138    -0.002022 
   73.500000     0.001285    -0.000138     0.001423 
   73.600000     0.004655    -0.000138     0.004793 
   73.700000    -0.002405    -0.000138    -0.002267 
   73.800000    -0.004947    -0.000138    -0.004809 
   73.900000    -0.003313    -0.000138    -0.003175 
   74.000000    -0.008002    -0.000138    -0.007864 
   74.100000    -0.001954    -0.000138    -0.001816 
   74.200000    -0.001630    -0.000138    -0.001492 
   74.300000     0.001570    -0.000138     0.001708 
   74.400000    -0.001793    -0.000138    -0.001655 
   74.500000    -0.003529    -0.000138    -0.003391 
   74.600000    -0.003893    -0.000138    -0.003755 
   74.700000    -0.002997    -0.000138    -0.002859 
   74.800000     0.000709    -0.000138     0.000847 
   74.900000    -0.001670    -0.000138    -0.001532 
   75.000000    -0.000953    -0.000138    -0.000815 
   75.100000    -0.000762    -0.000138    -0.000624 
   75.200000    -0.002058    -0.000138    -0.001920 
   75.300000    -0.002190    -0.000138    -0.002052 
   75.400000    -0.009194    -0.000138    -0.009056 
   75.500000    -0.004432    -0.000138    -0.004294 
   75.600000    -0.001907    -0.000138    -0.001769 
   75.700000     0.000791    -0.000138     0.000929 
   75.800000    -0.003605    -0.000138    -0.003467 
   75.900000    -0.006446    -0.000138    -0.006308 
   76.000000    -0.002380    -0.000138    -0.002242 
   76.100000     0.003708    -0.000138     0.003846 
   76.200000    -0.000966    -0.000138    -0.000828 
   76.300000     0.002718    -0.000138     0.002856 
   76.400000     0.004567    -0.000138     0.004705 
   76.500000     0.004113    -0.000138     0.004251 
   76.600000     0.003043    -0.000138     0.003181 
   76.700000     0.003026    -0.000138     0.003164 
   76.800000    -0.003583    -0.000138    -0.003445 
   76.900000    -0.004921    -0.000138    -0.004783 
   77.000000    -0.000212    -0.000138    -0.000074 
   77.100000    -0.004360    -0.000138    -0.004222 
   77.200000    -0.004180    -0.000138    -0.004042 
   77.300000    -0.008504    -0.000138    -0.008366 
   77.400000    -0.007752    -0.000138    -0.007614 
   77.500000    -0.003577    -0.000138    -0.003439 
   77.600000    -0.003465    -0.000138    -0.003327 
   77.700000    -0.005497    -0.000138    -0.005359 
   77.800000    -0.007458    -0.000138    -0.007320 
   77.900000    -0.001243    -0.000138    -0.001105 
   78.000000     0.001052    -0.000138     0.001190 
   78.100000    -0.003893    -0.000138    -0.003755 
   78.200000    -0.004547    -0.000138    -0.004409 
   78.300000    -0.005351    -0.000138    -0.005213 
   78.400000    -0.004120    -0.000138    -0.003982 
   78.500000    -0.005302    -0.000138    -0.005164 
   78.600000     0.000296    -0.000138     0.000434 
   78.700000     0.000723    -0.000138     0.000861 
   78.800000    -0.003683    -0.000138    -0.003545 
   78.900000     0.001430    -0.000138     0.001568 
   79.000000     0.003112    -0.000138     0.003250 
   79.100000     0.005724    -0.000138     0.005862 
   79.200000     0.004909    -0.000138     0.005047 
   79.300000     0.000995    -0.000138     0.001133 
   79.400000     0.002337    -0.000138     0.002475 
   79.500000    -0.000772    -0.000138    -0.000634 
   79.600000     0.000843    -0.000138     0.000981 
   79.700000     0.003265    -0.000138     0.003403 
   79.800000    -0.001559    -0.000138    -0.001421 
   79.900000     0.002728    -0.000138     0.002866 
   80.000000     0.002600    -0.000138     0.002738 
   80.100000     0.001766    -0.000138     0.001904 
   80.200000    -0.002721    -0.000138    -0.002583 
   80.300000     0.000610    -0.000138     0.000748 
   80.400000     0.000945    -0.000138     0.001083 
   80.500000    -0.001165    -0.000138    -0.001027 
   80.600000    -0.004341    -0.000138    -0.004203 
   80.700000    -0.003090    -0.000138    -0.002952 
   80.800000    -0.006884    -0.000138    -0.006746 
   80.900000    -0.003306    -0.000138    -0.003168 
   81.000000    -0.000204    -0.000138    -0.000066 
   81.100000    -0.003395    -0.000138    -0.003257 
   81.200000    -0.005510    -0.000138    -0.005372 
   81.300000    -0.006274    -0.000138    -0.006136 
   81.400000    -0.000772    -0.000138    -0.000634 
   81.500000     0.002729    -0.000138     0.002867 
   81.600000    -0.002198    -0.000138    -0.002060 
   81.700000     0.006062    -0.000138     0.006200 
   81.800000     0.001321    -0.000138     0.001459 
   81.900000     0.002415    -0.000138     0.002553 
   82.000000     0.005136    -0.000138     0.005274 
   82.100000     0.004640    -0.000138     0.004778 
   82.200000     0.002723    -0.000138     0.002861 
   82.300000     0.002622    -0.000138     0.002760 
   82.400000    -0.003347    -0.000138    -0.003209 
   82.500000    -0.005051    -0.000138    -0.004913 
   82.600000    -0.002168    -0.000138    -0.002030 
   82.700000     0.003068    -0.000138     0.003206 
   82.800000    -0.004989    -0.000138    -0.004851 
   82.900000    -0.006797    -0.000138    -0.006659 
   83.000000    -0.004120    -0.000138    -0.003982 
   83.100000    -0.001921    -0.000138    -0.001783 
   83.200000     0.002867    -0.000138     0.003005 
   83.300000     0.001790    -0.000138     0.001928 
   83.400000    -0.001220    -0.000138    -0.001082 
   83.500000    -0.001216    -0.000138    -0.001078 
   83.600000    -0.007335    -0.000138    -0.007197 
   83.700000    -0.001949    -0.000138    -0.001811 
   83.800000    -0.003731    -0.000138    -0.003593 
   83.900000     0.001583    -0.000138     0.001721 
   84.000000    -0.003707    -0.000138    -0.003569 
   84.100000    -0.011089    -0.000138    -0.010951 
   84.200000    -0.009281    -0.000138    -0.009143 
   84.300000    -0.003413    -0.000138    -0.003275 
   84.400000     0.004165    -0.000138     0.004303 
   84.500000     0.003194    -0.000138     0.003332 
   84.600000     0.003491    -0.000138     0.003629 
   84.700000    -0.004194    -0.000138    -0.004056 
   84.800000     0.006670    -0.000138     0.006808 
   84.900000     0.007108    -0.000138     0.007246 
   85.000000    -0.001471    -0.000138    -0.001333 
   85.100000     0.002406    -0.000138     0.002544 
   85.200000     0.000558    -0.000138     0.000696 
   85.300000     0.004650    -0.000138     0.004788 
   85.400000     0.005488    -0.000138     0.005626 
   85.500000     0.005421    -0.000138     0.005559 
   85.600000     0.002190    -0.000138     0.002328 
   85.700000    -0.001482    -0.000138    -0.001344 
   85.800000     0.008999    -0.000138     0.009137 
   85.900000     0.003401    -0.000138     0.003539 
   86.000000     0.002213    -0.000138     0.002351 
   86.100000     0.001442    -0.000138     0.001580 
   86.200000     0.006674    -0.000138     0.006812 
   86.300000    -0.000986    -0.000138    -0.000848 
   86.400000     0.003065    -0.000138     0.003203 
   86.500000     0.002634    -0.000138     0.002772 
   86.600000    -0.004395    -0.000138    -0.004257 
   86.700000    -0.001553    -0.000138    -0.001415 
   86.800000    -0.001251    -0.000138    -0.001113 
   86.900000    -0.002029    -0.000138    -0.001891 
   87.000000     0.001128    -0.000138     0.001266 
   87.100000     0.001958    -0.000138     0.002096 
   87.200000     0.001291    -0.000138     0.001429 
   87.300000    -0.002990    -0.000138    -0.002852 
   87.400000     0.000081    -0.000138     0.000219 
   87.500000     0.000275    -0.000138     0.000413 
   87.600000    -0.002199    -0.000138    -0.002061 
   87.700000    -0.003721    -0.000138    -0.003583 
   87.800000    -0.006177    -0.000138    -0.006039 
   87.900000     0.001957    -0.000138     0.002095 
   88.000000     0.006925    -0.000138     0.007063 
   88.100000     0.005011    -0.000138     0.005149 
   88.200000    -0.000259    -0.000138    -0.000121 
   88.300000     0.003480    -0.000138     0.003618 
   88.400000    -0.001364    -0.000138    -0.001226 
   88.500000     0.002127    -0.000138     0.002265 
   88.600000     0.005230    -0.000138     0.005368 
   88.700000     0.004858    -0.000138     0.004996 
   88.800000    -0.005712    -0.000138    -0.005574 
   88.900000    -0.000155    -0.000138    -0.000017 
   89.000000    -0.003798    -0.000138    -0.003660 
   89.100000    -0.006282    -0.000138    -0.006144 
   89.200000     0.001484    -0.000138     0.001622 
   89.300000     0.003715    -0.000138     0.003853 
   89.400000     0.005510    -0.000138     0.005648 
   89.500000     0.005703    -0.000138     0.005841 
   89.600000    -0.003969    -0.000138    -0.003831 
   89.700000    -0.003482    -0.000138    -0.003344 
   89.800000    -0.001698    -0.000138    -0.001560 
   89.900000     0.006488    -0.000138     0.006626 
   90.000000    -0.001110    -0.000138    -0.000972 
   90.100000     0.000390    -0.000138     0.000528 
   90.200000    -0.001192    -0.000138    -0.001054 
   90.300000    -0.003648    -0.000138    -0.003510 
   90.400000    -0.002240    -0.000138    -0.002102 
   90.500000    -0.004924    -0.000138    -0.004786 
   90.600000    -0.005434    -0.000138    -0.005296 
   90.700000    -0.003550    -0.000138    -0.003412 
   90.800000    -0.003041    -0.000138    -0.002903 
   90.900000     0.000651    -0.000138     0.000789 
   91.000000    -0.009466    -0.000138    -0.009328 
   91.100000    -0.004148    -0.000138    -0.004010 
   91.200000     0.001863    -0.000138     0.002001 
   91.300000     0.005178    -0.000138     0.005316 
   91.400000     0.007684    -0.000138     0.007822 
   91.500000    -0.000268    -0.000138    -0.000130 
   91.600000    -0.000128    -0.000138     0.000010 
   91.700000    -0.001810    -0.000138    -0.001672 
   91.800000     0.001691    -0.000138     0.001829 
   91.900000    -0.000502    -0.000138    -0.000364 
   92.000000     0.005148    -0.000138     0.005286 
   92.100000     0.003544    -0.000138     0.003682 
   92.200000     0.004701    -0.000138     0.004839 
   92.300000    -0.001604    -0.000138    -0.001466 
   92.400000    -0.001764    -0.000138    -0.001626 
   92.500000    -0.000087    -0.000138     0.000051 
   92.600000     0.006097    -0.000138     0.006235 
   92.700000     0.004701    -0.000138     0.004839 
   92.800000     0.000695    -0.000138     0.000833 
   92.900000     0.001556    -0.000138     0.001694 
   93.000000    -0.001946    -0.000138    -0.001808 
   93.100000     0.001808    -0.000138     0.001946 
   93.200000     0.000066    -0.000138     0.000204 
   93.300000     0.000272    -0.000138     0.000410 
   93.400000     0.001566    -0.000138     0.001704 
   93.500000     0.001137    -0.000138     0.001275 
   93.600000    -0.002758    -0.000138    -0.002620 
   93.700000    -0.004154    -0.000138    -0.004016 
   93.800000    -0.010021    -0.000138    -0.009883 
   93.900000    -0.000495    -0.000138    -0.000357 
   94.000000    -0.005202    -0.000138    -0.005064 
   94.100000    -0.005114    -0.000138    -0.004976 
   94.200000    -0.003587    -0.000138    -0.003449 
   94.300000    -0.005500    -0.000138    -0.005362 
   94.400000    -0.005156    -0.000138    -0.005018 
   94.500000     0.004009    -0.000138     0.004147 
   94.600000    -0.000706    -0.000138    -0.000568 
   94.700000    -0.005377    -0.000138    -0.005239 
   94.800000    -0.003492    -0.000138    -0.003354 
   94.900000    -0.005098    -0.000138    -0.004960 
   95.000000     0.003090    -0.000138     0.003228 
   95.100000     0.000952    -0.000138     0.001090 
   95.200000     0.005391    -0.000138     0.005529 
   95.300000     0.005802    -0.000138     0.005940 
   95.400000     0.000275    -0.000138     0.000413 
   95.500000    -0.004759    -0.000138    -0.004621 
   95.600000    -0.004535    -0.000138    -0.004397 
   95.700000    -0.007139    -0.000138    -0.007001 
   95.800000    -0.002954    -0.000138    -0.002816 
   95.900000     0.001912    -0.000138     0.002050 
   96.000000    -0.004295    -0.000138    -0.004157 
   96.100000    -0.006079    -0.000138    -0.005941 
   96.200000    -0.011310    -0.000138    -0.011172 
   96.300000     0.001372    -0.000138     0.001510 
   96.400000    -0.000919    -0.000138    -0.000781 
   96.500000     0.007599    -0.000138     0.007737 
   96.600000     0.004940    -0.000138     0.005078 
   96.700000     0.007236    -0.000138     0.007374 
   96.800000    -0.004388    -0.000138    -0.004250 
   96.900000     0.002769    -0.000138     0.002907 
   97.000000     0.007559    -0.000138     0.007697 
   97.100000     0.004344    -0.000138     0.004482 
   97.200000    -0.000422    -0.000138    -0.000284 
   97.300000     0.002657    -0.000138     0.002795 
   97.400000     0.007229    -0.000138     0.007367 
   97.500000    -0.001855    -0.000138    -0.001717 
   97.600000     0.002399    -0.000138     0.002537 
   97.700000    -0.003984    -0.000138    -0.003846 
   97.800000     0.003523    -0.000138     0.003661 
   97.900000    -0.002380    -0.000138    -0.002242 
   98.000000    -0.005546    -0.000138    -0.005408 
   98.100000    -0.013133    -0.000138    -0.012995 
   98.200000    -0.007168    -0.000138    -0.007030 
   98.300000    -0.001589    -0.000138    -0.001451 
   98.400000     0.004852    -0.000138     0.004990 
   98.500000    -0.000046    -0.000138     0.000092 
   98.600000     0.006390    -0.000138     0.006528 
   98.700000    -0.003022    -0.000138    -0.002884 
   98.800000    -0.002205    -0.000138    -0.002067 
   98.900000    -0.005119    -0.000138    -0.004981 
   99.000000     0.000823    -0.000138     0.000961 
   99.100000     0.001483    -0.000138     0.001621 
   99.200000    -0.000507    -0.000138    -0.000369 
   99.300000     0.001423    -0.000138     0.001561 
   99.400000    -0.002714    -0.000138    -0.002576 
   99.500000     0.002389    -0.000138     0.002527 
   99.600000     0.004864    -0.000138     0.005002 
   99.700000     0.009155    -0.000138     0.009293 
   99.800000     0.004894    -0.000138     0.005032 
   99.900000     0.000692    -0.000138     0.000830 
  100.000000     0.003038    -0.000138     0.003176 
