##fit: rolloffp.out
    0.500000     0.035125     0.036687    -0.001562 
    0.600000     0.031790     0.036265    -0.004475 
    0.700000     0.032519     0.035849    -0.003330 
    0.800000     0.032110     0.035439    -0.003329 
    0.900000     0.034084     0.035033    -0.000949 
    1.000000     0.032158     0.034633    -0.002475 
    1.100000     0.036078     0.034238     0.001840 
    1.200000     0.039478     0.033847     0.005631 
    1.300000     0.034752     0.033462     0.001290 
    1.400000     0.030779     0.033082    -0.002303 
    1.500000     0.032395     0.032706    -0.000311 
    1.600000     0.028811     0.032336    -0.003525 
    1.700000     0.031973     0.031970     0.000003 
    1.800000     0.031542     0.031608    -0.000066 
    1.900000     0.031314     0.031252     0.000062 
    2.000000     0.034171     0.030899     0.003272 
    2.100000     0.031692     0.030552     0.001140 
    2.200000     0.027118     0.030208    -0.003090 
    2.300000     0.029130     0.029869    -0.000739 
    2.400000     0.028088     0.029535    -0.001447 
    2.500000     0.029405     0.029205     0.000200 
    2.600000     0.027687     0.028878    -0.001191 
    2.700000     0.029953     0.028556     0.001397 
    2.800000     0.028738     0.028239     0.000499 
    2.900000     0.028387     0.027925     0.000462 
    3.000000     0.026869     0.027615    -0.000746 
    3.100000     0.028064     0.027309     0.000755 
    3.200000     0.029378     0.027007     0.002371 
    3.300000     0.021040     0.026709    -0.005669 
    3.400000     0.022953     0.026414    -0.003461 
    3.500000     0.025510     0.026124    -0.000614 
    3.600000     0.025255     0.025837    -0.000582 
    3.700000     0.021139     0.025554    -0.004415 
    3.800000     0.025474     0.025274     0.000200 
    3.900000     0.024161     0.024998    -0.000837 
    4.000000     0.027106     0.024725     0.002381 
    4.100000     0.024009     0.024456    -0.000447 
    4.200000     0.026825     0.024190     0.002635 
    4.300000     0.021206     0.023928    -0.002722 
    4.400000     0.027811     0.023669     0.004142 
    4.500000     0.022496     0.023413    -0.000917 
    4.600000     0.020845     0.023161    -0.002316 
    4.700000     0.019952     0.022912    -0.002960 
    4.800000     0.022840     0.022666     0.000174 
    4.900000     0.023329     0.022423     0.000906 
    5.000000     0.024268     0.022183     0.002085 
    5.100000     0.020326     0.021946    -0.001620 
    5.200000     0.020464     0.021712    -0.001248 
    5.300000     0.021270     0.021482    -0.000212 
    5.400000     0.021389     0.021254     0.000135 
    5.500000     0.020815     0.021029    -0.000214 
    5.600000     0.022287     0.020807     0.001480 
    5.700000     0.021187     0.020587     0.000600 
    5.800000     0.022314     0.020371     0.001943 
    5.900000     0.018220     0.020157    -0.001937 
    6.000000     0.020976     0.019946     0.001030 
    6.100000     0.020281     0.019738     0.000543 
    6.200000     0.024236     0.019532     0.004704 
    6.300000     0.028748     0.019329     0.009419 
    6.400000     0.024836     0.019129     0.005707 
    6.500000     0.023427     0.018931     0.004496 
    6.600000     0.017603     0.018736    -0.001133 
    6.700000     0.021492     0.018543     0.002949 
    6.800000     0.022795     0.018352     0.004443 
    6.900000     0.021145     0.018164     0.002981 
    7.000000     0.017426     0.017979    -0.000553 
    7.100000     0.017700     0.017795    -0.000095 
    7.200000     0.017948     0.017614     0.000334 
    7.300000     0.017414     0.017436    -0.000022 
    7.400000     0.014357     0.017259    -0.002902 
    7.500000     0.020983     0.017085     0.003898 
    7.600000     0.020505     0.016913     0.003592 
    7.700000     0.018407     0.016744     0.001663 
    7.800000     0.016441     0.016576    -0.000135 
    7.900000     0.016816     0.016411     0.000405 
    8.000000     0.016326     0.016247     0.000079 
    8.100000     0.015372     0.016086    -0.000714 
    8.200000     0.017248     0.015927     0.001321 
    8.300000     0.014683     0.015770    -0.001087 
    8.400000     0.020382     0.015615     0.004767 
    8.500000     0.016646     0.015462     0.001184 
    8.600000     0.017055     0.015310     0.001745 
    8.700000     0.018849     0.015161     0.003688 
    8.800000     0.018849     0.015014     0.003835 
    8.900000     0.018010     0.014868     0.003142 
    9.000000     0.023173     0.014724     0.008449 
    9.100000     0.020857     0.014583     0.006274 
    9.200000     0.017170     0.014443     0.002727 
    9.300000     0.016581     0.014304     0.002277 
    9.400000     0.013438     0.014168    -0.000730 
    9.500000     0.011225     0.014033    -0.002808 
    9.600000     0.012340     0.013900    -0.001560 
    9.700000     0.011985     0.013769    -0.001784 
    9.800000     0.011761     0.013639    -0.001878 
    9.900000     0.015189     0.013511     0.001678 
   10.000000     0.016270     0.013384     0.002886 
   10.100000     0.017754     0.013260     0.004494 
   10.200000     0.015491     0.013136     0.002355 
   10.300000     0.016017     0.013015     0.003002 
   10.400000     0.015551     0.012895     0.002656 
   10.500000     0.017514     0.012776     0.004738 
   10.600000     0.013272     0.012659     0.000613 
   10.700000     0.011994     0.012544    -0.000550 
   10.800000     0.013125     0.012429     0.000696 
   10.900000     0.016399     0.012317     0.004082 
   11.000000     0.013484     0.012206     0.001278 
   11.100000     0.011018     0.012096    -0.001078 
   11.200000     0.014847     0.011987     0.002860 
   11.300000     0.009101     0.011880    -0.002779 
   11.400000     0.009422     0.011775    -0.002353 
   11.500000     0.009096     0.011670    -0.002574 
   11.600000     0.013194     0.011567     0.001627 
   11.700000     0.010827     0.011466    -0.000639 
   11.800000     0.010523     0.011365    -0.000842 
   11.900000     0.009609     0.011266    -0.001657 
   12.000000     0.013098     0.011169     0.001929 
   12.100000     0.015908     0.011072     0.004836 
   12.200000     0.011618     0.010977     0.000641 
   12.300000     0.008872     0.010882    -0.002010 
   12.400000     0.011058     0.010789     0.000269 
   12.500000     0.012371     0.010698     0.001673 
   12.600000     0.013723     0.010607     0.003116 
   12.700000     0.012613     0.010518     0.002095 
   12.800000     0.009165     0.010429    -0.001264 
   12.900000     0.009189     0.010342    -0.001153 
   13.000000     0.012362     0.010256     0.002106 
   13.100000     0.010186     0.010171     0.000015 
   13.200000     0.007800     0.010087    -0.002287 
   13.300000     0.010450     0.010004     0.000446 
   13.400000     0.006796     0.009923    -0.003127 
   13.500000     0.007286     0.009842    -0.002556 
   13.600000     0.008556     0.009762    -0.001206 
   13.700000     0.007651     0.009683    -0.002032 
   13.800000     0.007063     0.009606    -0.002543 
   13.900000     0.011646     0.009529     0.002117 
   14.000000     0.005910     0.009453    -0.003543 
   14.100000     0.005819     0.009379    -0.003560 
   14.200000     0.008322     0.009305    -0.000983 
   14.300000     0.005516     0.009232    -0.003716 
   14.400000     0.003540     0.009160    -0.005620 
   14.500000     0.007090     0.009089    -0.001999 
   14.600000     0.007362     0.009019    -0.001657 
   14.700000     0.010211     0.008950     0.001261 
   14.800000     0.010830     0.008881     0.001949 
   14.900000     0.004400     0.008814    -0.004414 
   15.000000     0.008038     0.008747    -0.000709 
   15.100000     0.009549     0.008681     0.000868 
   15.200000     0.010179     0.008616     0.001563 
   15.300000     0.014147     0.008552     0.005595 
   15.400000     0.007804     0.008489    -0.000685 
   15.500000     0.009588     0.008427     0.001161 
   15.600000     0.002007     0.008365    -0.006358 
   15.700000     0.005773     0.008304    -0.002531 
   15.800000     0.009913     0.008244     0.001669 
   15.900000     0.007788     0.008184    -0.000396 
   16.000000     0.007223     0.008126    -0.000903 
   16.100000     0.008752     0.008068     0.000684 
   16.200000     0.008296     0.008011     0.000285 
   16.300000     0.006633     0.007954    -0.001321 
   16.400000     0.005579     0.007899    -0.002320 
   16.500000     0.005261     0.007844    -0.002583 
   16.600000     0.002320     0.007789    -0.005469 
   16.700000     0.003868     0.007736    -0.003868 
   16.800000     0.004629     0.007683    -0.003054 
   16.900000     0.008010     0.007631     0.000379 
   17.000000     0.010103     0.007579     0.002524 
   17.100000     0.008719     0.007528     0.001191 
   17.200000     0.008491     0.007478     0.001013 
   17.300000     0.006896     0.007428    -0.000532 
   17.400000    -0.000249     0.007379    -0.007628 
   17.500000     0.003023     0.007331    -0.004308 
   17.600000     0.003668     0.007283    -0.003615 
   17.700000     0.001909     0.007236    -0.005327 
   17.800000     0.005626     0.007190    -0.001564 
   17.900000     0.002808     0.007144    -0.004336 
   18.000000     0.008262     0.007098     0.001164 
   18.100000     0.003982     0.007053    -0.003071 
   18.200000     0.004357     0.007009    -0.002652 
   18.300000     0.006709     0.006966    -0.000257 
   18.400000     0.009692     0.006922     0.002770 
   18.500000     0.007833     0.006880     0.000953 
   18.600000     0.003858     0.006838    -0.002980 
   18.700000     0.006757     0.006796    -0.000039 
   18.800000     0.010265     0.006755     0.003510 
   18.900000     0.003114     0.006715    -0.003601 
   19.000000     0.001022     0.006675    -0.005653 
   19.100000     0.005292     0.006636    -0.001344 
   19.200000     0.006289     0.006597    -0.000308 
   19.300000     0.000908     0.006558    -0.005650 
   19.400000     0.000854     0.006521    -0.005667 
   19.500000     0.007749     0.006483     0.001266 
   19.600000     0.010408     0.006446     0.003962 
   19.700000     0.005386     0.006410    -0.001024 
   19.800000     0.006315     0.006374    -0.000059 
   19.900000     0.007520     0.006338     0.001182 
   20.000000     0.003428     0.006303    -0.002875 
   20.100000    -0.001094     0.006268    -0.007362 
   20.200000     0.000011     0.006234    -0.006223 
   20.300000     0.002455     0.006200    -0.003745 
   20.400000     0.006051     0.006167    -0.000116 
   20.500000     0.001315     0.006134    -0.004819 
   20.600000     0.005306     0.006101    -0.000795 
   20.700000     0.008721     0.006069     0.002652 
   20.800000     0.006154     0.006038     0.000116 
   20.900000     0.007291     0.006006     0.001285 
   21.000000     0.008093     0.005975     0.002118 
   21.100000     0.005206     0.005945    -0.000739 
   21.200000    -0.000211     0.005915    -0.006126 
   21.300000     0.004330     0.005885    -0.001555 
   21.400000     0.003996     0.005856    -0.001860 
   21.500000     0.006193     0.005827     0.000366 
   21.600000     0.008549     0.005798     0.002751 
   21.700000     0.002776     0.005770    -0.002994 
   21.800000     0.004677     0.005742    -0.001065 
   21.900000     0.001460     0.005715    -0.004255 
   22.000000     0.001722     0.005687    -0.003965 
   22.100000     0.003043     0.005661    -0.002618 
   22.200000     0.008869     0.005634     0.003235 
   22.300000     0.009135     0.005608     0.003527 
   22.400000     0.005370     0.005582    -0.000212 
   22.500000     0.008378     0.005557     0.002821 
   22.600000     0.007292     0.005531     0.001761 
   22.700000     0.008438     0.005507     0.002931 
   22.800000     0.005865     0.005482     0.000383 
   22.900000     0.007015     0.005458     0.001557 
   23.000000     0.002136     0.005434    -0.003298 
   23.100000     0.008300     0.005410     0.002890 
   23.200000     0.003448     0.005387    -0.001939 
   23.300000     0.005208     0.005364    -0.000156 
   23.400000    -0.000577     0.005341    -0.005918 
   23.500000     0.002793     0.005319    -0.002526 
   23.600000     0.002623     0.005297    -0.002674 
   23.700000    -0.002429     0.005275    -0.007704 
   23.800000     0.003784     0.005253    -0.001469 
   23.900000     0.003125     0.005232    -0.002107 
   24.000000     0.002319     0.005211    -0.002892 
   24.100000     0.004018     0.005190    -0.001172 
   24.200000     0.006784     0.005170     0.001614 
   24.300000     0.004110     0.005149    -0.001039 
   24.400000     0.001927     0.005129    -0.003202 
   24.500000    -0.000126     0.005110    -0.005236 
   24.600000    -0.003457     0.005090    -0.008547 
   24.700000     0.007662     0.005071     0.002591 
   24.800000     0.004595     0.005052    -0.000457 
   24.900000    -0.000338     0.005033    -0.005371 
   25.000000     0.000840     0.005015    -0.004175 
   25.100000     0.000012     0.004996    -0.004984 
   25.200000     0.000009     0.004978    -0.004969 
   25.300000     0.001232     0.004961    -0.003729 
   25.400000     0.003614     0.004943    -0.001329 
   25.500000     0.003105     0.004926    -0.001821 
   25.600000     0.001019     0.004908    -0.003889 
   25.700000     0.003572     0.004892    -0.001320 
   25.800000     0.000184     0.004875    -0.004691 
   25.900000     0.000227     0.004858    -0.004631 
   26.000000    -0.000594     0.004842    -0.005436 
   26.100000     0.003303     0.004826    -0.001523 
   26.200000     0.004527     0.004810    -0.000283 
   26.300000    -0.000082     0.004794    -0.004876 
   26.400000    -0.001962     0.004779    -0.006741 
   26.500000    -0.000995     0.004764    -0.005759 
   26.600000     0.002652     0.004749    -0.002097 
   26.700000     0.005254     0.004734     0.000520 
   26.800000     0.002353     0.004719    -0.002366 
   26.900000     0.002425     0.004705    -0.002280 
   27.000000     0.004887     0.004690     0.000197 
   27.100000    -0.002136     0.004676    -0.006812 
   27.200000     0.003041     0.004662    -0.001621 
   27.300000     0.003770     0.004648    -0.000878 
   27.400000     0.001790     0.004635    -0.002845 
   27.500000    -0.001027     0.004621    -0.005648 
   27.600000    -0.001652     0.004608    -0.006260 
   27.700000     0.001108     0.004595    -0.003487 
   27.800000     0.003423     0.004582    -0.001159 
   27.900000     0.002187     0.004569    -0.002382 
   28.000000     0.002794     0.004557    -0.001763 
   28.100000     0.004606     0.004544     0.000062 
   28.200000     0.009400     0.004532     0.004868 
   28.300000     0.004252     0.004520    -0.000268 
   28.400000     0.004308     0.004508    -0.000200 
   28.500000     0.008845     0.004496     0.004349 
   28.600000     0.006592     0.004484     0.002108 
   28.700000     0.003033     0.004473    -0.001440 
   28.800000     0.002131     0.004461    -0.002330 
   28.900000    -0.001046     0.004450    -0.005496 
   29.000000    -0.002100     0.004439    -0.006539 
   29.100000     0.001681     0.004428    -0.002747 
   29.200000     0.000071     0.004417    -0.004346 
   29.300000     0.005567     0.004407     0.001160 
   29.400000     0.004192     0.004396    -0.000204 
   29.500000     0.007188     0.004386     0.002802 
   29.600000     0.009814     0.004375     0.005439 
   29.700000     0.007569     0.004365     0.003204 
   29.800000     0.006918     0.004355     0.002563 
   29.900000     0.007034     0.004345     0.002689 
   30.000000     0.002495     0.004336    -0.001841 
   30.100000     0.001247     0.004326    -0.003079 
   30.200000     0.000853     0.004317    -0.003464 
   30.300000     0.003479     0.004307    -0.000828 
   30.400000     0.007873     0.004298     0.003575 
   30.500000     0.012175     0.004289     0.007886 
   30.600000     0.005964     0.004280     0.001684 
   30.700000     0.006327     0.004271     0.002056 
   30.800000     0.004866     0.004262     0.000604 
   30.900000     0.005433     0.004253     0.001180 
   31.000000     0.005055     0.004245     0.000810 
   31.100000     0.009081     0.004236     0.004845 
   31.200000     0.001808     0.004228    -0.002420 
   31.300000     0.008694     0.004220     0.004474 
   31.400000     0.003473     0.004211    -0.000738 
   31.500000     0.005422     0.004203     0.001219 
   31.600000     0.004724     0.004195     0.000529 
   31.700000     0.008823     0.004188     0.004635 
   31.800000     0.008777     0.004180     0.004597 
   31.900000     0.002851     0.004172    -0.001321 
   32.000000     0.004489     0.004165     0.000324 
   32.100000     0.003150     0.004157    -0.001007 
   32.200000    -0.000270     0.004150    -0.004420 
   32.300000     0.002588     0.004143    -0.001555 
   32.400000     0.005957     0.004135     0.001822 
   32.500000     0.004135     0.004128     0.000007 
   32.600000    -0.000022     0.004121    -0.004143 
   32.700000     0.003264     0.004114    -0.000850 
   32.800000     0.003980     0.004108    -0.000128 
   32.900000     0.005718     0.004101     0.001617 
   33.000000     0.005769     0.004094     0.001675 
   33.100000     0.000823     0.004088    -0.003265 
   33.200000     0.000155     0.004081    -0.003926 
   33.300000     0.003295     0.004075    -0.000780 
   33.400000     0.003422     0.004069    -0.000647 
   33.500000     0.002447     0.004062    -0.001615 
   33.600000     0.004855     0.004056     0.000799 
   33.700000     0.002812     0.004050    -0.001238 
   33.800000     0.003485     0.004044    -0.000559 
   33.900000     0.005827     0.004038     0.001789 
   34.000000     0.006222     0.004032     0.002190 
   34.100000     0.005375     0.004027     0.001348 
   34.200000     0.010055     0.004021     0.006034 
   34.300000     0.004869     0.004015     0.000854 
   34.400000     0.005008     0.004010     0.000998 
   34.500000     0.003834     0.004004    -0.000170 
   34.600000     0.005255     0.003999     0.001256 
   34.700000     0.007412     0.003993     0.003419 
   34.800000     0.010549     0.003988     0.006561 
   34.900000     0.003778     0.003983    -0.000205 
   35.000000    -0.001969     0.003978    -0.005947 
   35.100000     0.004322     0.003973     0.000349 
   35.200000     0.001337     0.003968    -0.002631 
   35.300000     0.002135     0.003963    -0.001828 
   35.400000    -0.000499     0.003958    -0.004457 
   35.500000     0.002003     0.003953    -0.001950 
   35.600000     0.005417     0.003948     0.001469 
   35.700000     0.002366     0.003944    -0.001578 
   35.800000     0.006712     0.003939     0.002773 
   35.900000     0.004053     0.003934     0.000119 
   36.000000     0.005740     0.003930     0.001810 
   36.100000     0.001064     0.003925    -0.002861 
   36.200000     0.003817     0.003921    -0.000104 
   36.300000     0.002756     0.003917    -0.001161 
   36.400000     0.003628     0.003912    -0.000284 
   36.500000     0.005436     0.003908     0.001528 
   36.600000     0.004031     0.003904     0.000127 
   36.700000     0.006916     0.003900     0.003016 
   36.800000     0.007458     0.003896     0.003562 
   36.900000     0.010794     0.003892     0.006902 
   37.000000     0.007442     0.003888     0.003554 
   37.100000     0.006194     0.003884     0.002310 
   37.200000     0.006784     0.003880     0.002904 
   37.300000     0.000257     0.003876    -0.003619 
   37.400000     0.003077     0.003872    -0.000795 
   37.500000     0.010259     0.003869     0.006390 
   37.600000     0.008527     0.003865     0.004662 
   37.700000     0.006913     0.003861     0.003052 
   37.800000     0.007009     0.003858     0.003151 
   37.900000     0.001819     0.003854    -0.002035 
   38.000000     0.003353     0.003851    -0.000498 
   38.100000     0.000762     0.003847    -0.003085 
   38.200000     0.003527     0.003844    -0.000317 
   38.300000     0.009277     0.003840     0.005437 
   38.400000     0.005556     0.003837     0.001719 
   38.500000     0.005544     0.003834     0.001710 
   38.600000     0.008573     0.003830     0.004743 
   38.700000     0.010566     0.003827     0.006739 
   38.800000     0.006087     0.003824     0.002263 
   38.900000     0.003169     0.003821    -0.000652 
   39.000000     0.008669     0.003818     0.004851 
   39.100000     0.003189     0.003815    -0.000626 
   39.200000     0.002679     0.003812    -0.001133 
   39.300000     0.003195     0.003809    -0.000614 
   39.400000     0.008195     0.003806     0.004389 
   39.500000     0.009460     0.003803     0.005657 
   39.600000     0.009421     0.003800     0.005621 
   39.700000     0.009318     0.003797     0.005521 
   39.800000     0.006259     0.003795     0.002464 
   39.900000     0.004700     0.003792     0.000908 
   40.000000     0.007718     0.003789     0.003929 
   40.100000     0.008435     0.003787     0.004648 
   40.200000     0.008760     0.003784     0.004976 
   40.300000     0.008592     0.003781     0.004811 
   40.400000     0.006347     0.003779     0.002568 
   40.500000     0.011992     0.003776     0.008216 
   40.600000     0.008580     0.003774     0.004806 
   40.700000     0.011479     0.003771     0.007708 
   40.800000     0.008962     0.003769     0.005193 
   40.900000     0.005892     0.003766     0.002126 
   41.000000     0.002313     0.003764    -0.001451 
   41.100000     0.005098     0.003762     0.001336 
   41.200000     0.006530     0.003759     0.002771 
   41.300000     0.006958     0.003757     0.003201 
   41.400000     0.007988     0.003755     0.004233 
   41.500000     0.007698     0.003752     0.003946 
   41.600000     0.003271     0.003750    -0.000479 
   41.700000     0.004286     0.003748     0.000538 
   41.800000     0.001620     0.003746    -0.002126 
   41.900000     0.007359     0.003744     0.003615 
   42.000000     0.006730     0.003742     0.002988 
   42.100000     0.007401     0.003740     0.003661 
   42.200000     0.007379     0.003738     0.003641 
   42.300000     0.009325     0.003736     0.005589 
   42.400000     0.011021     0.003734     0.007287 
   42.500000     0.010935     0.003732     0.007203 
   42.600000     0.007496     0.003730     0.003766 
   42.700000     0.009542     0.003728     0.005814 
   42.800000     0.006890     0.003726     0.003164 
   42.900000     0.006970     0.003724     0.003246 
   43.000000     0.007208     0.003722     0.003486 
   43.100000     0.009456     0.003720     0.005736 
   43.200000     0.004078     0.003719     0.000359 
   43.300000     0.007434     0.003717     0.003717 
   43.400000     0.011631     0.003715     0.007916 
   43.500000     0.010695     0.003713     0.006982 
   43.600000     0.004564     0.003712     0.000852 
   43.700000     0.008061     0.003710     0.004351 
   43.800000     0.005349     0.003708     0.001641 
   43.900000     0.000742     0.003707    -0.002965 
   44.000000     0.003073     0.003705    -0.000632 
   44.100000     0.009073     0.003703     0.005370 
   44.200000     0.011758     0.003702     0.008056 
   44.300000     0.002391     0.003700    -0.001309 
   44.400000     0.003072     0.003699    -0.000627 
   44.500000     0.006786     0.003697     0.003089 
   44.600000     0.013526     0.003696     0.009830 
   44.700000     0.005813     0.003694     0.002119 
   44.800000     0.009406     0.003693     0.005713 
   44.900000     0.010502     0.003691     0.006811 
   45.000000     0.009976     0.003690     0.006286 
   45.100000     0.009159     0.003688     0.005471 
   45.200000     0.006124     0.003687     0.002437 
   45.300000     0.007980     0.003686     0.004294 
   45.400000     0.007562     0.003684     0.003878 
   45.500000     0.004188     0.003683     0.000505 
   45.600000     0.006884     0.003682     0.003202 
   45.700000     0.013271     0.003680     0.009591 
   45.800000     0.007503     0.003679     0.003824 
   45.900000     0.005716     0.003678     0.002038 
   46.000000     0.005096     0.003676     0.001420 
   46.100000     0.005124     0.003675     0.001449 
   46.200000     0.015353     0.003674     0.011679 
   46.300000     0.012253     0.003673     0.008580 
   46.400000     0.002612     0.003672    -0.001060 
   46.500000     0.003979     0.003670     0.000309 
   46.600000     0.006715     0.003669     0.003046 
   46.700000     0.009457     0.003668     0.005789 
   46.800000     0.011908     0.003667     0.008241 
   46.900000     0.014463     0.003666     0.010797 
   47.000000     0.010795     0.003665     0.007130 
   47.100000     0.006724     0.003664     0.003060 
   47.200000     0.007364     0.003663     0.003701 
   47.300000     0.009137     0.003662     0.005475 
   47.400000     0.009619     0.003660     0.005959 
   47.500000     0.010891     0.003659     0.007232 
   47.600000     0.008458     0.003658     0.004800 
   47.700000     0.008655     0.003657     0.004998 
   47.800000     0.007147     0.003656     0.003491 
   47.900000     0.006602     0.003655     0.002947 
   48.000000     0.006787     0.003654     0.003133 
   48.100000     0.005380     0.003653     0.001727 
   48.200000     0.009985     0.003653     0.006332 
   48.300000     0.001251     0.003652    -0.002401 
   48.400000     0.004071     0.003651     0.000420 
   48.500000     0.007617     0.003650     0.003967 
   48.600000     0.010346     0.003649     0.006697 
   48.700000     0.010919     0.003648     0.007271 
   48.800000     0.007184     0.003647     0.003537 
   48.900000     0.009166     0.003646     0.005520 
   49.000000     0.008830     0.003645     0.005185 
   49.100000     0.006127     0.003645     0.002482 
   49.200000     0.006189     0.003644     0.002545 
   49.300000     0.005527     0.003643     0.001884 
   49.400000     0.007910     0.003642     0.004268 
   49.500000     0.006716     0.003641     0.003075 
   49.600000     0.005838     0.003640     0.002198 
   49.700000     0.007709     0.003640     0.004069 
   49.800000     0.005032     0.003639     0.001393 
   49.900000     0.007958     0.003638     0.004320 
   50.000000     0.006151     0.003637     0.002514 
   50.100000     0.004743     0.003637     0.001106 
   50.200000     0.006360     0.003636     0.002724 
   50.300000     0.006368     0.003635     0.002733 
   50.400000     0.007694     0.003634     0.004060 
   50.500000     0.010355     0.003634     0.006721 
   50.600000     0.012541     0.003633     0.008908 
   50.700000     0.011517     0.003632     0.007885 
   50.800000     0.012988     0.003632     0.009356 
   50.900000     0.010774     0.003631     0.007143 
   51.000000     0.009801     0.003630     0.006171 
   51.100000     0.008970     0.003630     0.005340 
   51.200000     0.010368     0.003629     0.006739 
   51.300000     0.006339     0.003628     0.002711 
   51.400000     0.010430     0.003628     0.006802 
   51.500000     0.012368     0.003627     0.008741 
   51.600000     0.010734     0.003627     0.007107 
   51.700000     0.003905     0.003626     0.000279 
   51.800000     0.004863     0.003625     0.001238 
   51.900000     0.001835     0.003625    -0.001790 
   52.000000     0.005336     0.003624     0.001712 
   52.100000     0.006887     0.003624     0.003263 
   52.200000     0.004865     0.003623     0.001242 
   52.300000     0.006641     0.003622     0.003019 
   52.400000     0.007674     0.003622     0.004052 
   52.500000     0.011798     0.003621     0.008177 
   52.600000     0.011925     0.003621     0.008304 
   52.700000     0.007707     0.003620     0.004087 
   52.800000     0.004563     0.003620     0.000943 
   52.900000     0.009199     0.003619     0.005580 
   53.000000     0.010688     0.003619     0.007069 
   53.100000     0.007575     0.003618     0.003957 
   53.200000     0.010234     0.003618     0.006616 
   53.300000     0.011184     0.003617     0.007567 
   53.400000     0.011487     0.003617     0.007870 
   53.500000     0.008460     0.003616     0.004844 
   53.600000     0.012410     0.003616     0.008794 
   53.700000     0.011087     0.003615     0.007472 
   53.800000     0.004926     0.003615     0.001311 
   53.900000     0.009558     0.003614     0.005944 
   54.000000     0.005010     0.003614     0.001396 
   54.100000     0.000737     0.003614    -0.002877 
   54.200000     0.002320     0.003613    -0.001293 
   54.300000     0.007924     0.003613     0.004311 
   54.400000     0.004468     0.003612     0.000856 
   54.500000     0.008894     0.003612     0.005282 
   54.600000     0.011261     0.003611     0.007650 
   54.700000     0.009323     0.003611     0.005712 
   54.800000     0.007422     0.003611     0.003811 
   54.900000     0.010888     0.003610     0.007278 
   55.000000     0.008986     0.003610     0.005376 
   55.100000     0.003349     0.003609    -0.000260 
   55.200000     0.007742     0.003609     0.004133 
   55.300000     0.003015     0.003609    -0.000594 
   55.400000     0.006483     0.003608     0.002875 
   55.500000     0.009791     0.003608     0.006183 
   55.600000     0.005451     0.003607     0.001844 
   55.700000     0.006536     0.003607     0.002929 
   55.800000     0.007119     0.003607     0.003512 
   55.900000     0.004545     0.003606     0.000939 
   56.000000     0.004399     0.003606     0.000793 
   56.100000     0.006879     0.003606     0.003273 
   56.200000     0.008361     0.003605     0.004756 
   56.300000     0.006242     0.003605     0.002637 
   56.400000     0.007810     0.003605     0.004205 
   56.500000     0.008437     0.003604     0.004833 
   56.600000     0.007244     0.003604     0.003640 
   56.700000     0.010972     0.003604     0.007368 
   56.800000     0.010923     0.003603     0.007320 
   56.900000     0.004644     0.003603     0.001041 
   57.000000     0.011838     0.003603     0.008235 
   57.100000     0.009533     0.003603     0.005930 
   57.200000     0.005338     0.003602     0.001736 
   57.300000     0.007763     0.003602     0.004161 
   57.400000     0.011926     0.003602     0.008324 
   57.500000     0.006656     0.003601     0.003055 
   57.600000     0.009993     0.003601     0.006392 
   57.700000     0.007152     0.003601     0.003551 
   57.800000     0.011030     0.003600     0.007430 
   57.900000     0.007720     0.003600     0.004120 
   58.000000     0.007327     0.003600     0.003727 
   58.100000     0.008561     0.003600     0.004961 
   58.200000     0.007424     0.003599     0.003825 
   58.300000     0.005634     0.003599     0.002035 
   58.400000     0.005929     0.003599     0.002330 
   58.500000     0.009839     0.003599     0.006240 
   58.600000     0.003596     0.003598    -0.000002 
   58.700000     0.001176     0.003598    -0.002422 
   58.800000     0.003384     0.003598    -0.000214 
   58.900000     0.007182     0.003598     0.003584 
   59.000000     0.006739     0.003597     0.003142 
   59.100000    -0.000327     0.003597    -0.003924 
   59.200000    -0.001574     0.003597    -0.005171 
   59.300000     0.003638     0.003597     0.000041 
   59.400000     0.001416     0.003597    -0.002181 
   59.500000     0.005849     0.003596     0.002253 
   59.600000     0.002888     0.003596    -0.000708 
   59.700000    -0.000744     0.003596    -0.004340 
   59.800000     0.000010     0.003596    -0.003586 
   59.900000     0.001121     0.003595    -0.002474 
   60.000000     0.003088     0.003595    -0.000507 
   60.100000     0.004071     0.003595     0.000476 
   60.200000     0.008427     0.003595     0.004832 
   60.300000     0.004139     0.003595     0.000544 
   60.400000     0.000961     0.003594    -0.002633 
   60.500000     0.003366     0.003594    -0.000228 
   60.600000     0.002575     0.003594    -0.001019 
   60.700000    -0.001882     0.003594    -0.005476 
   60.800000     0.000829     0.003594    -0.002765 
   60.900000     0.005153     0.003593     0.001560 
   61.000000     0.007973     0.003593     0.004380 
   61.100000     0.007671     0.003593     0.004078 
   61.200000     0.007280     0.003593     0.003687 
   61.300000     0.006077     0.003593     0.002484 
   61.400000     0.003147     0.003593    -0.000446 
   61.500000     0.005312     0.003592     0.001720 
   61.600000     0.000782     0.003592    -0.002810 
   61.700000     0.004564     0.003592     0.000972 
   61.800000     0.002085     0.003592    -0.001507 
   61.900000     0.004568     0.003592     0.000976 
   62.000000     0.004587     0.003592     0.000995 
   62.100000     0.005343     0.003591     0.001752 
   62.200000     0.008396     0.003591     0.004805 
   62.300000     0.005264     0.003591     0.001673 
   62.400000     0.006165     0.003591     0.002574 
   62.500000     0.004902     0.003591     0.001311 
   62.600000     0.002660     0.003591    -0.000931 
   62.700000     0.002676     0.003590    -0.000914 
   62.800000     0.006855     0.003590     0.003265 
   62.900000     0.006956     0.003590     0.003366 
   63.000000     0.006521     0.003590     0.002931 
   63.100000     0.005599     0.003590     0.002009 
   63.200000     0.004553     0.003590     0.000963 
   63.300000     0.004985     0.003590     0.001395 
   63.400000     0.008127     0.003589     0.004538 
   63.500000     0.008378     0.003589     0.004789 
   63.600000     0.009995     0.003589     0.006406 
   63.700000     0.006121     0.003589     0.002532 
   63.800000     0.002406     0.003589    -0.001183 
   63.900000     0.005810     0.003589     0.002221 
   64.000000     0.001188     0.003589    -0.002401 
   64.100000     0.005420     0.003589     0.001831 
   64.200000     0.004610     0.003588     0.001022 
   64.300000     0.009758     0.003588     0.006170 
   64.400000     0.007291     0.003588     0.003703 
   64.500000     0.003219     0.003588    -0.000369 
   64.600000     0.007450     0.003588     0.003862 
   64.700000     0.004931     0.003588     0.001343 
   64.800000    -0.002016     0.003588    -0.005604 
   64.900000     0.003181     0.003588    -0.000407 
   65.000000    -0.001112     0.003588    -0.004700 
   65.100000     0.004231     0.003587     0.000644 
   65.200000     0.008074     0.003587     0.004487 
   65.300000     0.003905     0.003587     0.000318 
   65.400000     0.006723     0.003587     0.003136 
   65.500000     0.003382     0.003587    -0.000205 
   65.600000     0.003620     0.003587     0.000033 
   65.700000     0.008397     0.003587     0.004810 
   65.800000     0.001788     0.003587    -0.001799 
   65.900000     0.001763     0.003587    -0.001824 
   66.000000    -0.001636     0.003587    -0.005223 
   66.100000     0.001198     0.003586    -0.002388 
   66.200000     0.002204     0.003586    -0.001382 
   66.300000    -0.000009     0.003586    -0.003595 
   66.400000     0.005815     0.003586     0.002229 
   66.500000     0.006986     0.003586     0.003400 
   66.600000     0.007383     0.003586     0.003797 
   66.700000     0.004061     0.003586     0.000475 
   66.800000     0.004036     0.003586     0.000450 
   66.900000    -0.001201     0.003586    -0.004787 
   67.000000     0.001816     0.003586    -0.001770 
   67.100000     0.006057     0.003586     0.002471 
   67.200000     0.007077     0.003585     0.003492 
   67.300000     0.009238     0.003585     0.005653 
   67.400000     0.004488     0.003585     0.000903 
   67.500000     0.002665     0.003585    -0.000920 
   67.600000     0.006005     0.003585     0.002420 
   67.700000     0.006221     0.003585     0.002636 
   67.800000     0.003079     0.003585    -0.000506 
   67.900000    -0.008799     0.003585    -0.012384 
   68.000000     0.004917     0.003585     0.001332 
   68.100000     0.009806     0.003585     0.006221 
   68.200000     0.007297     0.003585     0.003712 
   68.300000     0.000763     0.003585    -0.002822 
   68.400000     0.005247     0.003585     0.001662 
   68.500000     0.003765     0.003584     0.000181 
   68.600000    -0.000837     0.003584    -0.004421 
   68.700000     0.003506     0.003584    -0.000078 
   68.800000     0.003179     0.003584    -0.000405 
   68.900000    -0.000456     0.003584    -0.004040 
   69.000000    -0.003746     0.003584    -0.007330 
   69.100000     0.001997     0.003584    -0.001587 
   69.200000    -0.002696     0.003584    -0.006280 
   69.300000    -0.002723     0.003584    -0.006307 
   69.400000     0.001784     0.003584    -0.001800 
   69.500000     0.004833     0.003584     0.001249 
   69.600000     0.002419     0.003584    -0.001165 
   69.700000    -0.000863     0.003584    -0.004447 
   69.800000     0.000599     0.003584    -0.002985 
   69.900000     0.005286     0.003584     0.001702 
   70.000000     0.000774     0.003583    -0.002809 
   70.100000    -0.001659     0.003583    -0.005242 
   70.200000     0.000168     0.003583    -0.003415 
   70.300000     0.000342     0.003583    -0.003241 
   70.400000     0.002851     0.003583    -0.000732 
   70.500000    -0.002759     0.003583    -0.006342 
   70.600000    -0.002171     0.003583    -0.005754 
   70.700000     0.001264     0.003583    -0.002319 
   70.800000     0.002519     0.003583    -0.001064 
   70.900000     0.005150     0.003583     0.001567 
   71.000000     0.007386     0.003583     0.003803 
   71.100000     0.007080     0.003583     0.003497 
   71.200000     0.006183     0.003583     0.002600 
   71.300000     0.009896     0.003583     0.006313 
   71.400000     0.007327     0.003583     0.003744 
   71.500000     0.002785     0.003583    -0.000798 
   71.600000     0.002317     0.003583    -0.001266 
   71.700000     0.002370     0.003583    -0.001213 
   71.800000     0.001094     0.003583    -0.002489 
   71.900000     0.001537     0.003583    -0.002046 
   72.000000    -0.000220     0.003582    -0.003802 
   72.100000    -0.000542     0.003582    -0.004124 
   72.200000     0.000730     0.003582    -0.002852 
   72.300000     0.000011     0.003582    -0.003571 
   72.400000     0.002136     0.003582    -0.001446 
   72.500000    -0.000718     0.003582    -0.004300 
   72.600000     0.003979     0.003582     0.000397 
   72.700000    -0.000179     0.003582    -0.003761 
   72.800000     0.005896     0.003582     0.002314 
   72.900000     0.013992     0.003582     0.010410 
   73.000000     0.011252     0.003582     0.007670 
   73.100000     0.005089     0.003582     0.001507 
   73.200000     0.007916     0.003582     0.004334 
   73.300000     0.008144     0.003582     0.004562 
   73.400000     0.010403     0.003582     0.006821 
   73.500000     0.002206     0.003582    -0.001376 
   73.600000     0.004659     0.003582     0.001077 
   73.700000     0.005760     0.003582     0.002178 
   73.800000     0.004754     0.003582     0.001172 
   73.900000    -0.006286     0.003582    -0.009868 
   74.000000     0.001360     0.003582    -0.002222 
   74.100000     0.007685     0.003582     0.004103 
   74.200000     0.009119     0.003582     0.005537 
   74.300000     0.005419     0.003582     0.001837 
   74.400000     0.008827     0.003582     0.005245 
   74.500000     0.005581     0.003582     0.001999 
   74.600000    -0.000845     0.003581    -0.004426 
   74.700000    -0.000803     0.003581    -0.004384 
   74.800000    -0.001561     0.003581    -0.005142 
   74.900000    -0.003911     0.003581    -0.007492 
   75.000000     0.003669     0.003581     0.000088 
   75.100000     0.005223     0.003581     0.001642 
   75.200000     0.001046     0.003581    -0.002535 
   75.300000     0.006690     0.003581     0.003109 
   75.400000     0.003320     0.003581    -0.000261 
   75.500000     0.006764     0.003581     0.003183 
   75.600000     0.007987     0.003581     0.004406 
   75.700000     0.002926     0.003581    -0.000655 
   75.800000     0.003993     0.003581     0.000412 
   75.900000    -0.000562     0.003581    -0.004143 
   76.000000     0.002061     0.003581    -0.001520 
   76.100000     0.002397     0.003581    -0.001184 
   76.200000    -0.000939     0.003581    -0.004520 
   76.300000     0.004693     0.003581     0.001112 
   76.400000     0.000303     0.003581    -0.003278 
   76.500000     0.000444     0.003581    -0.003137 
   76.600000     0.002736     0.003581    -0.000845 
   76.700000    -0.000546     0.003581    -0.004127 
   76.800000     0.002216     0.003581    -0.001365 
   76.900000     0.002927     0.003581    -0.000654 
   77.000000     0.000608     0.003581    -0.002973 
   77.100000    -0.002667     0.003581    -0.006248 
   77.200000     0.004682     0.003581     0.001101 
   77.300000     0.005936     0.003581     0.002355 
   77.400000     0.005291     0.003581     0.001710 
   77.500000    -0.002565     0.003581    -0.006146 
   77.600000     0.003472     0.003581    -0.000109 
   77.700000     0.003182     0.003581    -0.000399 
   77.800000     0.000119     0.003581    -0.003462 
   77.900000     0.004374     0.003581     0.000793 
   78.000000     0.001746     0.003581    -0.001835 
   78.100000    -0.000445     0.003581    -0.004026 
   78.200000    -0.000546     0.003581    -0.004127 
   78.300000     0.002955     0.003581    -0.000626 
   78.400000    -0.000057     0.003581    -0.003638 
   78.500000     0.004783     0.003580     0.001203 
   78.600000    -0.000644     0.003580    -0.004224 
   78.700000     0.003381     0.003580    -0.000199 
   78.800000     0.001293     0.003580    -0.002287 
   78.900000    -0.001511     0.003580    -0.005091 
   79.000000     0.001853     0.003580    -0.001727 
   79.100000    -0.001887     0.003580    -0.005467 
   79.200000    -0.002753     0.003580    -0.006333 
   79.300000     0.002356     0.003580    -0.001224 
   79.400000    -0.000868     0.003580    -0.004448 
   79.500000     0.000579     0.003580    -0.003001 
   79.600000    -0.004176     0.003580    -0.007756 
   79.700000     0.000653     0.003580    -0.002927 
   79.800000     0.005944     0.003580     0.002364 
   79.900000     0.006371     0.003580     0.002791 
   80.000000     0.005681     0.003580     0.002101 
   80.100000     0.006718     0.003580     0.003138 
   80.200000     0.002976     0.003580    -0.000604 
   80.300000     0.005012     0.003580     0.001432 
   80.400000     0.005278     0.003580     0.001698 
   80.500000     0.004493     0.003580     0.000913 
   80.600000     0.004744     0.003580     0.001164 
   80.700000     0.000592     0.003580    -0.002988 
   80.800000    -0.000296     0.003580    -0.003876 
   80.900000     0.003139     0.003580    -0.000441 
   81.000000    -0.004898     0.003580    -0.008478 
   81.100000    -0.002952     0.003580    -0.006532 
   81.200000     0.001200     0.003580    -0.002380 
   81.300000     0.000705     0.003580    -0.002875 
   81.400000    -0.002120     0.003580    -0.005700 
   81.500000    -0.002030     0.003580    -0.005610 
   81.600000     0.008704     0.003580     0.005124 
   81.700000     0.003687     0.003580     0.000107 
   81.800000    -0.005356     0.003580    -0.008936 
   81.900000     0.000378     0.003580    -0.003202 
   82.000000     0.003488     0.003580    -0.000092 
   82.100000     0.004606     0.003580     0.001026 
   82.200000    -0.001987     0.003580    -0.005567 
   82.300000    -0.004876     0.003580    -0.008456 
   82.400000     0.000513     0.003580    -0.003067 
   82.500000    -0.001900     0.003580    -0.005480 
   82.600000    -0.001814     0.003580    -0.005394 
   82.700000     0.004758     0.003580     0.001178 
   82.800000     0.004834     0.003580     0.001254 
   82.900000     0.004520     0.003580     0.000940 
   83.000000     0.002381     0.003580    -0.001199 
   83.100000     0.004660     0.003580     0.001080 
   83.200000     0.004226     0.003580     0.000646 
   83.300000    -0.001277     0.003580    -0.004857 
   83.400000    -0.001069     0.003580    -0.004649 
   83.500000    -0.005922     0.003580    -0.009502 
   83.600000    -0.001717     0.003580    -0.005297 
   83.700000    -0.004337     0.003580    -0.007917 
   83.800000    -0.000638     0.003580    -0.004218 
   83.900000     0.000804     0.003580    -0.002776 
   84.000000    -0.001535     0.003580    -0.005115 
   84.100000     0.003721     0.003580     0.000141 
   84.200000     0.004719     0.003580     0.001139 
   84.300000     0.002426     0.003580    -0.001154 
   84.400000    -0.002471     0.003580    -0.006051 
   84.500000    -0.003418     0.003580    -0.006998 
   84.600000    -0.002445     0.003580    -0.006025 
   84.700000    -0.005916     0.003580    -0.009496 
   84.800000    -0.004990     0.003580    -0.008570 
   84.900000    -0.000530     0.003580    -0.004110 
   85.000000    -0.001838     0.003580    -0.005418 
   85.100000     0.006406     0.003580     0.002826 
   85.200000     0.000119     0.003580    -0.003461 
   85.300000    -0.003066     0.003580    -0.006646 
   85.400000    -0.003564     0.003580    -0.007144 
   85.500000    -0.003623     0.003580    -0.007203 
   85.600000     0.000576     0.003580    -0.003004 
   85.700000    -0.002038     0.003580    -0.005618 
   85.800000    -0.007846     0.003580    -0.011426 
   85.900000    -0.005394     0.003580    -0.008974 
   86.000000    -0.003839     0.003580    -0.007419 
   86.100000    -0.002312     0.003580    -0.005892 
   86.200000    -0.001643     0.003580    -0.005223 
   86.300000    -0.002795     0.003580    -0.006375 
   86.400000     0.006018     0.003580     0.002438 
   86.500000     0.006683     0.003580     0.003103 
   86.600000    -0.005797     0.003580    -0.009377 
   86.700000    -0.002317     0.003580    -0.005897 
   86.800000     0.001063     0.003580    -0.002517 
   86.900000    -0.003826     0.003579    -0.007405 
   87.000000    -0.005510     0.003579    -0.009089 
   87.100000     0.000453     0.003579    -0.003126 
   87.200000    -0.002676     0.003579    -0.006255 
   87.300000    -0.000456     0.003579    -0.004035 
   87.400000    -0.002891     0.003579    -0.006470 
   87.500000    -0.004835     0.003579    -0.008414 
   87.600000    -0.000538     0.003579    -0.004117 
   87.700000     0.001214     0.003579    -0.002365 
   87.800000    -0.002632     0.003579    -0.006211 
   87.900000    -0.002284     0.003579    -0.005863 
   88.000000    -0.006039     0.003579    -0.009618 
   88.100000    -0.000506     0.003579    -0.004085 
   88.200000     0.001178     0.003579    -0.002401 
   88.300000     0.003158     0.003579    -0.000421 
   88.400000    -0.001679     0.003579    -0.005258 
   88.500000    -0.002854     0.003579    -0.006433 
   88.600000    -0.003817     0.003579    -0.007396 
   88.700000    -0.005530     0.003579    -0.009109 
   88.800000     0.000582     0.003579    -0.002997 
   88.900000    -0.002152     0.003579    -0.005731 
   89.000000    -0.004405     0.003579    -0.007984 
   89.100000    -0.005443     0.003579    -0.009022 
   89.200000    -0.003126     0.003579    -0.006705 
   89.300000    -0.000352     0.003579    -0.003931 
   89.400000     0.007186     0.003579     0.003607 
   89.500000    -0.002554     0.003579    -0.006133 
   89.600000    -0.002228     0.003579    -0.005807 
   89.700000    -0.000745     0.003579    -0.004324 
   89.800000     0.001569     0.003579    -0.002010 
   89.900000     0.001018     0.003579    -0.002561 
   90.000000    -0.000025     0.003579    -0.003604 
   90.100000     0.000593     0.003579    -0.002986 
   90.200000     0.003384     0.003579    -0.000195 
   90.300000     0.002420     0.003579    -0.001159 
   90.400000    -0.001169     0.003579    -0.004748 
   90.500000    -0.003677     0.003579    -0.007256 
   90.600000    -0.005722     0.003579    -0.009301 
   90.700000    -0.003620     0.003579    -0.007199 
   90.800000    -0.002390     0.003579    -0.005969 
   90.900000     0.005366     0.003579     0.001787 
   91.000000     0.003031     0.003579    -0.000548 
   91.100000     0.003151     0.003579    -0.000428 
   91.200000     0.000528     0.003579    -0.003051 
   91.300000     0.002980     0.003579    -0.000599 
   91.400000     0.006038     0.003579     0.002459 
   91.500000     0.000711     0.003579    -0.002868 
   91.600000     0.003277     0.003579    -0.000302 
   91.700000    -0.001574     0.003579    -0.005153 
   91.800000     0.002408     0.003579    -0.001171 
   91.900000     0.003604     0.003579     0.000025 
   92.000000     0.002519     0.003579    -0.001060 
   92.100000     0.000468     0.003579    -0.003111 
   92.200000     0.000322     0.003579    -0.003257 
   92.300000    -0.002825     0.003579    -0.006404 
   92.400000    -0.003587     0.003579    -0.007166 
   92.500000     0.006836     0.003579     0.003257 
   92.600000     0.007827     0.003579     0.004248 
   92.700000     0.005461     0.003579     0.001882 
   92.800000     0.002334     0.003579    -0.001245 
   92.900000     0.003510     0.003579    -0.000069 
   93.000000     0.000572     0.003579    -0.003007 
   93.100000    -0.001368     0.003579    -0.004947 
   93.200000     0.001075     0.003579    -0.002504 
   93.300000     0.007315     0.003579     0.003736 
   93.400000     0.005211     0.003579     0.001632 
   93.500000     0.005056     0.003579     0.001477 
   93.600000    -0.002980     0.003579    -0.006559 
   93.700000    -0.001878     0.003579    -0.005457 
   93.800000     0.001960     0.003579    -0.001619 
   93.900000     0.004334     0.003579     0.000755 
   94.000000     0.002773     0.003579    -0.000806 
   94.100000     0.000429     0.003579    -0.003150 
   94.200000     0.006107     0.003579     0.002528 
   94.300000     0.003142     0.003579    -0.000437 
   94.400000    -0.008084     0.003579    -0.011663 
   94.500000    -0.003775     0.003579    -0.007354 
   94.600000    -0.002896     0.003579    -0.006475 
   94.700000    -0.003892     0.003579    -0.007471 
   94.800000    -0.002919     0.003579    -0.006498 
   94.900000    -0.006152     0.003579    -0.009731 
   95.000000    -0.000412     0.003579    -0.003991 
   95.100000     0.004896     0.003579     0.001317 
   95.200000    -0.002324     0.003579    -0.005903 
   95.300000    -0.003372     0.003579    -0.006951 
   95.400000     0.004777     0.003579     0.001198 
   95.500000     0.001492     0.003579    -0.002087 
   95.600000     0.002541     0.003579    -0.001038 
   95.700000     0.002045     0.003579    -0.001534 
   95.800000     0.002580     0.003579    -0.000999 
   95.900000    -0.000462     0.003579    -0.004041 
   96.000000    -0.001387     0.003579    -0.004966 
   96.100000    -0.001752     0.003579    -0.005331 
   96.200000    -0.001255     0.003579    -0.004834 
   96.300000     0.007949     0.003579     0.004370 
   96.400000    -0.001882     0.003579    -0.005461 
   96.500000     0.002189     0.003579    -0.001390 
   96.600000     0.006310     0.003579     0.002731 
   96.700000     0.005668     0.003579     0.002089 
   96.800000     0.000348     0.003579    -0.003231 
   96.900000    -0.001039     0.003579    -0.004618 
   97.000000     0.004631     0.003579     0.001052 
   97.100000    -0.001662     0.003579    -0.005241 
   97.200000     0.001118     0.003579    -0.002461 
   97.300000    -0.007329     0.003579    -0.010908 
   97.400000     0.000131     0.003579    -0.003448 
   97.500000     0.013225     0.003579     0.009646 
   97.600000     0.012591     0.003579     0.009012 
   97.700000     0.008597     0.003579     0.005018 
   97.800000     0.000361     0.003579    -0.003218 
   97.900000    -0.000892     0.003579    -0.004471 
   98.000000     0.001515     0.003579    -0.002064 
   98.100000     0.004483     0.003579     0.000904 
   98.200000     0.007704     0.003579     0.004125 
   98.300000     0.006299     0.003579     0.002720 
   98.400000     0.007126     0.003579     0.003547 
   98.500000     0.004244     0.003579     0.000665 
   98.600000     0.003443     0.003579    -0.000136 
   98.700000    -0.003037     0.003579    -0.006616 
   98.800000     0.006056     0.003579     0.002477 
   98.900000    -0.000942     0.003579    -0.004521 
   99.000000     0.002835     0.003579    -0.000744 
   99.100000     0.009050     0.003579     0.005471 
   99.200000     0.006898     0.003579     0.003319 
   99.300000     0.003220     0.003579    -0.000359 
   99.400000    -0.006018     0.003579    -0.009597 
   99.500000    -0.002466     0.003579    -0.006045 
   99.600000     0.000038     0.003579    -0.003541 
   99.700000    -0.002699     0.003579    -0.006278 
   99.800000     0.001898     0.003579    -0.001681 
   99.900000     0.001843     0.003579    -0.001736 
  100.000000     0.005786     0.003579     0.002207 
