##fit: rolloffp.out
    0.500000     0.014644     0.013473     0.001171 
    0.600000     0.009947     0.011584    -0.001637 
    0.700000     0.010347     0.009958     0.000389 
    0.800000     0.006947     0.008559    -0.001612 
    0.900000     0.008198     0.007355     0.000843 
    1.000000     0.007804     0.006319     0.001485 
    1.100000     0.007371     0.005429     0.001942 
    1.200000     0.001648     0.004662    -0.003014 
    1.300000     0.001867     0.004002    -0.002135 
    1.400000     0.008547     0.003435     0.005112 
    1.500000    -0.000653     0.002947    -0.003600 
    1.600000     0.003424     0.002527     0.000897 
    1.700000     0.004151     0.002165     0.001986 
    1.800000    -0.004064     0.001854    -0.005918 
    1.900000     0.001495     0.001587    -0.000092 
    2.000000     0.001029     0.001356    -0.000327 
    2.100000     0.002188     0.001158     0.001030 
    2.200000     0.003324     0.000988     0.002336 
    2.300000     0.003129     0.000841     0.002288 
    2.400000     0.003605     0.000715     0.002890 
    2.500000     0.003880     0.000607     0.003273 
    2.600000     0.001632     0.000513     0.001119 
    2.700000    -0.000879     0.000433    -0.001312 
    2.800000     0.002460     0.000364     0.002096 
    2.900000    -0.000713     0.000304    -0.001017 
    3.000000    -0.003405     0.000253    -0.003658 
    3.100000     0.000271     0.000209     0.000062 
    3.200000     0.001092     0.000171     0.000921 
    3.300000     0.001843     0.000139     0.001704 
    3.400000    -0.002565     0.000111    -0.002676 
    3.500000    -0.001641     0.000086    -0.001727 
    3.600000     0.001018     0.000066     0.000952 
    3.700000    -0.003100     0.000048    -0.003148 
    3.800000    -0.005411     0.000032    -0.005443 
    3.900000    -0.003287     0.000019    -0.003306 
    4.000000    -0.004234     0.000008    -0.004242 
    4.100000    -0.003282    -0.000002    -0.003280 
    4.200000    -0.002855    -0.000010    -0.002845 
    4.300000    -0.002085    -0.000018    -0.002067 
    4.400000    -0.000704    -0.000024    -0.000680 
    4.500000    -0.003211    -0.000029    -0.003182 
    4.600000     0.005874    -0.000034     0.005908 
    4.700000     0.006320    -0.000038     0.006358 
    4.800000     0.001491    -0.000041     0.001532 
    4.900000     0.000189    -0.000044     0.000233 
    5.000000     0.001649    -0.000047     0.001696 
    5.100000    -0.002334    -0.000049    -0.002285 
    5.200000    -0.003324    -0.000051    -0.003273 
    5.300000     0.000002    -0.000052     0.000054 
    5.400000     0.002580    -0.000054     0.002634 
    5.500000     0.000345    -0.000055     0.000400 
    5.600000     0.000749    -0.000056     0.000805 
    5.700000     0.000507    -0.000057     0.000564 
    5.800000    -0.000050    -0.000058     0.000008 
    5.900000    -0.000843    -0.000058    -0.000785 
    6.000000     0.001390    -0.000059     0.001449 
    6.100000    -0.002435    -0.000059    -0.002376 
    6.200000     0.000160    -0.000060     0.000220 
    6.300000    -0.002566    -0.000060    -0.002506 
    6.400000    -0.003336    -0.000060    -0.003276 
    6.500000    -0.000196    -0.000061    -0.000135 
    6.600000     0.000324    -0.000061     0.000385 
    6.700000     0.002945    -0.000061     0.003006 
    6.800000    -0.000285    -0.000061    -0.000224 
    6.900000     0.001533    -0.000061     0.001594 
    7.000000     0.002202    -0.000062     0.002264 
    7.100000    -0.001084    -0.000062    -0.001022 
    7.200000    -0.001168    -0.000062    -0.001106 
    7.300000     0.000879    -0.000062     0.000941 
    7.400000    -0.001579    -0.000062    -0.001517 
    7.500000    -0.001897    -0.000062    -0.001835 
    7.600000    -0.000441    -0.000062    -0.000379 
    7.700000    -0.000225    -0.000062    -0.000163 
    7.800000    -0.001994    -0.000062    -0.001932 
    7.900000     0.002118    -0.000062     0.002180 
    8.000000    -0.002565    -0.000062    -0.002503 
    8.100000    -0.002509    -0.000062    -0.002447 
    8.200000     0.000392    -0.000062     0.000454 
    8.300000    -0.000416    -0.000062    -0.000354 
    8.400000    -0.004546    -0.000062    -0.004484 
    8.500000     0.000651    -0.000062     0.000713 
    8.600000     0.000391    -0.000062     0.000453 
    8.700000     0.004600    -0.000062     0.004662 
    8.800000     0.000582    -0.000062     0.000644 
    8.900000     0.000688    -0.000062     0.000750 
    9.000000    -0.000105    -0.000062    -0.000043 
    9.100000    -0.004477    -0.000062    -0.004415 
    9.200000    -0.000372    -0.000062    -0.000310 
    9.300000     0.002683    -0.000062     0.002745 
    9.400000     0.001831    -0.000062     0.001893 
    9.500000     0.000798    -0.000062     0.000860 
    9.600000    -0.000781    -0.000062    -0.000719 
    9.700000    -0.003468    -0.000062    -0.003406 
    9.800000    -0.000360    -0.000062    -0.000298 
    9.900000    -0.000780    -0.000062    -0.000718 
   10.000000     0.003452    -0.000062     0.003514 
   10.100000     0.002565    -0.000062     0.002627 
   10.200000     0.001485    -0.000062     0.001547 
   10.300000     0.004154    -0.000062     0.004216 
   10.400000     0.001575    -0.000062     0.001637 
   10.500000    -0.003284    -0.000062    -0.003222 
   10.600000    -0.000883    -0.000062    -0.000821 
   10.700000    -0.002614    -0.000062    -0.002552 
   10.800000    -0.001376    -0.000062    -0.001314 
   10.900000     0.000027    -0.000062     0.000089 
   11.000000     0.003271    -0.000062     0.003333 
   11.100000    -0.000351    -0.000062    -0.000289 
   11.200000     0.003242    -0.000062     0.003304 
   11.300000     0.002234    -0.000062     0.002296 
   11.400000     0.005503    -0.000062     0.005565 
   11.500000     0.001612    -0.000062     0.001674 
   11.600000     0.003990    -0.000062     0.004052 
   11.700000     0.003225    -0.000062     0.003287 
   11.800000     0.003956    -0.000062     0.004018 
   11.900000     0.002058    -0.000062     0.002120 
   12.000000     0.000292    -0.000062     0.000354 
   12.100000     0.005901    -0.000062     0.005963 
   12.200000    -0.001684    -0.000062    -0.001622 
   12.300000    -0.001652    -0.000062    -0.001590 
   12.400000    -0.002196    -0.000062    -0.002134 
   12.500000    -0.000178    -0.000062    -0.000116 
   12.600000    -0.000150    -0.000062    -0.000088 
   12.700000    -0.000869    -0.000062    -0.000807 
   12.800000     0.001170    -0.000062     0.001232 
   12.900000     0.000742    -0.000062     0.000804 
   13.000000     0.000525    -0.000062     0.000587 
   13.100000    -0.002380    -0.000062    -0.002318 
   13.200000    -0.001675    -0.000062    -0.001613 
   13.300000     0.000798    -0.000062     0.000860 
   13.400000     0.000333    -0.000062     0.000395 
   13.500000     0.000127    -0.000062     0.000189 
   13.600000     0.000387    -0.000062     0.000449 
   13.700000    -0.002121    -0.000062    -0.002059 
   13.800000    -0.004573    -0.000062    -0.004511 
   13.900000    -0.002442    -0.000062    -0.002380 
   14.000000    -0.001270    -0.000062    -0.001208 
   14.100000    -0.003105    -0.000062    -0.003043 
   14.200000    -0.000758    -0.000062    -0.000696 
   14.300000    -0.002627    -0.000062    -0.002565 
   14.400000     0.000269    -0.000062     0.000331 
   14.500000     0.000658    -0.000062     0.000720 
   14.600000    -0.001601    -0.000062    -0.001539 
   14.700000    -0.008532    -0.000062    -0.008470 
   14.800000    -0.004286    -0.000062    -0.004224 
   14.900000     0.001371    -0.000062     0.001433 
   15.000000     0.004115    -0.000062     0.004177 
   15.100000    -0.002212    -0.000062    -0.002150 
   15.200000    -0.004068    -0.000062    -0.004006 
   15.300000    -0.003088    -0.000062    -0.003026 
   15.400000    -0.004268    -0.000062    -0.004206 
   15.500000    -0.003039    -0.000062    -0.002977 
   15.600000    -0.002215    -0.000062    -0.002153 
   15.700000    -0.002404    -0.000062    -0.002342 
   15.800000    -0.002557    -0.000062    -0.002495 
   15.900000    -0.004886    -0.000062    -0.004824 
   16.000000    -0.001782    -0.000062    -0.001720 
   16.100000    -0.006746    -0.000062    -0.006684 
   16.200000    -0.000210    -0.000062    -0.000148 
   16.300000     0.000749    -0.000062     0.000811 
   16.400000    -0.003013    -0.000062    -0.002951 
   16.500000    -0.000907    -0.000062    -0.000845 
   16.600000     0.000872    -0.000062     0.000934 
   16.700000    -0.000923    -0.000062    -0.000861 
   16.800000    -0.000333    -0.000062    -0.000271 
   16.900000    -0.002857    -0.000062    -0.002795 
   17.000000    -0.003143    -0.000062    -0.003081 
   17.100000    -0.001626    -0.000062    -0.001564 
   17.200000    -0.000299    -0.000062    -0.000237 
   17.300000    -0.005717    -0.000062    -0.005655 
   17.400000    -0.000105    -0.000062    -0.000043 
   17.500000    -0.004190    -0.000062    -0.004128 
   17.600000    -0.001851    -0.000062    -0.001789 
   17.700000     0.004347    -0.000062     0.004409 
   17.800000     0.002549    -0.000062     0.002611 
   17.900000    -0.000114    -0.000062    -0.000052 
   18.000000    -0.001362    -0.000062    -0.001300 
   18.100000     0.003794    -0.000062     0.003856 
   18.200000     0.000606    -0.000062     0.000668 
   18.300000    -0.001832    -0.000062    -0.001770 
   18.400000    -0.002506    -0.000062    -0.002444 
   18.500000    -0.000342    -0.000062    -0.000280 
   18.600000     0.003332    -0.000062     0.003394 
   18.700000     0.002932    -0.000062     0.002994 
   18.800000     0.000233    -0.000062     0.000295 
   18.900000    -0.003732    -0.000062    -0.003670 
   19.000000    -0.002741    -0.000062    -0.002679 
   19.100000    -0.000295    -0.000062    -0.000233 
   19.200000     0.000288    -0.000062     0.000350 
   19.300000    -0.004700    -0.000062    -0.004638 
   19.400000    -0.005858    -0.000062    -0.005796 
   19.500000    -0.003743    -0.000062    -0.003681 
   19.600000    -0.004106    -0.000062    -0.004044 
   19.700000     0.001143    -0.000062     0.001205 
   19.800000     0.004747    -0.000062     0.004809 
   19.900000     0.004254    -0.000062     0.004316 
   20.000000     0.001724    -0.000062     0.001786 
   20.100000     0.001552    -0.000062     0.001614 
   20.200000     0.003336    -0.000062     0.003398 
   20.300000     0.002320    -0.000062     0.002382 
   20.400000     0.003855    -0.000062     0.003917 
   20.500000     0.005124    -0.000062     0.005186 
   20.600000     0.001870    -0.000062     0.001932 
   20.700000     0.002901    -0.000062     0.002963 
   20.800000     0.007415    -0.000062     0.007477 
   20.900000     0.000428    -0.000062     0.000490 
   21.000000    -0.000905    -0.000062    -0.000843 
   21.100000     0.000150    -0.000062     0.000212 
   21.200000     0.001504    -0.000062     0.001566 
   21.300000     0.006311    -0.000062     0.006373 
   21.400000     0.000604    -0.000062     0.000666 
   21.500000    -0.001682    -0.000062    -0.001620 
   21.600000    -0.000468    -0.000062    -0.000406 
   21.700000    -0.001848    -0.000062    -0.001786 
   21.800000    -0.005982    -0.000062    -0.005920 
   21.900000     0.000194    -0.000062     0.000256 
   22.000000    -0.002562    -0.000062    -0.002500 
   22.100000    -0.001650    -0.000062    -0.001588 
   22.200000    -0.002440    -0.000062    -0.002378 
   22.300000     0.003203    -0.000062     0.003265 
   22.400000     0.002975    -0.000062     0.003037 
   22.500000     0.008145    -0.000062     0.008207 
   22.600000    -0.001620    -0.000062    -0.001558 
   22.700000     0.002048    -0.000062     0.002110 
   22.800000    -0.002809    -0.000062    -0.002747 
   22.900000    -0.000765    -0.000062    -0.000703 
   23.000000     0.005997    -0.000062     0.006059 
   23.100000     0.003306    -0.000062     0.003368 
   23.200000     0.002510    -0.000062     0.002572 
   23.300000     0.002910    -0.000062     0.002972 
   23.400000    -0.002230    -0.000062    -0.002168 
   23.500000    -0.005187    -0.000062    -0.005125 
   23.600000     0.002484    -0.000062     0.002546 
   23.700000     0.000007    -0.000062     0.000069 
   23.800000     0.003858    -0.000062     0.003920 
   23.900000    -0.000180    -0.000062    -0.000118 
   24.000000    -0.001833    -0.000062    -0.001771 
   24.100000    -0.004129    -0.000062    -0.004067 
   24.200000    -0.004386    -0.000062    -0.004324 
   24.300000     0.002578    -0.000062     0.002640 
   24.400000    -0.004337    -0.000062    -0.004275 
   24.500000     0.001392    -0.000062     0.001454 
   24.600000    -0.001538    -0.000062    -0.001476 
   24.700000    -0.003961    -0.000062    -0.003899 
   24.800000    -0.003106    -0.000062    -0.003044 
   24.900000    -0.000695    -0.000062    -0.000633 
   25.000000     0.000778    -0.000062     0.000840 
   25.100000    -0.001623    -0.000062    -0.001561 
   25.200000     0.004087    -0.000062     0.004149 
   25.300000     0.003516    -0.000062     0.003578 
   25.400000     0.002357    -0.000062     0.002419 
   25.500000    -0.000244    -0.000062    -0.000182 
   25.600000    -0.002990    -0.000062    -0.002928 
   25.700000    -0.003248    -0.000062    -0.003186 
   25.800000    -0.008318    -0.000062    -0.008256 
   25.900000    -0.003847    -0.000062    -0.003785 
   26.000000    -0.002363    -0.000062    -0.002301 
   26.100000     0.000803    -0.000062     0.000865 
   26.200000    -0.001259    -0.000062    -0.001197 
   26.300000     0.000785    -0.000062     0.000847 
   26.400000    -0.005999    -0.000062    -0.005937 
   26.500000    -0.005355    -0.000062    -0.005293 
   26.600000    -0.004623    -0.000062    -0.004561 
   26.700000    -0.006209    -0.000062    -0.006147 
   26.800000    -0.006648    -0.000062    -0.006586 
   26.900000    -0.003010    -0.000062    -0.002948 
   27.000000    -0.002385    -0.000062    -0.002323 
   27.100000    -0.003198    -0.000062    -0.003136 
   27.200000    -0.002605    -0.000062    -0.002543 
   27.300000    -0.002980    -0.000062    -0.002918 
   27.400000    -0.005581    -0.000062    -0.005519 
   27.500000    -0.001022    -0.000062    -0.000960 
   27.600000     0.000861    -0.000062     0.000923 
   27.700000     0.003973    -0.000062     0.004035 
   27.800000     0.000536    -0.000062     0.000598 
   27.900000    -0.000834    -0.000062    -0.000772 
   28.000000    -0.003420    -0.000062    -0.003358 
   28.100000    -0.000787    -0.000062    -0.000725 
   28.200000    -0.002406    -0.000062    -0.002344 
   28.300000    -0.001003    -0.000062    -0.000941 
   28.400000     0.001067    -0.000062     0.001129 
   28.500000     0.004608    -0.000062     0.004670 
   28.600000     0.007936    -0.000062     0.007998 
   28.700000     0.003034    -0.000062     0.003096 
   28.800000     0.001476    -0.000062     0.001538 
   28.900000    -0.001527    -0.000062    -0.001465 
   29.000000    -0.001439    -0.000062    -0.001377 
   29.100000     0.001976    -0.000062     0.002038 
   29.200000     0.000836    -0.000062     0.000898 
   29.300000     0.000963    -0.000062     0.001025 
   29.400000    -0.003183    -0.000062    -0.003121 
   29.500000    -0.005587    -0.000062    -0.005525 
   29.600000    -0.000277    -0.000062    -0.000215 
   29.700000     0.002556    -0.000062     0.002618 
   29.800000     0.000194    -0.000062     0.000256 
   29.900000     0.002252    -0.000062     0.002314 
   30.000000    -0.001048    -0.000062    -0.000986 
   30.100000    -0.000346    -0.000062    -0.000284 
   30.200000    -0.001907    -0.000062    -0.001845 
   30.300000     0.003092    -0.000062     0.003154 
   30.400000    -0.002670    -0.000062    -0.002608 
   30.500000    -0.004087    -0.000062    -0.004025 
   30.600000     0.001953    -0.000062     0.002015 
   30.700000     0.001142    -0.000062     0.001204 
   30.800000    -0.001614    -0.000062    -0.001552 
   30.900000    -0.002262    -0.000062    -0.002200 
   31.000000    -0.001533    -0.000062    -0.001471 
   31.100000    -0.003952    -0.000062    -0.003890 
   31.200000    -0.001356    -0.000062    -0.001294 
   31.300000    -0.003728    -0.000062    -0.003666 
   31.400000    -0.003073    -0.000062    -0.003011 
   31.500000     0.004453    -0.000062     0.004515 
   31.600000    -0.001971    -0.000062    -0.001909 
   31.700000    -0.003413    -0.000062    -0.003351 
   31.800000    -0.003215    -0.000062    -0.003153 
   31.900000    -0.000755    -0.000062    -0.000693 
   32.000000    -0.000559    -0.000062    -0.000497 
   32.100000    -0.000647    -0.000062    -0.000585 
   32.200000    -0.001391    -0.000062    -0.001329 
   32.300000     0.000398    -0.000062     0.000460 
   32.400000    -0.000393    -0.000062    -0.000331 
   32.500000     0.001051    -0.000062     0.001113 
   32.600000    -0.002846    -0.000062    -0.002784 
   32.700000     0.001307    -0.000062     0.001369 
   32.800000    -0.001811    -0.000062    -0.001749 
   32.900000     0.003763    -0.000062     0.003825 
   33.000000     0.005235    -0.000062     0.005297 
   33.100000     0.001794    -0.000062     0.001856 
   33.200000     0.008106    -0.000062     0.008168 
   33.300000     0.005102    -0.000062     0.005164 
   33.400000     0.003404    -0.000062     0.003466 
   33.500000     0.002849    -0.000062     0.002911 
   33.600000     0.001361    -0.000062     0.001423 
   33.700000     0.000249    -0.000062     0.000311 
   33.800000    -0.000928    -0.000062    -0.000866 
   33.900000     0.002012    -0.000062     0.002074 
   34.000000    -0.001437    -0.000062    -0.001375 
   34.100000    -0.000215    -0.000062    -0.000153 
   34.200000     0.000025    -0.000062     0.000087 
   34.300000    -0.001903    -0.000062    -0.001841 
   34.400000    -0.004119    -0.000062    -0.004057 
   34.500000    -0.005080    -0.000062    -0.005018 
   34.600000    -0.002398    -0.000062    -0.002336 
   34.700000     0.003325    -0.000062     0.003387 
   34.800000     0.002471    -0.000062     0.002533 
   34.900000    -0.000463    -0.000062    -0.000401 
   35.000000     0.004278    -0.000062     0.004340 
   35.100000    -0.001738    -0.000062    -0.001676 
   35.200000     0.002042    -0.000062     0.002104 
   35.300000    -0.000734    -0.000062    -0.000672 
   35.400000    -0.001698    -0.000062    -0.001636 
   35.500000     0.000127    -0.000062     0.000189 
   35.600000    -0.001624    -0.000062    -0.001562 
   35.700000    -0.001720    -0.000062    -0.001658 
   35.800000     0.001413    -0.000062     0.001475 
   35.900000    -0.002254    -0.000062    -0.002192 
   36.000000    -0.001444    -0.000062    -0.001382 
   36.100000    -0.004311    -0.000062    -0.004249 
   36.200000    -0.005585    -0.000062    -0.005523 
   36.300000    -0.004432    -0.000062    -0.004370 
   36.400000     0.002609    -0.000062     0.002671 
   36.500000    -0.001490    -0.000062    -0.001428 
   36.600000    -0.000109    -0.000062    -0.000047 
   36.700000    -0.004985    -0.000062    -0.004923 
   36.800000    -0.003397    -0.000062    -0.003335 
   36.900000     0.004122    -0.000062     0.004184 
   37.000000     0.001217    -0.000062     0.001279 
   37.100000     0.000713    -0.000062     0.000775 
   37.200000     0.006281    -0.000062     0.006343 
   37.300000     0.002865    -0.000062     0.002927 
   37.400000     0.004328    -0.000062     0.004390 
   37.500000     0.002351    -0.000062     0.002413 
   37.600000     0.003331    -0.000062     0.003393 
   37.700000     0.004695    -0.000062     0.004757 
   37.800000     0.001013    -0.000062     0.001075 
   37.900000    -0.000125    -0.000062    -0.000063 
   38.000000     0.004401    -0.000062     0.004463 
   38.100000     0.002080    -0.000062     0.002142 
   38.200000     0.002639    -0.000062     0.002701 
   38.300000     0.005087    -0.000062     0.005149 
   38.400000     0.004053    -0.000062     0.004115 
   38.500000     0.004819    -0.000062     0.004881 
   38.600000     0.000767    -0.000062     0.000829 
   38.700000     0.004675    -0.000062     0.004737 
   38.800000     0.001339    -0.000062     0.001401 
   38.900000    -0.001963    -0.000062    -0.001901 
   39.000000     0.001436    -0.000062     0.001498 
   39.100000     0.006524    -0.000062     0.006586 
   39.200000     0.006363    -0.000062     0.006425 
   39.300000     0.003798    -0.000062     0.003860 
   39.400000     0.002528    -0.000062     0.002590 
   39.500000     0.003480    -0.000062     0.003542 
   39.600000     0.003736    -0.000062     0.003798 
   39.700000    -0.000259    -0.000062    -0.000197 
   39.800000     0.001591    -0.000062     0.001653 
   39.900000     0.005574    -0.000062     0.005636 
   40.000000     0.001062    -0.000062     0.001124 
   40.100000     0.000503    -0.000062     0.000565 
   40.200000    -0.002720    -0.000062    -0.002658 
   40.300000    -0.001692    -0.000062    -0.001630 
   40.400000     0.000124    -0.000062     0.000186 
   40.500000    -0.005732    -0.000062    -0.005670 
   40.600000    -0.001782    -0.000062    -0.001720 
   40.700000    -0.004117    -0.000062    -0.004055 
   40.800000    -0.004263    -0.000062    -0.004201 
   40.900000     0.003154    -0.000062     0.003216 
   41.000000    -0.000370    -0.000062    -0.000308 
   41.100000     0.000972    -0.000062     0.001034 
   41.200000     0.002213    -0.000062     0.002275 
   41.300000    -0.001105    -0.000062    -0.001043 
   41.400000    -0.000757    -0.000062    -0.000695 
   41.500000    -0.001965    -0.000062    -0.001903 
   41.600000    -0.000094    -0.000062    -0.000032 
   41.700000     0.000515    -0.000062     0.000577 
   41.800000     0.001047    -0.000062     0.001109 
   41.900000     0.003072    -0.000062     0.003134 
   42.000000    -0.001824    -0.000062    -0.001762 
   42.100000    -0.005383    -0.000062    -0.005321 
   42.200000    -0.001407    -0.000062    -0.001345 
   42.300000    -0.005167    -0.000062    -0.005105 
   42.400000    -0.004298    -0.000062    -0.004236 
   42.500000    -0.005013    -0.000062    -0.004951 
   42.600000    -0.002464    -0.000062    -0.002402 
   42.700000     0.001936    -0.000062     0.001998 
   42.800000    -0.003413    -0.000062    -0.003351 
   42.900000    -0.002399    -0.000062    -0.002337 
   43.000000     0.001421    -0.000062     0.001483 
   43.100000     0.001314    -0.000062     0.001376 
   43.200000    -0.001792    -0.000062    -0.001730 
   43.300000    -0.000126    -0.000062    -0.000064 
   43.400000     0.001475    -0.000062     0.001537 
   43.500000     0.002511    -0.000062     0.002573 
   43.600000     0.002419    -0.000062     0.002481 
   43.700000    -0.001057    -0.000062    -0.000995 
   43.800000    -0.000617    -0.000062    -0.000555 
   43.900000     0.000190    -0.000062     0.000252 
   44.000000     0.000098    -0.000062     0.000160 
   44.100000    -0.002623    -0.000062    -0.002561 
   44.200000     0.000574    -0.000062     0.000636 
   44.300000    -0.005659    -0.000062    -0.005597 
   44.400000    -0.005275    -0.000062    -0.005213 
   44.500000    -0.001993    -0.000062    -0.001931 
   44.600000     0.000174    -0.000062     0.000236 
   44.700000    -0.000324    -0.000062    -0.000262 
   44.800000     0.003338    -0.000062     0.003400 
   44.900000     0.001482    -0.000062     0.001544 
   45.000000     0.004808    -0.000062     0.004870 
   45.100000     0.003953    -0.000062     0.004015 
   45.200000     0.000576    -0.000062     0.000638 
   45.300000     0.002762    -0.000062     0.002824 
   45.400000     0.001313    -0.000062     0.001375 
   45.500000     0.000473    -0.000062     0.000535 
   45.600000    -0.002980    -0.000062    -0.002918 
   45.700000    -0.001454    -0.000062    -0.001392 
   45.800000    -0.002379    -0.000062    -0.002317 
   45.900000    -0.002017    -0.000062    -0.001955 
   46.000000    -0.000732    -0.000062    -0.000670 
   46.100000    -0.002778    -0.000062    -0.002716 
   46.200000     0.000653    -0.000062     0.000715 
   46.300000     0.003784    -0.000062     0.003846 
   46.400000     0.002060    -0.000062     0.002122 
   46.500000     0.008814    -0.000062     0.008876 
   46.600000    -0.000422    -0.000062    -0.000360 
   46.700000     0.000312    -0.000062     0.000374 
   46.800000     0.001461    -0.000062     0.001523 
   46.900000     0.003804    -0.000062     0.003866 
   47.000000    -0.005275    -0.000062    -0.005213 
   47.100000    -0.010682    -0.000062    -0.010620 
   47.200000    -0.006894    -0.000062    -0.006832 
   47.300000    -0.007708    -0.000062    -0.007646 
   47.400000    -0.006287    -0.000062    -0.006225 
   47.500000    -0.007710    -0.000062    -0.007648 
   47.600000    -0.003977    -0.000062    -0.003915 
   47.700000    -0.002031    -0.000062    -0.001969 
   47.800000     0.000866    -0.000062     0.000928 
   47.900000    -0.001433    -0.000062    -0.001371 
   48.000000     0.001888    -0.000062     0.001950 
   48.100000     0.004468    -0.000062     0.004530 
   48.200000     0.001654    -0.000062     0.001716 
   48.300000     0.000233    -0.000062     0.000295 
   48.400000    -0.000434    -0.000062    -0.000372 
   48.500000     0.003757    -0.000062     0.003819 
   48.600000    -0.000236    -0.000062    -0.000174 
   48.700000    -0.002269    -0.000062    -0.002207 
   48.800000     0.000036    -0.000062     0.000098 
   48.900000    -0.001516    -0.000062    -0.001454 
   49.000000    -0.001371    -0.000062    -0.001309 
   49.100000    -0.001915    -0.000062    -0.001853 
   49.200000    -0.000843    -0.000062    -0.000781 
   49.300000    -0.002264    -0.000062    -0.002202 
   49.400000    -0.002411    -0.000062    -0.002349 
   49.500000     0.000690    -0.000062     0.000752 
   49.600000    -0.002146    -0.000062    -0.002084 
   49.700000     0.000253    -0.000062     0.000315 
   49.800000     0.004175    -0.000062     0.004237 
   49.900000     0.008995    -0.000062     0.009057 
   50.000000     0.006710    -0.000062     0.006772 
   50.100000     0.001180    -0.000062     0.001242 
   50.200000     0.001542    -0.000062     0.001604 
   50.300000    -0.000722    -0.000062    -0.000660 
   50.400000     0.004498    -0.000062     0.004560 
   50.500000     0.003218    -0.000062     0.003280 
   50.600000     0.002898    -0.000062     0.002960 
   50.700000     0.000440    -0.000062     0.000502 
   50.800000    -0.002499    -0.000062    -0.002437 
   50.900000    -0.001693    -0.000062    -0.001631 
   51.000000     0.006269    -0.000062     0.006331 
   51.100000     0.007536    -0.000062     0.007598 
   51.200000    -0.001795    -0.000062    -0.001733 
   51.300000     0.001669    -0.000062     0.001731 
   51.400000     0.002669    -0.000062     0.002731 
   51.500000     0.004198    -0.000062     0.004260 
   51.600000     0.003492    -0.000062     0.003554 
   51.700000     0.000337    -0.000062     0.000399 
   51.800000    -0.001000    -0.000062    -0.000938 
   51.900000    -0.003828    -0.000062    -0.003766 
   52.000000    -0.000484    -0.000062    -0.000422 
   52.100000     0.003231    -0.000062     0.003293 
   52.200000     0.003140    -0.000062     0.003202 
   52.300000    -0.001525    -0.000062    -0.001463 
   52.400000     0.001597    -0.000062     0.001659 
   52.500000     0.002789    -0.000062     0.002851 
   52.600000     0.000301    -0.000062     0.000363 
   52.700000    -0.001098    -0.000062    -0.001036 
   52.800000    -0.002878    -0.000062    -0.002816 
   52.900000     0.000311    -0.000062     0.000373 
   53.000000     0.005480    -0.000062     0.005542 
   53.100000     0.004746    -0.000062     0.004808 
   53.200000    -0.000232    -0.000062    -0.000170 
   53.300000     0.002661    -0.000062     0.002723 
   53.400000     0.000454    -0.000062     0.000516 
   53.500000     0.005016    -0.000062     0.005078 
   53.600000     0.004470    -0.000062     0.004532 
   53.700000    -0.001152    -0.000062    -0.001090 
   53.800000    -0.001565    -0.000062    -0.001503 
   53.900000    -0.001791    -0.000062    -0.001729 
   54.000000    -0.000010    -0.000062     0.000052 
   54.100000     0.001383    -0.000062     0.001445 
   54.200000    -0.005252    -0.000062    -0.005190 
   54.300000     0.001723    -0.000062     0.001785 
   54.400000     0.003127    -0.000062     0.003189 
   54.500000     0.002956    -0.000062     0.003018 
   54.600000     0.000492    -0.000062     0.000554 
   54.700000    -0.003402    -0.000062    -0.003340 
   54.800000    -0.000346    -0.000062    -0.000284 
   54.900000     0.000813    -0.000062     0.000875 
   55.000000    -0.001054    -0.000062    -0.000992 
   55.100000    -0.001846    -0.000062    -0.001784 
   55.200000    -0.002200    -0.000062    -0.002138 
   55.300000    -0.002825    -0.000062    -0.002763 
   55.400000    -0.001763    -0.000062    -0.001701 
   55.500000     0.000503    -0.000062     0.000565 
   55.600000     0.001904    -0.000062     0.001966 
   55.700000     0.003314    -0.000062     0.003376 
   55.800000     0.002930    -0.000062     0.002992 
   55.900000    -0.001206    -0.000062    -0.001144 
   56.000000     0.002791    -0.000062     0.002853 
   56.100000    -0.003900    -0.000062    -0.003838 
   56.200000    -0.002196    -0.000062    -0.002134 
   56.300000     0.001408    -0.000062     0.001470 
   56.400000     0.000513    -0.000062     0.000575 
   56.500000    -0.011189    -0.000062    -0.011127 
   56.600000     0.003219    -0.000062     0.003281 
   56.700000     0.001324    -0.000062     0.001386 
   56.800000     0.002140    -0.000062     0.002202 
   56.900000    -0.004846    -0.000062    -0.004784 
   57.000000    -0.004432    -0.000062    -0.004370 
   57.100000    -0.000096    -0.000062    -0.000034 
   57.200000    -0.001092    -0.000062    -0.001030 
   57.300000    -0.005613    -0.000062    -0.005551 
   57.400000    -0.005436    -0.000062    -0.005374 
   57.500000    -0.005807    -0.000062    -0.005745 
   57.600000     0.000107    -0.000062     0.000169 
   57.700000     0.002299    -0.000062     0.002361 
   57.800000     0.000380    -0.000062     0.000442 
   57.900000     0.002503    -0.000062     0.002565 
   58.000000     0.001623    -0.000062     0.001685 
   58.100000     0.002066    -0.000062     0.002128 
   58.200000    -0.004297    -0.000062    -0.004235 
   58.300000     0.000801    -0.000062     0.000863 
   58.400000     0.003310    -0.000062     0.003372 
   58.500000     0.001645    -0.000062     0.001707 
   58.600000     0.001991    -0.000062     0.002053 
   58.700000     0.002965    -0.000062     0.003027 
   58.800000    -0.005963    -0.000062    -0.005901 
   58.900000    -0.006408    -0.000062    -0.006346 
   59.000000    -0.001939    -0.000062    -0.001877 
   59.100000     0.001317    -0.000062     0.001379 
   59.200000     0.000675    -0.000062     0.000737 
   59.300000     0.002130    -0.000062     0.002192 
   59.400000    -0.002531    -0.000062    -0.002469 
   59.500000    -0.001630    -0.000062    -0.001568 
   59.600000    -0.003601    -0.000062    -0.003539 
   59.700000     0.002054    -0.000062     0.002116 
   59.800000    -0.003018    -0.000062    -0.002956 
   59.900000    -0.001957    -0.000062    -0.001895 
   60.000000    -0.003211    -0.000062    -0.003149 
   60.100000    -0.001495    -0.000062    -0.001433 
   60.200000    -0.000498    -0.000062    -0.000436 
   60.300000     0.002776    -0.000062     0.002838 
   60.400000     0.003248    -0.000062     0.003310 
   60.500000    -0.004703    -0.000062    -0.004641 
   60.600000     0.000017    -0.000062     0.000079 
   60.700000     0.000537    -0.000062     0.000599 
   60.800000     0.001327    -0.000062     0.001389 
   60.900000     0.003573    -0.000062     0.003635 
   61.000000    -0.000680    -0.000062    -0.000618 
   61.100000    -0.001631    -0.000062    -0.001569 
   61.200000    -0.000184    -0.000062    -0.000122 
   61.300000     0.001797    -0.000062     0.001859 
   61.400000     0.004702    -0.000062     0.004764 
   61.500000     0.001994    -0.000062     0.002056 
   61.600000     0.005608    -0.000062     0.005670 
   61.700000     0.002416    -0.000062     0.002478 
   61.800000     0.004775    -0.000062     0.004837 
   61.900000     0.002522    -0.000062     0.002584 
   62.000000     0.006014    -0.000062     0.006076 
   62.100000     0.003010    -0.000062     0.003072 
   62.200000    -0.002045    -0.000062    -0.001983 
   62.300000     0.004059    -0.000062     0.004121 
   62.400000     0.003826    -0.000062     0.003888 
   62.500000     0.003244    -0.000062     0.003306 
   62.600000     0.005476    -0.000062     0.005538 
   62.700000     0.000070    -0.000062     0.000132 
   62.800000     0.002996    -0.000062     0.003058 
   62.900000     0.001173    -0.000062     0.001235 
   63.000000    -0.002092    -0.000062    -0.002030 
   63.100000     0.000230    -0.000062     0.000292 
   63.200000    -0.001954    -0.000062    -0.001892 
   63.300000     0.001765    -0.000062     0.001827 
   63.400000     0.001984    -0.000062     0.002046 
   63.500000     0.001244    -0.000062     0.001306 
   63.600000    -0.000557    -0.000062    -0.000495 
   63.700000     0.002319    -0.000062     0.002381 
   63.800000     0.002655    -0.000062     0.002717 
   63.900000     0.003053    -0.000062     0.003115 
   64.000000     0.002951    -0.000062     0.003013 
   64.100000    -0.003354    -0.000062    -0.003292 
   64.200000    -0.004265    -0.000062    -0.004203 
   64.300000     0.000884    -0.000062     0.000946 
   64.400000    -0.004552    -0.000062    -0.004490 
   64.500000     0.000637    -0.000062     0.000699 
   64.600000     0.000394    -0.000062     0.000456 
   64.700000    -0.003034    -0.000062    -0.002972 
   64.800000    -0.000075    -0.000062    -0.000013 
   64.900000     0.001889    -0.000062     0.001951 
   65.000000    -0.003924    -0.000062    -0.003862 
   65.100000    -0.002943    -0.000062    -0.002881 
   65.200000    -0.002749    -0.000062    -0.002687 
   65.300000     0.000997    -0.000062     0.001059 
   65.400000     0.001323    -0.000062     0.001385 
   65.500000    -0.000602    -0.000062    -0.000540 
   65.600000    -0.006493    -0.000062    -0.006431 
   65.700000    -0.007134    -0.000062    -0.007072 
   65.800000    -0.003279    -0.000062    -0.003217 
   65.900000    -0.001132    -0.000062    -0.001070 
   66.000000     0.001345    -0.000062     0.001407 
   66.100000     0.000711    -0.000062     0.000773 
   66.200000    -0.002287    -0.000062    -0.002225 
   66.300000     0.000736    -0.000062     0.000798 
   66.400000    -0.004182    -0.000062    -0.004120 
   66.500000    -0.002197    -0.000062    -0.002135 
   66.600000     0.001254    -0.000062     0.001316 
   66.700000     0.000339    -0.000062     0.000401 
   66.800000     0.005092    -0.000062     0.005154 
   66.900000     0.002340    -0.000062     0.002402 
   67.000000     0.002724    -0.000062     0.002786 
   67.100000    -0.000066    -0.000062    -0.000004 
   67.200000     0.000339    -0.000062     0.000401 
   67.300000     0.002078    -0.000062     0.002140 
   67.400000     0.000103    -0.000062     0.000165 
   67.500000    -0.005920    -0.000062    -0.005858 
   67.600000     0.002296    -0.000062     0.002358 
   67.700000     0.002871    -0.000062     0.002933 
   67.800000     0.001877    -0.000062     0.001939 
   67.900000    -0.001454    -0.000062    -0.001392 
   68.000000     0.004214    -0.000062     0.004276 
   68.100000     0.003627    -0.000062     0.003689 
   68.200000    -0.003838    -0.000062    -0.003776 
   68.300000    -0.003596    -0.000062    -0.003534 
   68.400000    -0.002173    -0.000062    -0.002111 
   68.500000    -0.000154    -0.000062    -0.000092 
   68.600000     0.004323    -0.000062     0.004385 
   68.700000     0.000202    -0.000062     0.000264 
   68.800000     0.000355    -0.000062     0.000417 
   68.900000     0.002019    -0.000062     0.002081 
   69.000000     0.000437    -0.000062     0.000499 
   69.100000     0.000415    -0.000062     0.000477 
   69.200000    -0.000331    -0.000062    -0.000269 
   69.300000    -0.003628    -0.000062    -0.003566 
   69.400000    -0.002557    -0.000062    -0.002495 
   69.500000     0.002155    -0.000062     0.002217 
   69.600000     0.006898    -0.000062     0.006960 
   69.700000     0.003921    -0.000062     0.003983 
   69.800000     0.001721    -0.000062     0.001783 
   69.900000     0.006474    -0.000062     0.006536 
   70.000000    -0.001735    -0.000062    -0.001673 
   70.100000     0.004050    -0.000062     0.004112 
   70.200000     0.002644    -0.000062     0.002706 
   70.300000     0.007170    -0.000062     0.007232 
   70.400000    -0.002449    -0.000062    -0.002387 
   70.500000     0.000575    -0.000062     0.000637 
   70.600000    -0.001091    -0.000062    -0.001029 
   70.700000    -0.001623    -0.000062    -0.001561 
   70.800000    -0.000441    -0.000062    -0.000379 
   70.900000     0.001725    -0.000062     0.001787 
   71.000000    -0.001350    -0.000062    -0.001288 
   71.100000    -0.005008    -0.000062    -0.004946 
   71.200000    -0.001116    -0.000062    -0.001054 
   71.300000    -0.002542    -0.000062    -0.002480 
   71.400000    -0.000758    -0.000062    -0.000696 
   71.500000     0.001143    -0.000062     0.001205 
   71.600000    -0.000361    -0.000062    -0.000299 
   71.700000    -0.001450    -0.000062    -0.001388 
   71.800000    -0.000126    -0.000062    -0.000064 
   71.900000     0.002195    -0.000062     0.002257 
   72.000000    -0.004369    -0.000062    -0.004307 
   72.100000    -0.002433    -0.000062    -0.002371 
   72.200000     0.001417    -0.000062     0.001479 
   72.300000    -0.003460    -0.000062    -0.003398 
   72.400000     0.002775    -0.000062     0.002837 
   72.500000     0.002539    -0.000062     0.002601 
   72.600000     0.005558    -0.000062     0.005620 
   72.700000     0.003923    -0.000062     0.003985 
   72.800000     0.004270    -0.000062     0.004332 
   72.900000     0.000482    -0.000062     0.000544 
   73.000000    -0.000432    -0.000062    -0.000370 
   73.100000    -0.000926    -0.000062    -0.000864 
   73.200000     0.002323    -0.000062     0.002385 
   73.300000     0.001768    -0.000062     0.001830 
   73.400000     0.002545    -0.000062     0.002607 
   73.500000     0.004528    -0.000062     0.004590 
   73.600000     0.003459    -0.000062     0.003521 
   73.700000     0.005365    -0.000062     0.005427 
   73.800000     0.003429    -0.000062     0.003491 
   73.900000    -0.005706    -0.000062    -0.005644 
   74.000000    -0.003791    -0.000062    -0.003729 
   74.100000     0.000850    -0.000062     0.000912 
   74.200000    -0.005271    -0.000062    -0.005209 
   74.300000    -0.007395    -0.000062    -0.007333 
   74.400000     0.005774    -0.000062     0.005836 
   74.500000     0.004919    -0.000062     0.004981 
   74.600000     0.000882    -0.000062     0.000944 
   74.700000    -0.000127    -0.000062    -0.000065 
   74.800000     0.001778    -0.000062     0.001840 
   74.900000    -0.002982    -0.000062    -0.002920 
   75.000000    -0.002587    -0.000062    -0.002525 
   75.100000    -0.003244    -0.000062    -0.003182 
   75.200000    -0.006291    -0.000062    -0.006229 
   75.300000     0.000173    -0.000062     0.000235 
   75.400000     0.000123    -0.000062     0.000185 
   75.500000    -0.005068    -0.000062    -0.005006 
   75.600000     0.001961    -0.000062     0.002023 
   75.700000     0.001721    -0.000062     0.001783 
   75.800000    -0.001734    -0.000062    -0.001672 
   75.900000    -0.003834    -0.000062    -0.003772 
   76.000000    -0.005162    -0.000062    -0.005100 
   76.100000    -0.000249    -0.000062    -0.000187 
   76.200000     0.002039    -0.000062     0.002101 
   76.300000    -0.003134    -0.000062    -0.003072 
   76.400000    -0.001103    -0.000062    -0.001041 
   76.500000    -0.001541    -0.000062    -0.001479 
   76.600000    -0.006565    -0.000062    -0.006503 
   76.700000     0.001877    -0.000062     0.001939 
   76.800000     0.006154    -0.000062     0.006216 
   76.900000    -0.004676    -0.000062    -0.004614 
   77.000000    -0.002628    -0.000062    -0.002566 
   77.100000     0.001506    -0.000062     0.001568 
   77.200000     0.002098    -0.000062     0.002160 
   77.300000     0.002659    -0.000062     0.002721 
   77.400000    -0.001820    -0.000062    -0.001758 
   77.500000    -0.002657    -0.000062    -0.002595 
   77.600000     0.003543    -0.000062     0.003605 
   77.700000    -0.004092    -0.000062    -0.004030 
   77.800000    -0.002327    -0.000062    -0.002265 
   77.900000    -0.008609    -0.000062    -0.008547 
   78.000000    -0.006110    -0.000062    -0.006048 
   78.100000    -0.004785    -0.000062    -0.004723 
   78.200000    -0.000617    -0.000062    -0.000555 
   78.300000     0.002201    -0.000062     0.002263 
   78.400000     0.002021    -0.000062     0.002083 
   78.500000     0.000138    -0.000062     0.000200 
   78.600000     0.002186    -0.000062     0.002248 
   78.700000    -0.001550    -0.000062    -0.001488 
   78.800000     0.000576    -0.000062     0.000638 
   78.900000     0.003570    -0.000062     0.003632 
   79.000000    -0.000041    -0.000062     0.000021 
   79.100000     0.001384    -0.000062     0.001446 
   79.200000     0.004018    -0.000062     0.004080 
   79.300000    -0.000059    -0.000062     0.000003 
   79.400000     0.003710    -0.000062     0.003772 
   79.500000     0.005939    -0.000062     0.006001 
   79.600000    -0.002838    -0.000062    -0.002776 
   79.700000    -0.001997    -0.000062    -0.001935 
   79.800000     0.004261    -0.000062     0.004323 
   79.900000     0.004949    -0.000062     0.005011 
   80.000000     0.001306    -0.000062     0.001368 
   80.100000     0.001917    -0.000062     0.001979 
   80.200000     0.001923    -0.000062     0.001985 
   80.300000    -0.000456    -0.000062    -0.000394 
   80.400000    -0.002334    -0.000062    -0.002272 
   80.500000    -0.003010    -0.000062    -0.002948 
   80.600000     0.000546    -0.000062     0.000608 
   80.700000    -0.010713    -0.000062    -0.010651 
   80.800000    -0.000138    -0.000062    -0.000076 
   80.900000    -0.002432    -0.000062    -0.002370 
   81.000000    -0.005099    -0.000062    -0.005037 
   81.100000    -0.003335    -0.000062    -0.003273 
   81.200000    -0.001915    -0.000062    -0.001853 
   81.300000     0.000832    -0.000062     0.000894 
   81.400000    -0.003967    -0.000062    -0.003905 
   81.500000    -0.003940    -0.000062    -0.003878 
   81.600000     0.000196    -0.000062     0.000258 
   81.700000    -0.000342    -0.000062    -0.000280 
   81.800000    -0.005605    -0.000062    -0.005543 
   81.900000    -0.003969    -0.000062    -0.003907 
   82.000000    -0.011213    -0.000062    -0.011151 
   82.100000    -0.001056    -0.000062    -0.000994 
   82.200000     0.001090    -0.000062     0.001152 
   82.300000    -0.003317    -0.000062    -0.003255 
   82.400000    -0.005577    -0.000062    -0.005515 
   82.500000    -0.001652    -0.000062    -0.001590 
   82.600000    -0.000486    -0.000062    -0.000424 
   82.700000     0.000183    -0.000062     0.000245 
   82.800000    -0.002584    -0.000062    -0.002522 
   82.900000    -0.000394    -0.000062    -0.000332 
   83.000000    -0.000771    -0.000062    -0.000709 
   83.100000    -0.001349    -0.000062    -0.001287 
   83.200000     0.000528    -0.000062     0.000590 
   83.300000    -0.004725    -0.000062    -0.004663 
   83.400000    -0.003144    -0.000062    -0.003082 
   83.500000     0.004145    -0.000062     0.004207 
   83.600000     0.002349    -0.000062     0.002411 
   83.700000    -0.004099    -0.000062    -0.004037 
   83.800000     0.001944    -0.000062     0.002006 
   83.900000     0.001216    -0.000062     0.001278 
   84.000000    -0.002563    -0.000062    -0.002501 
   84.100000    -0.009513    -0.000062    -0.009451 
   84.200000    -0.007800    -0.000062    -0.007738 
   84.300000    -0.007322    -0.000062    -0.007260 
   84.400000    -0.002768    -0.000062    -0.002706 
   84.500000     0.003702    -0.000062     0.003764 
   84.600000     0.001708    -0.000062     0.001770 
   84.700000     0.000947    -0.000062     0.001009 
   84.800000     0.005436    -0.000062     0.005498 
   84.900000     0.003221    -0.000062     0.003283 
   85.000000     0.002153    -0.000062     0.002215 
   85.100000     0.004348    -0.000062     0.004410 
   85.200000     0.003571    -0.000062     0.003633 
   85.300000     0.000774    -0.000062     0.000836 
   85.400000     0.000115    -0.000062     0.000177 
   85.500000     0.000943    -0.000062     0.001005 
   85.600000     0.001626    -0.000062     0.001688 
   85.700000    -0.005380    -0.000062    -0.005318 
   85.800000    -0.004480    -0.000062    -0.004418 
   85.900000     0.003066    -0.000062     0.003128 
   86.000000     0.000826    -0.000062     0.000888 
   86.100000     0.001884    -0.000062     0.001946 
   86.200000    -0.001567    -0.000062    -0.001505 
   86.300000    -0.006467    -0.000062    -0.006405 
   86.400000    -0.006239    -0.000062    -0.006177 
   86.500000    -0.004030    -0.000062    -0.003968 
   86.600000     0.003343    -0.000062     0.003405 
   86.700000     0.004018    -0.000062     0.004080 
   86.800000     0.006888    -0.000062     0.006950 
   86.900000     0.007034    -0.000062     0.007096 
   87.000000    -0.001803    -0.000062    -0.001741 
   87.100000     0.003963    -0.000062     0.004025 
   87.200000     0.004888    -0.000062     0.004950 
   87.300000     0.003319    -0.000062     0.003381 
   87.400000     0.000146    -0.000062     0.000208 
   87.500000     0.005598    -0.000062     0.005660 
   87.600000     0.006722    -0.000062     0.006784 
   87.700000     0.003459    -0.000062     0.003521 
   87.800000    -0.001962    -0.000062    -0.001900 
   87.900000    -0.002410    -0.000062    -0.002348 
   88.000000    -0.001911    -0.000062    -0.001849 
   88.100000    -0.003660    -0.000062    -0.003598 
   88.200000    -0.002910    -0.000062    -0.002848 
   88.300000    -0.001587    -0.000062    -0.001525 
   88.400000    -0.001273    -0.000062    -0.001211 
   88.500000    -0.002121    -0.000062    -0.002059 
   88.600000     0.005530    -0.000062     0.005592 
   88.700000     0.003850    -0.000062     0.003912 
   88.800000     0.004303    -0.000062     0.004365 
   88.900000     0.002053    -0.000062     0.002115 
   89.000000     0.000973    -0.000062     0.001035 
   89.100000    -0.002553    -0.000062    -0.002491 
   89.200000    -0.001748    -0.000062    -0.001686 
   89.300000    -0.001465    -0.000062    -0.001403 
   89.400000    -0.003482    -0.000062    -0.003420 
   89.500000    -0.000225    -0.000062    -0.000163 
   89.600000     0.002094    -0.000062     0.002156 
   89.700000    -0.004027    -0.000062    -0.003965 
   89.800000    -0.000133    -0.000062    -0.000071 
   89.900000    -0.001938    -0.000062    -0.001876 
   90.000000    -0.001532    -0.000062    -0.001470 
   90.100000     0.000090    -0.000062     0.000152 
   90.200000     0.007002    -0.000062     0.007064 
   90.300000    -0.000648    -0.000062    -0.000586 
   90.400000     0.001412    -0.000062     0.001474 
   90.500000     0.006184    -0.000062     0.006246 
   90.600000     0.004556    -0.000062     0.004618 
   90.700000     0.001687    -0.000062     0.001749 
   90.800000     0.002702    -0.000062     0.002764 
   90.900000    -0.001319    -0.000062    -0.001257 
   91.000000     0.003918    -0.000062     0.003980 
   91.100000    -0.000616    -0.000062    -0.000554 
   91.200000     0.000520    -0.000062     0.000582 
   91.300000    -0.002735    -0.000062    -0.002673 
   91.400000     0.000979    -0.000062     0.001041 
   91.500000     0.008599    -0.000062     0.008661 
   91.600000     0.005855    -0.000062     0.005917 
   91.700000     0.008347    -0.000062     0.008409 
   91.800000     0.002074    -0.000062     0.002136 
   91.900000     0.000570    -0.000062     0.000632 
   92.000000    -0.002206    -0.000062    -0.002144 
   92.100000    -0.000353    -0.000062    -0.000291 
   92.200000     0.006067    -0.000062     0.006129 
   92.300000    -0.002849    -0.000062    -0.002787 
   92.400000     0.000702    -0.000062     0.000764 
   92.500000     0.002530    -0.000062     0.002592 
   92.600000    -0.000896    -0.000062    -0.000834 
   92.700000     0.001897    -0.000062     0.001959 
   92.800000    -0.002074    -0.000062    -0.002012 
   92.900000     0.002238    -0.000062     0.002300 
   93.000000     0.000197    -0.000062     0.000259 
   93.100000     0.005901    -0.000062     0.005963 
   93.200000     0.001924    -0.000062     0.001986 
   93.300000     0.006556    -0.000062     0.006618 
   93.400000     0.002733    -0.000062     0.002795 
   93.500000     0.003028    -0.000062     0.003090 
   93.600000     0.002005    -0.000062     0.002067 
   93.700000     0.001010    -0.000062     0.001072 
   93.800000     0.005626    -0.000062     0.005688 
   93.900000     0.001593    -0.000062     0.001655 
   94.000000    -0.001009    -0.000062    -0.000947 
   94.100000     0.003335    -0.000062     0.003397 
   94.200000     0.003810    -0.000062     0.003872 
   94.300000    -0.001139    -0.000062    -0.001077 
   94.400000    -0.004565    -0.000062    -0.004503 
   94.500000    -0.001475    -0.000062    -0.001413 
   94.600000    -0.003107    -0.000062    -0.003045 
   94.700000    -0.000108    -0.000062    -0.000046 
   94.800000     0.000338    -0.000062     0.000400 
   94.900000    -0.008080    -0.000062    -0.008018 
   95.000000    -0.008906    -0.000062    -0.008844 
   95.100000    -0.004229    -0.000062    -0.004167 
   95.200000     0.000442    -0.000062     0.000504 
   95.300000     0.004415    -0.000062     0.004477 
   95.400000    -0.004601    -0.000062    -0.004539 
   95.500000    -0.000524    -0.000062    -0.000462 
   95.600000    -0.003433    -0.000062    -0.003371 
   95.700000    -0.004819    -0.000062    -0.004757 
   95.800000    -0.000344    -0.000062    -0.000282 
   95.900000     0.002624    -0.000062     0.002686 
   96.000000     0.003009    -0.000062     0.003071 
   96.100000     0.001581    -0.000062     0.001643 
   96.200000     0.001495    -0.000062     0.001557 
   96.300000    -0.000665    -0.000062    -0.000603 
   96.400000    -0.000264    -0.000062    -0.000202 
   96.500000    -0.008355    -0.000062    -0.008293 
   96.600000     0.001696    -0.000062     0.001758 
   96.700000    -0.006542    -0.000062    -0.006480 
   96.800000    -0.005104    -0.000062    -0.005042 
   96.900000    -0.004084    -0.000062    -0.004022 
   97.000000    -0.003678    -0.000062    -0.003616 
   97.100000    -0.001733    -0.000062    -0.001671 
   97.200000    -0.005151    -0.000062    -0.005089 
   97.300000    -0.003854    -0.000062    -0.003792 
   97.400000     0.001986    -0.000062     0.002048 
   97.500000     0.004875    -0.000062     0.004937 
   97.600000     0.003019    -0.000062     0.003081 
   97.700000    -0.003089    -0.000062    -0.003027 
   97.800000     0.000850    -0.000062     0.000912 
   97.900000     0.006470    -0.000062     0.006532 
   98.000000     0.004094    -0.000062     0.004156 
   98.100000    -0.000949    -0.000062    -0.000887 
   98.200000    -0.001127    -0.000062    -0.001065 
   98.300000     0.001105    -0.000062     0.001167 
   98.400000     0.009824    -0.000062     0.009886 
   98.500000     0.008364    -0.000062     0.008426 
   98.600000     0.002111    -0.000062     0.002173 
   98.700000    -0.005887    -0.000062    -0.005825 
   98.800000    -0.003822    -0.000062    -0.003760 
   98.900000     0.000945    -0.000062     0.001007 
   99.000000     0.004925    -0.000062     0.004987 
   99.100000     0.000129    -0.000062     0.000191 
   99.200000    -0.004762    -0.000062    -0.004700 
   99.300000    -0.003740    -0.000062    -0.003678 
   99.400000     0.003418    -0.000062     0.003480 
   99.500000     0.000050    -0.000062     0.000112 
   99.600000    -0.008312    -0.000062    -0.008250 
   99.700000    -0.000036    -0.000062     0.000026 
   99.800000     0.005268    -0.000062     0.005330 
   99.900000    -0.003630    -0.000062    -0.003568 
  100.000000    -0.001484    -0.000062    -0.001422 
