##fit: rolloffp.out
    0.500000     0.023768     0.024336    -0.000568 
    0.600000     0.021194     0.022408    -0.001214 
    0.700000     0.019968     0.020634    -0.000666 
    0.800000     0.017454     0.019003    -0.001549 
    0.900000     0.023299     0.017503     0.005796 
    1.000000     0.017750     0.016124     0.001626 
    1.100000     0.015526     0.014856     0.000670 
    1.200000     0.012130     0.013689    -0.001559 
    1.300000     0.011802     0.012617    -0.000815 
    1.400000     0.010531     0.011630    -0.001099 
    1.500000     0.007394     0.010723    -0.003329 
    1.600000     0.012082     0.009889     0.002193 
    1.700000     0.009691     0.009123     0.000568 
    1.800000     0.004967     0.008417    -0.003450 
    1.900000     0.007329     0.007769    -0.000440 
    2.000000     0.008004     0.007172     0.000832 
    2.100000     0.006496     0.006624    -0.000128 
    2.200000     0.005811     0.006120    -0.000309 
    2.300000     0.004211     0.005656    -0.001445 
    2.400000     0.009563     0.005230     0.004333 
    2.500000     0.006893     0.004837     0.002056 
    2.600000     0.008693     0.004477     0.004216 
    2.700000     0.003630     0.004145    -0.000515 
    2.800000     0.006941     0.003840     0.003101 
    2.900000     0.003958     0.003560     0.000398 
    3.000000     0.002492     0.003302    -0.000810 
    3.100000     0.003181     0.003065     0.000116 
    3.200000     0.001255     0.002847    -0.001592 
    3.300000     0.003970     0.002646     0.001324 
    3.400000     0.002113     0.002462    -0.000349 
    3.500000    -0.000512     0.002292    -0.002804 
    3.600000     0.002017     0.002136    -0.000119 
    3.700000     0.000365     0.001993    -0.001628 
    3.800000     0.003975     0.001861     0.002114 
    3.900000     0.000705     0.001740    -0.001035 
    4.000000     0.000839     0.001628    -0.000789 
    4.100000     0.003339     0.001526     0.001813 
    4.200000    -0.005469     0.001432    -0.006901 
    4.300000    -0.001315     0.001345    -0.002660 
    4.400000    -0.001411     0.001265    -0.002676 
    4.500000    -0.000171     0.001192    -0.001363 
    4.600000    -0.001451     0.001124    -0.002575 
    4.700000    -0.002428     0.001062    -0.003490 
    4.800000     0.001120     0.001005     0.000115 
    4.900000     0.004688     0.000953     0.003735 
    5.000000     0.000285     0.000905    -0.000620 
    5.100000     0.003368     0.000860     0.002508 
    5.200000     0.004101     0.000820     0.003281 
    5.300000     0.001992     0.000782     0.001210 
    5.400000     0.001380     0.000748     0.000632 
    5.500000    -0.001547     0.000716    -0.002263 
    5.600000    -0.001467     0.000687    -0.002154 
    5.700000     0.001624     0.000660     0.000964 
    5.800000     0.004272     0.000635     0.003637 
    5.900000     0.003593     0.000613     0.002980 
    6.000000    -0.003014     0.000592    -0.003606 
    6.100000    -0.001429     0.000573    -0.002002 
    6.200000     0.000480     0.000555    -0.000075 
    6.300000     0.002684     0.000539     0.002145 
    6.400000     0.002569     0.000524     0.002045 
    6.500000    -0.001364     0.000510    -0.001874 
    6.600000     0.000605     0.000498     0.000107 
    6.700000    -0.003949     0.000486    -0.004435 
    6.800000     0.002195     0.000475     0.001720 
    6.900000     0.000562     0.000466     0.000096 
    7.000000    -0.001594     0.000457    -0.002051 
    7.100000    -0.001600     0.000448    -0.002048 
    7.200000     0.002130     0.000441     0.001689 
    7.300000    -0.000459     0.000434    -0.000893 
    7.400000     0.003337     0.000427     0.002910 
    7.500000     0.002309     0.000421     0.001888 
    7.600000     0.004330     0.000416     0.003914 
    7.700000     0.005715     0.000411     0.005304 
    7.800000    -0.002543     0.000406    -0.002949 
    7.900000    -0.000239     0.000402    -0.000641 
    8.000000     0.002220     0.000398     0.001822 
    8.100000    -0.003371     0.000395    -0.003766 
    8.200000     0.000637     0.000391     0.000246 
    8.300000     0.000058     0.000388    -0.000330 
    8.400000     0.002190     0.000385     0.001805 
    8.500000    -0.002556     0.000383    -0.002939 
    8.600000    -0.004655     0.000380    -0.005035 
    8.700000     0.000382     0.000378     0.000004 
    8.800000     0.001601     0.000376     0.001225 
    8.900000     0.000222     0.000374    -0.000152 
    9.000000     0.002375     0.000373     0.002002 
    9.100000    -0.002212     0.000371    -0.002583 
    9.200000     0.000757     0.000370     0.000387 
    9.300000    -0.001419     0.000369    -0.001788 
    9.400000    -0.002383     0.000367    -0.002750 
    9.500000     0.000681     0.000366     0.000315 
    9.600000     0.001172     0.000365     0.000807 
    9.700000     0.003989     0.000364     0.003625 
    9.800000     0.004276     0.000363     0.003913 
    9.900000    -0.000122     0.000363    -0.000485 
   10.000000    -0.001009     0.000362    -0.001371 
   10.100000    -0.001525     0.000361    -0.001886 
   10.200000    -0.003772     0.000361    -0.004133 
   10.300000    -0.000915     0.000360    -0.001275 
   10.400000     0.003974     0.000359     0.003615 
   10.500000     0.002920     0.000359     0.002561 
   10.600000     0.002302     0.000359     0.001943 
   10.700000    -0.000195     0.000358    -0.000553 
   10.800000    -0.003061     0.000358    -0.003419 
   10.900000    -0.003911     0.000357    -0.004268 
   11.000000    -0.000521     0.000357    -0.000878 
   11.100000    -0.004178     0.000357    -0.004535 
   11.200000    -0.002015     0.000357    -0.002372 
   11.300000     0.000053     0.000356    -0.000303 
   11.400000    -0.000990     0.000356    -0.001346 
   11.500000    -0.004735     0.000356    -0.005091 
   11.600000    -0.002165     0.000356    -0.002521 
   11.700000     0.001215     0.000356     0.000859 
   11.800000    -0.001178     0.000355    -0.001533 
   11.900000     0.000165     0.000355    -0.000190 
   12.000000    -0.002019     0.000355    -0.002374 
   12.100000    -0.000842     0.000355    -0.001197 
   12.200000    -0.001209     0.000355    -0.001564 
   12.300000     0.001202     0.000355     0.000847 
   12.400000     0.000940     0.000355     0.000585 
   12.500000    -0.000469     0.000355    -0.000824 
   12.600000    -0.003308     0.000354    -0.003662 
   12.700000    -0.000900     0.000354    -0.001254 
   12.800000    -0.001153     0.000354    -0.001507 
   12.900000    -0.001427     0.000354    -0.001781 
   13.000000    -0.002828     0.000354    -0.003182 
   13.100000    -0.001353     0.000354    -0.001707 
   13.200000    -0.000743     0.000354    -0.001097 
   13.300000    -0.000379     0.000354    -0.000733 
   13.400000    -0.003095     0.000354    -0.003449 
   13.500000    -0.008360     0.000354    -0.008714 
   13.600000    -0.003236     0.000354    -0.003590 
   13.700000     0.000569     0.000354     0.000215 
   13.800000     0.000486     0.000354     0.000132 
   13.900000     0.001781     0.000354     0.001427 
   14.000000     0.004458     0.000354     0.004104 
   14.100000     0.005322     0.000354     0.004968 
   14.200000     0.002051     0.000354     0.001697 
   14.300000     0.004074     0.000354     0.003720 
   14.400000     0.001219     0.000354     0.000865 
   14.500000     0.005476     0.000354     0.005122 
   14.600000     0.005712     0.000354     0.005358 
   14.700000    -0.001426     0.000354    -0.001780 
   14.800000     0.000043     0.000354    -0.000311 
   14.900000     0.000888     0.000354     0.000534 
   15.000000    -0.003380     0.000354    -0.003734 
   15.100000    -0.001624     0.000354    -0.001978 
   15.200000    -0.000339     0.000354    -0.000693 
   15.300000    -0.000840     0.000354    -0.001194 
   15.400000    -0.000929     0.000354    -0.001283 
   15.500000    -0.001682     0.000354    -0.002036 
   15.600000    -0.005730     0.000354    -0.006084 
   15.700000    -0.002045     0.000354    -0.002399 
   15.800000    -0.000196     0.000354    -0.000550 
   15.900000    -0.002867     0.000354    -0.003221 
   16.000000    -0.003672     0.000354    -0.004026 
   16.100000    -0.003786     0.000354    -0.004140 
   16.200000    -0.000788     0.000354    -0.001142 
   16.300000     0.002448     0.000354     0.002094 
   16.400000    -0.000846     0.000354    -0.001200 
   16.500000    -0.001147     0.000354    -0.001501 
   16.600000    -0.003264     0.000354    -0.003618 
   16.700000    -0.005790     0.000354    -0.006144 
   16.800000    -0.000556     0.000354    -0.000910 
   16.900000     0.000405     0.000354     0.000051 
   17.000000    -0.005278     0.000354    -0.005632 
   17.100000    -0.005811     0.000354    -0.006165 
   17.200000    -0.000562     0.000354    -0.000916 
   17.300000     0.001349     0.000354     0.000995 
   17.400000     0.002673     0.000354     0.002319 
   17.500000     0.001740     0.000354     0.001386 
   17.600000    -0.000769     0.000354    -0.001123 
   17.700000     0.000014     0.000354    -0.000340 
   17.800000    -0.006282     0.000354    -0.006636 
   17.900000     0.001551     0.000354     0.001197 
   18.000000    -0.000463     0.000354    -0.000817 
   18.100000    -0.001404     0.000354    -0.001758 
   18.200000     0.001337     0.000354     0.000983 
   18.300000    -0.000198     0.000354    -0.000552 
   18.400000     0.000846     0.000354     0.000492 
   18.500000    -0.000680     0.000354    -0.001034 
   18.600000    -0.004320     0.000354    -0.004674 
   18.700000     0.001196     0.000354     0.000842 
   18.800000     0.001158     0.000354     0.000804 
   18.900000     0.002880     0.000354     0.002526 
   19.000000     0.001510     0.000354     0.001156 
   19.100000     0.000184     0.000354    -0.000170 
   19.200000     0.002518     0.000354     0.002164 
   19.300000     0.003508     0.000354     0.003154 
   19.400000     0.003832     0.000354     0.003478 
   19.500000    -0.000652     0.000354    -0.001006 
   19.600000    -0.001100     0.000354    -0.001454 
   19.700000     0.002177     0.000354     0.001823 
   19.800000    -0.000437     0.000354    -0.000791 
   19.900000    -0.000454     0.000354    -0.000808 
   20.000000    -0.000357     0.000354    -0.000711 
   20.100000     0.002616     0.000354     0.002262 
   20.200000     0.003458     0.000354     0.003104 
   20.300000     0.000759     0.000354     0.000405 
   20.400000    -0.001980     0.000354    -0.002334 
   20.500000     0.006136     0.000354     0.005782 
   20.600000     0.001557     0.000354     0.001203 
   20.700000    -0.004979     0.000354    -0.005333 
   20.800000     0.000266     0.000354    -0.000088 
   20.900000    -0.000607     0.000354    -0.000961 
   21.000000     0.002736     0.000354     0.002382 
   21.100000     0.003841     0.000354     0.003487 
   21.200000     0.001947     0.000354     0.001593 
   21.300000     0.003519     0.000354     0.003165 
   21.400000    -0.000221     0.000354    -0.000575 
   21.500000    -0.001076     0.000354    -0.001430 
   21.600000     0.003268     0.000354     0.002914 
   21.700000     0.006716     0.000354     0.006362 
   21.800000     0.007186     0.000354     0.006832 
   21.900000     0.006364     0.000354     0.006010 
   22.000000     0.002229     0.000354     0.001875 
   22.100000     0.001433     0.000354     0.001079 
   22.200000     0.001382     0.000354     0.001028 
   22.300000     0.001931     0.000354     0.001577 
   22.400000     0.001315     0.000354     0.000961 
   22.500000     0.003254     0.000354     0.002900 
   22.600000     0.002922     0.000354     0.002568 
   22.700000     0.000995     0.000354     0.000641 
   22.800000    -0.000235     0.000354    -0.000589 
   22.900000    -0.003201     0.000354    -0.003555 
   23.000000    -0.000865     0.000354    -0.001219 
   23.100000    -0.002347     0.000354    -0.002701 
   23.200000     0.002441     0.000354     0.002087 
   23.300000     0.004069     0.000354     0.003715 
   23.400000     0.001676     0.000354     0.001322 
   23.500000     0.005798     0.000354     0.005444 
   23.600000     0.000784     0.000354     0.000430 
   23.700000    -0.001024     0.000354    -0.001378 
   23.800000    -0.001875     0.000354    -0.002229 
   23.900000     0.001857     0.000354     0.001503 
   24.000000     0.000686     0.000354     0.000332 
   24.100000     0.000868     0.000354     0.000514 
   24.200000     0.000454     0.000354     0.000100 
   24.300000     0.004142     0.000354     0.003788 
   24.400000     0.002340     0.000354     0.001986 
   24.500000     0.005109     0.000354     0.004755 
   24.600000     0.003920     0.000354     0.003566 
   24.700000     0.003486     0.000354     0.003132 
   24.800000     0.001046     0.000354     0.000692 
   24.900000     0.000328     0.000354    -0.000026 
   25.000000     0.001641     0.000354     0.001287 
   25.100000     0.004410     0.000354     0.004056 
   25.200000     0.002183     0.000354     0.001829 
   25.300000     0.003863     0.000354     0.003509 
   25.400000     0.003701     0.000354     0.003347 
   25.500000     0.003226     0.000354     0.002872 
   25.600000     0.002221     0.000354     0.001867 
   25.700000    -0.000760     0.000354    -0.001114 
   25.800000    -0.002955     0.000354    -0.003309 
   25.900000    -0.006740     0.000354    -0.007094 
   26.000000    -0.000017     0.000354    -0.000371 
   26.100000     0.003255     0.000354     0.002901 
   26.200000     0.001780     0.000354     0.001426 
   26.300000     0.001709     0.000354     0.001355 
   26.400000    -0.002696     0.000354    -0.003050 
   26.500000     0.000351     0.000354    -0.000003 
   26.600000     0.000056     0.000354    -0.000298 
   26.700000    -0.002451     0.000354    -0.002805 
   26.800000     0.001454     0.000354     0.001100 
   26.900000     0.007692     0.000354     0.007338 
   27.000000     0.004786     0.000354     0.004432 
   27.100000     0.005800     0.000354     0.005446 
   27.200000     0.002414     0.000354     0.002060 
   27.300000     0.003666     0.000354     0.003312 
   27.400000     0.003512     0.000354     0.003158 
   27.500000     0.002260     0.000354     0.001906 
   27.600000     0.004432     0.000354     0.004078 
   27.700000     0.002371     0.000354     0.002017 
   27.800000     0.002399     0.000354     0.002045 
   27.900000     0.002620     0.000354     0.002266 
   28.000000    -0.003340     0.000354    -0.003694 
   28.100000    -0.002402     0.000354    -0.002756 
   28.200000    -0.000421     0.000354    -0.000775 
   28.300000     0.000187     0.000354    -0.000167 
   28.400000     0.002878     0.000354     0.002524 
   28.500000     0.005315     0.000354     0.004961 
   28.600000    -0.003377     0.000354    -0.003731 
   28.700000     0.001117     0.000354     0.000763 
   28.800000    -0.000536     0.000354    -0.000890 
   28.900000     0.001332     0.000354     0.000978 
   29.000000     0.002747     0.000354     0.002393 
   29.100000     0.005127     0.000354     0.004773 
   29.200000     0.003533     0.000354     0.003179 
   29.300000     0.002610     0.000354     0.002256 
   29.400000     0.001298     0.000354     0.000944 
   29.500000     0.001680     0.000354     0.001326 
   29.600000     0.003021     0.000354     0.002667 
   29.700000     0.000098     0.000354    -0.000256 
   29.800000     0.004558     0.000354     0.004204 
   29.900000     0.001610     0.000354     0.001256 
   30.000000     0.000678     0.000354     0.000324 
   30.100000     0.005313     0.000354     0.004959 
   30.200000     0.004309     0.000354     0.003955 
   30.300000     0.000935     0.000354     0.000581 
   30.400000     0.000277     0.000354    -0.000077 
   30.500000     0.002709     0.000354     0.002355 
   30.600000    -0.000222     0.000354    -0.000576 
   30.700000     0.000968     0.000354     0.000614 
   30.800000     0.000379     0.000354     0.000025 
   30.900000    -0.000579     0.000354    -0.000933 
   31.000000    -0.000520     0.000354    -0.000874 
   31.100000    -0.003813     0.000354    -0.004167 
   31.200000    -0.003288     0.000354    -0.003642 
   31.300000     0.000399     0.000354     0.000045 
   31.400000     0.003616     0.000354     0.003262 
   31.500000     0.003526     0.000354     0.003172 
   31.600000     0.003047     0.000354     0.002693 
   31.700000     0.000653     0.000354     0.000299 
   31.800000     0.001706     0.000354     0.001352 
   31.900000     0.005725     0.000354     0.005371 
   32.000000     0.003316     0.000354     0.002962 
   32.100000    -0.000721     0.000354    -0.001075 
   32.200000     0.003507     0.000354     0.003153 
   32.300000     0.001977     0.000354     0.001623 
   32.400000     0.000746     0.000354     0.000392 
   32.500000    -0.002026     0.000354    -0.002380 
   32.600000    -0.000280     0.000354    -0.000634 
   32.700000     0.000818     0.000354     0.000464 
   32.800000     0.000003     0.000354    -0.000351 
   32.900000     0.003148     0.000354     0.002794 
   33.000000     0.002563     0.000354     0.002209 
   33.100000    -0.003275     0.000354    -0.003629 
   33.200000    -0.001118     0.000354    -0.001472 
   33.300000    -0.000852     0.000354    -0.001206 
   33.400000     0.001784     0.000354     0.001430 
   33.500000     0.002809     0.000354     0.002455 
   33.600000     0.001125     0.000354     0.000771 
   33.700000     0.000460     0.000354     0.000106 
   33.800000     0.003219     0.000354     0.002865 
   33.900000     0.000995     0.000354     0.000641 
   34.000000     0.000244     0.000354    -0.000110 
   34.100000    -0.000916     0.000354    -0.001270 
   34.200000     0.002484     0.000354     0.002130 
   34.300000     0.000655     0.000354     0.000301 
   34.400000     0.000230     0.000354    -0.000124 
   34.500000     0.002829     0.000354     0.002475 
   34.600000     0.002052     0.000354     0.001698 
   34.700000     0.001103     0.000354     0.000749 
   34.800000     0.005233     0.000354     0.004879 
   34.900000     0.001284     0.000354     0.000930 
   35.000000    -0.001763     0.000354    -0.002117 
   35.100000    -0.001486     0.000354    -0.001840 
   35.200000     0.001432     0.000354     0.001078 
   35.300000     0.002388     0.000354     0.002034 
   35.400000     0.006836     0.000354     0.006482 
   35.500000     0.002342     0.000354     0.001988 
   35.600000     0.003494     0.000354     0.003140 
   35.700000    -0.001862     0.000354    -0.002216 
   35.800000    -0.001383     0.000354    -0.001737 
   35.900000     0.006476     0.000354     0.006122 
   36.000000     0.004313     0.000354     0.003959 
   36.100000     0.002686     0.000354     0.002332 
   36.200000     0.001638     0.000354     0.001284 
   36.300000     0.004754     0.000354     0.004400 
   36.400000     0.002485     0.000354     0.002131 
   36.500000     0.008733     0.000354     0.008379 
   36.600000     0.001671     0.000354     0.001317 
   36.700000     0.004439     0.000354     0.004085 
   36.800000     0.002376     0.000354     0.002022 
   36.900000    -0.001008     0.000354    -0.001362 
   37.000000     0.004242     0.000354     0.003888 
   37.100000    -0.002462     0.000354    -0.002816 
   37.200000    -0.001137     0.000354    -0.001491 
   37.300000     0.001610     0.000354     0.001256 
   37.400000     0.003551     0.000354     0.003197 
   37.500000     0.001945     0.000354     0.001591 
   37.600000     0.001823     0.000354     0.001469 
   37.700000    -0.005946     0.000354    -0.006300 
   37.800000    -0.005469     0.000354    -0.005823 
   37.900000    -0.003449     0.000354    -0.003803 
   38.000000    -0.001093     0.000354    -0.001447 
   38.100000     0.000847     0.000354     0.000493 
   38.200000    -0.000537     0.000354    -0.000891 
   38.300000     0.003176     0.000354     0.002822 
   38.400000     0.007118     0.000354     0.006764 
   38.500000     0.001231     0.000354     0.000877 
   38.600000     0.002730     0.000354     0.002376 
   38.700000     0.008755     0.000354     0.008401 
   38.800000     0.007226     0.000354     0.006872 
   38.900000     0.006781     0.000354     0.006427 
   39.000000     0.000118     0.000354    -0.000236 
   39.100000    -0.004251     0.000354    -0.004605 
   39.200000     0.000703     0.000354     0.000349 
   39.300000     0.002208     0.000354     0.001854 
   39.400000    -0.000664     0.000354    -0.001018 
   39.500000    -0.003173     0.000354    -0.003527 
   39.600000    -0.004906     0.000354    -0.005260 
   39.700000    -0.001454     0.000354    -0.001808 
   39.800000     0.003561     0.000354     0.003207 
   39.900000     0.005708     0.000354     0.005354 
   40.000000     0.009704     0.000354     0.009350 
   40.100000     0.000924     0.000354     0.000570 
   40.200000     0.001255     0.000354     0.000901 
   40.300000     0.000069     0.000354    -0.000285 
   40.400000    -0.003601     0.000354    -0.003955 
   40.500000     0.001543     0.000354     0.001189 
   40.600000     0.003727     0.000354     0.003373 
   40.700000     0.008168     0.000354     0.007814 
   40.800000     0.003604     0.000354     0.003250 
   40.900000     0.001216     0.000354     0.000862 
   41.000000     0.001843     0.000354     0.001489 
   41.100000     0.002251     0.000354     0.001897 
   41.200000     0.000039     0.000354    -0.000315 
   41.300000     0.000254     0.000354    -0.000100 
   41.400000     0.000694     0.000354     0.000340 
   41.500000     0.002469     0.000354     0.002115 
   41.600000    -0.004760     0.000354    -0.005114 
   41.700000    -0.003797     0.000354    -0.004151 
   41.800000    -0.000671     0.000354    -0.001025 
   41.900000     0.000546     0.000354     0.000192 
   42.000000    -0.001635     0.000354    -0.001989 
   42.100000    -0.003236     0.000354    -0.003590 
   42.200000    -0.006148     0.000354    -0.006502 
   42.300000    -0.004280     0.000354    -0.004634 
   42.400000    -0.002898     0.000354    -0.003252 
   42.500000    -0.004702     0.000354    -0.005056 
   42.600000    -0.001858     0.000354    -0.002212 
   42.700000     0.000211     0.000354    -0.000143 
   42.800000    -0.001839     0.000354    -0.002193 
   42.900000    -0.004369     0.000354    -0.004723 
   43.000000     0.000007     0.000354    -0.000347 
   43.100000     0.001650     0.000354     0.001296 
   43.200000    -0.004905     0.000354    -0.005259 
   43.300000     0.000782     0.000354     0.000428 
   43.400000     0.002865     0.000354     0.002511 
   43.500000    -0.001619     0.000354    -0.001973 
   43.600000    -0.000868     0.000354    -0.001222 
   43.700000     0.000877     0.000354     0.000523 
   43.800000     0.003650     0.000354     0.003296 
   43.900000    -0.000403     0.000354    -0.000757 
   44.000000     0.000831     0.000354     0.000477 
   44.100000     0.003606     0.000354     0.003252 
   44.200000     0.002137     0.000354     0.001783 
   44.300000    -0.002301     0.000354    -0.002655 
   44.400000    -0.001097     0.000354    -0.001451 
   44.500000    -0.002241     0.000354    -0.002595 
   44.600000    -0.002151     0.000354    -0.002505 
   44.700000    -0.000696     0.000354    -0.001050 
   44.800000    -0.002938     0.000354    -0.003292 
   44.900000    -0.004358     0.000354    -0.004712 
   45.000000    -0.002965     0.000354    -0.003319 
   45.100000    -0.004934     0.000354    -0.005288 
   45.200000    -0.002750     0.000354    -0.003104 
   45.300000    -0.002552     0.000354    -0.002906 
   45.400000    -0.000600     0.000354    -0.000954 
   45.500000    -0.000486     0.000354    -0.000840 
   45.600000    -0.002667     0.000354    -0.003021 
   45.700000    -0.005947     0.000354    -0.006301 
   45.800000    -0.003553     0.000354    -0.003907 
   45.900000    -0.002349     0.000354    -0.002703 
   46.000000    -0.005542     0.000354    -0.005896 
   46.100000     0.000897     0.000354     0.000543 
   46.200000     0.000257     0.000354    -0.000097 
   46.300000    -0.000909     0.000354    -0.001263 
   46.400000    -0.001685     0.000354    -0.002039 
   46.500000    -0.006271     0.000354    -0.006625 
   46.600000    -0.002188     0.000354    -0.002542 
   46.700000     0.000322     0.000354    -0.000032 
   46.800000    -0.005702     0.000354    -0.006056 
   46.900000    -0.000216     0.000354    -0.000570 
   47.000000     0.001273     0.000354     0.000919 
   47.100000     0.002960     0.000354     0.002606 
   47.200000    -0.000669     0.000354    -0.001023 
   47.300000    -0.004290     0.000354    -0.004644 
   47.400000    -0.003330     0.000354    -0.003684 
   47.500000    -0.003204     0.000354    -0.003558 
   47.600000     0.001323     0.000354     0.000969 
   47.700000     0.000585     0.000354     0.000231 
   47.800000     0.005090     0.000354     0.004736 
   47.900000     0.001746     0.000354     0.001392 
   48.000000     0.001371     0.000354     0.001017 
   48.100000     0.002033     0.000354     0.001679 
   48.200000    -0.005005     0.000354    -0.005359 
   48.300000    -0.003392     0.000354    -0.003746 
   48.400000    -0.004193     0.000354    -0.004547 
   48.500000    -0.000294     0.000354    -0.000648 
   48.600000     0.001466     0.000354     0.001112 
   48.700000     0.005643     0.000354     0.005289 
   48.800000     0.000606     0.000354     0.000252 
   48.900000     0.003166     0.000354     0.002812 
   49.000000     0.005126     0.000354     0.004772 
   49.100000     0.003310     0.000354     0.002956 
   49.200000    -0.009743     0.000354    -0.010097 
   49.300000     0.000730     0.000354     0.000376 
   49.400000    -0.001744     0.000354    -0.002098 
   49.500000     0.000306     0.000354    -0.000048 
   49.600000     0.000764     0.000354     0.000410 
   49.700000     0.001096     0.000354     0.000742 
   49.800000     0.003774     0.000354     0.003420 
   49.900000     0.002418     0.000354     0.002064 
   50.000000     0.001105     0.000354     0.000751 
   50.100000    -0.000256     0.000354    -0.000610 
   50.200000     0.001302     0.000354     0.000948 
   50.300000    -0.000148     0.000354    -0.000502 
   50.400000     0.002075     0.000354     0.001721 
   50.500000     0.000246     0.000354    -0.000108 
   50.600000     0.003269     0.000354     0.002915 
   50.700000    -0.000683     0.000354    -0.001037 
   50.800000     0.000016     0.000354    -0.000338 
   50.900000    -0.002996     0.000354    -0.003350 
   51.000000    -0.002891     0.000354    -0.003245 
   51.100000    -0.000953     0.000354    -0.001307 
   51.200000     0.001829     0.000354     0.001475 
   51.300000    -0.001027     0.000354    -0.001381 
   51.400000     0.000870     0.000354     0.000516 
   51.500000     0.002863     0.000354     0.002509 
   51.600000     0.002518     0.000354     0.002164 
   51.700000    -0.003899     0.000354    -0.004253 
   51.800000    -0.001302     0.000354    -0.001656 
   51.900000    -0.002274     0.000354    -0.002628 
   52.000000    -0.000293     0.000354    -0.000647 
   52.100000     0.000571     0.000354     0.000217 
   52.200000     0.003222     0.000354     0.002868 
   52.300000     0.001871     0.000354     0.001517 
   52.400000     0.007040     0.000354     0.006686 
   52.500000     0.005112     0.000354     0.004758 
   52.600000     0.003047     0.000354     0.002693 
   52.700000    -0.001210     0.000354    -0.001564 
   52.800000     0.002157     0.000354     0.001803 
   52.900000    -0.004919     0.000354    -0.005273 
   53.000000     0.000548     0.000354     0.000194 
   53.100000     0.001047     0.000354     0.000693 
   53.200000     0.001677     0.000354     0.001323 
   53.300000    -0.002486     0.000354    -0.002840 
   53.400000     0.001037     0.000354     0.000683 
   53.500000    -0.000844     0.000354    -0.001198 
   53.600000    -0.002173     0.000354    -0.002527 
   53.700000    -0.002276     0.000354    -0.002630 
   53.800000    -0.000273     0.000354    -0.000627 
   53.900000     0.001166     0.000354     0.000812 
   54.000000    -0.001262     0.000354    -0.001616 
   54.100000    -0.004885     0.000354    -0.005239 
   54.200000    -0.005735     0.000354    -0.006089 
   54.300000    -0.002623     0.000354    -0.002977 
   54.400000    -0.000106     0.000354    -0.000460 
   54.500000     0.004950     0.000354     0.004596 
   54.600000     0.004960     0.000354     0.004606 
   54.700000     0.000129     0.000354    -0.000225 
   54.800000     0.000918     0.000354     0.000564 
   54.900000     0.005948     0.000354     0.005594 
   55.000000     0.003535     0.000354     0.003181 
   55.100000    -0.000901     0.000354    -0.001255 
   55.200000     0.002667     0.000354     0.002313 
   55.300000     0.001319     0.000354     0.000965 
   55.400000     0.003095     0.000354     0.002741 
   55.500000     0.001778     0.000354     0.001424 
   55.600000     0.003233     0.000354     0.002879 
   55.700000     0.002018     0.000354     0.001664 
   55.800000     0.007405     0.000354     0.007051 
   55.900000     0.002214     0.000354     0.001860 
   56.000000     0.001604     0.000354     0.001250 
   56.100000     0.002197     0.000354     0.001843 
   56.200000    -0.002563     0.000354    -0.002917 
   56.300000    -0.000598     0.000354    -0.000952 
   56.400000     0.002764     0.000354     0.002410 
   56.500000     0.004951     0.000354     0.004597 
   56.600000     0.006070     0.000354     0.005716 
   56.700000    -0.001775     0.000354    -0.002129 
   56.800000    -0.000453     0.000354    -0.000807 
   56.900000    -0.002112     0.000354    -0.002466 
   57.000000    -0.003535     0.000354    -0.003889 
   57.100000     0.001453     0.000354     0.001099 
   57.200000    -0.000814     0.000354    -0.001168 
   57.300000     0.003130     0.000354     0.002776 
   57.400000     0.002242     0.000354     0.001888 
   57.500000     0.007832     0.000354     0.007478 
   57.600000     0.003932     0.000354     0.003578 
   57.700000    -0.003455     0.000354    -0.003809 
   57.800000    -0.004229     0.000354    -0.004583 
   57.900000    -0.002517     0.000354    -0.002871 
   58.000000    -0.006016     0.000354    -0.006370 
   58.100000    -0.008845     0.000354    -0.009199 
   58.200000     0.002678     0.000354     0.002324 
   58.300000     0.000910     0.000354     0.000556 
   58.400000    -0.002117     0.000354    -0.002471 
   58.500000    -0.002566     0.000354    -0.002920 
   58.600000    -0.003724     0.000354    -0.004078 
   58.700000    -0.002484     0.000354    -0.002838 
   58.800000    -0.000200     0.000354    -0.000554 
   58.900000    -0.007002     0.000354    -0.007356 
   59.000000    -0.005079     0.000354    -0.005433 
   59.100000    -0.003319     0.000354    -0.003673 
   59.200000    -0.001734     0.000354    -0.002088 
   59.300000    -0.003910     0.000354    -0.004264 
   59.400000    -0.002548     0.000354    -0.002902 
   59.500000    -0.007279     0.000354    -0.007633 
   59.600000    -0.005633     0.000354    -0.005987 
   59.700000     0.000393     0.000354     0.000039 
   59.800000     0.000203     0.000354    -0.000151 
   59.900000    -0.001703     0.000354    -0.002057 
   60.000000     0.002879     0.000354     0.002525 
   60.100000     0.002500     0.000354     0.002146 
   60.200000     0.003691     0.000354     0.003337 
   60.300000     0.001169     0.000354     0.000815 
   60.400000    -0.001226     0.000354    -0.001580 
   60.500000    -0.003418     0.000354    -0.003772 
   60.600000    -0.004429     0.000354    -0.004783 
   60.700000    -0.001064     0.000354    -0.001418 
   60.800000     0.003503     0.000354     0.003149 
   60.900000    -0.002049     0.000354    -0.002403 
   61.000000     0.000776     0.000354     0.000422 
   61.100000    -0.001084     0.000354    -0.001438 
   61.200000     0.000300     0.000354    -0.000054 
   61.300000    -0.002405     0.000354    -0.002759 
   61.400000    -0.001261     0.000354    -0.001615 
   61.500000     0.001381     0.000354     0.001027 
   61.600000     0.001065     0.000354     0.000711 
   61.700000     0.001624     0.000354     0.001270 
   61.800000    -0.001527     0.000354    -0.001881 
   61.900000     0.003098     0.000354     0.002744 
   62.000000     0.001932     0.000354     0.001578 
   62.100000     0.006300     0.000354     0.005946 
   62.200000     0.000855     0.000354     0.000501 
   62.300000    -0.002354     0.000354    -0.002708 
   62.400000     0.000203     0.000354    -0.000151 
   62.500000     0.001934     0.000354     0.001580 
   62.600000     0.000861     0.000354     0.000507 
   62.700000     0.004762     0.000354     0.004408 
   62.800000     0.002316     0.000354     0.001962 
   62.900000     0.002118     0.000354     0.001764 
   63.000000     0.001695     0.000354     0.001341 
   63.100000     0.001050     0.000354     0.000696 
   63.200000     0.003574     0.000354     0.003220 
   63.300000     0.001677     0.000354     0.001323 
   63.400000     0.003638     0.000354     0.003284 
   63.500000    -0.001287     0.000354    -0.001641 
   63.600000     0.001205     0.000354     0.000851 
   63.700000    -0.001125     0.000354    -0.001479 
   63.800000    -0.003668     0.000354    -0.004022 
   63.900000    -0.005311     0.000354    -0.005665 
   64.000000    -0.005642     0.000354    -0.005996 
   64.100000    -0.002020     0.000354    -0.002374 
   64.200000     0.003626     0.000354     0.003272 
   64.300000    -0.002697     0.000354    -0.003051 
   64.400000    -0.003036     0.000354    -0.003390 
   64.500000    -0.004238     0.000354    -0.004592 
   64.600000    -0.011177     0.000354    -0.011531 
   64.700000    -0.008249     0.000354    -0.008603 
   64.800000    -0.002509     0.000354    -0.002863 
   64.900000    -0.001230     0.000354    -0.001584 
   65.000000     0.002359     0.000354     0.002005 
   65.100000    -0.000972     0.000354    -0.001326 
   65.200000    -0.004043     0.000354    -0.004397 
   65.300000    -0.004055     0.000354    -0.004409 
   65.400000    -0.005403     0.000354    -0.005757 
   65.500000    -0.005623     0.000354    -0.005977 
   65.600000    -0.003380     0.000354    -0.003734 
   65.700000    -0.004199     0.000354    -0.004553 
   65.800000     0.001214     0.000354     0.000860 
   65.900000    -0.001993     0.000354    -0.002347 
   66.000000    -0.000316     0.000354    -0.000670 
   66.100000     0.002753     0.000354     0.002399 
   66.200000     0.001129     0.000354     0.000775 
   66.300000     0.002546     0.000354     0.002192 
   66.400000     0.001341     0.000354     0.000987 
   66.500000    -0.002271     0.000354    -0.002625 
   66.600000     0.002913     0.000354     0.002559 
   66.700000    -0.001539     0.000354    -0.001893 
   66.800000    -0.002879     0.000354    -0.003233 
   66.900000    -0.002212     0.000354    -0.002566 
   67.000000    -0.006965     0.000354    -0.007319 
   67.100000    -0.000966     0.000354    -0.001320 
   67.200000     0.001177     0.000354     0.000823 
   67.300000     0.002470     0.000354     0.002116 
   67.400000     0.003342     0.000354     0.002988 
   67.500000     0.003175     0.000354     0.002821 
   67.600000     0.003291     0.000354     0.002937 
   67.700000     0.006954     0.000354     0.006600 
   67.800000     0.006494     0.000354     0.006140 
   67.900000    -0.001075     0.000354    -0.001429 
   68.000000     0.003464     0.000354     0.003110 
   68.100000     0.002097     0.000354     0.001743 
   68.200000    -0.006906     0.000354    -0.007260 
   68.300000     0.002304     0.000354     0.001950 
   68.400000     0.008520     0.000354     0.008166 
   68.500000     0.003686     0.000354     0.003332 
   68.600000     0.003275     0.000354     0.002921 
   68.700000     0.001532     0.000354     0.001178 
   68.800000     0.002975     0.000354     0.002621 
   68.900000     0.002758     0.000354     0.002404 
   69.000000     0.005015     0.000354     0.004661 
   69.100000    -0.001108     0.000354    -0.001462 
   69.200000     0.001010     0.000354     0.000656 
   69.300000     0.002421     0.000354     0.002067 
   69.400000     0.010769     0.000354     0.010415 
   69.500000     0.000686     0.000354     0.000332 
   69.600000     0.000448     0.000354     0.000094 
   69.700000     0.006088     0.000354     0.005734 
   69.800000     0.002876     0.000354     0.002522 
   69.900000    -0.001032     0.000354    -0.001386 
   70.000000    -0.001620     0.000354    -0.001974 
   70.100000    -0.004694     0.000354    -0.005048 
   70.200000    -0.005661     0.000354    -0.006015 
   70.300000     0.002004     0.000354     0.001650 
   70.400000    -0.007411     0.000354    -0.007765 
   70.500000    -0.001786     0.000354    -0.002140 
   70.600000    -0.004576     0.000354    -0.004930 
   70.700000    -0.000563     0.000354    -0.000917 
   70.800000    -0.002544     0.000354    -0.002898 
   70.900000    -0.000750     0.000354    -0.001104 
   71.000000    -0.002497     0.000354    -0.002851 
   71.100000     0.000092     0.000354    -0.000262 
   71.200000     0.000359     0.000354     0.000005 
   71.300000     0.003682     0.000354     0.003328 
   71.400000     0.000156     0.000354    -0.000198 
   71.500000     0.004845     0.000354     0.004491 
   71.600000     0.000061     0.000354    -0.000293 
   71.700000     0.002635     0.000354     0.002281 
   71.800000    -0.000319     0.000354    -0.000673 
   71.900000    -0.001949     0.000354    -0.002303 
   72.000000     0.002384     0.000354     0.002030 
   72.100000     0.004553     0.000354     0.004199 
   72.200000     0.004648     0.000354     0.004294 
   72.300000     0.004236     0.000354     0.003882 
   72.400000     0.003002     0.000354     0.002648 
   72.500000     0.005932     0.000354     0.005578 
   72.600000     0.007068     0.000354     0.006714 
   72.700000    -0.001269     0.000354    -0.001623 
   72.800000     0.001436     0.000354     0.001082 
   72.900000     0.001423     0.000354     0.001069 
   73.000000    -0.002602     0.000354    -0.002956 
   73.100000     0.001222     0.000354     0.000868 
   73.200000     0.004656     0.000354     0.004302 
   73.300000     0.002896     0.000354     0.002542 
   73.400000    -0.001437     0.000354    -0.001791 
   73.500000    -0.003609     0.000354    -0.003963 
   73.600000    -0.000202     0.000354    -0.000556 
   73.700000    -0.002830     0.000354    -0.003184 
   73.800000    -0.004829     0.000354    -0.005183 
   73.900000    -0.004475     0.000354    -0.004829 
   74.000000    -0.000066     0.000354    -0.000420 
   74.100000     0.002622     0.000354     0.002268 
   74.200000     0.005430     0.000354     0.005076 
   74.300000     0.000439     0.000354     0.000085 
   74.400000    -0.004012     0.000354    -0.004366 
   74.500000     0.001487     0.000354     0.001133 
   74.600000     0.000536     0.000354     0.000182 
   74.700000     0.003159     0.000354     0.002805 
   74.800000     0.001740     0.000354     0.001386 
   74.900000     0.005073     0.000354     0.004719 
   75.000000     0.004464     0.000354     0.004110 
   75.100000    -0.000433     0.000354    -0.000787 
   75.200000     0.000300     0.000354    -0.000054 
   75.300000    -0.000826     0.000354    -0.001180 
   75.400000     0.004911     0.000354     0.004557 
   75.500000    -0.001884     0.000354    -0.002238 
   75.600000    -0.003766     0.000354    -0.004120 
   75.700000    -0.010615     0.000354    -0.010969 
   75.800000    -0.002644     0.000354    -0.002998 
   75.900000    -0.005860     0.000354    -0.006214 
   76.000000    -0.005899     0.000354    -0.006253 
   76.100000    -0.005685     0.000354    -0.006039 
   76.200000    -0.004025     0.000354    -0.004379 
   76.300000     0.001742     0.000354     0.001388 
   76.400000    -0.005088     0.000354    -0.005442 
   76.500000    -0.006652     0.000354    -0.007006 
   76.600000    -0.004577     0.000354    -0.004931 
   76.700000    -0.005093     0.000354    -0.005447 
   76.800000     0.003846     0.000354     0.003492 
   76.900000    -0.004280     0.000354    -0.004634 
   77.000000    -0.004150     0.000354    -0.004504 
   77.100000    -0.001424     0.000354    -0.001778 
   77.200000     0.000715     0.000354     0.000361 
   77.300000     0.002197     0.000354     0.001843 
   77.400000     0.003995     0.000354     0.003641 
   77.500000     0.003387     0.000354     0.003033 
   77.600000     0.006111     0.000354     0.005757 
   77.700000    -0.004208     0.000354    -0.004562 
   77.800000     0.000013     0.000354    -0.000341 
   77.900000    -0.003162     0.000354    -0.003516 
   78.000000    -0.004610     0.000354    -0.004964 
   78.100000    -0.004409     0.000354    -0.004763 
   78.200000    -0.005219     0.000354    -0.005573 
   78.300000    -0.012020     0.000354    -0.012374 
   78.400000    -0.004574     0.000354    -0.004928 
   78.500000     0.004011     0.000354     0.003657 
   78.600000    -0.000093     0.000354    -0.000447 
   78.700000    -0.001951     0.000354    -0.002305 
   78.800000    -0.003396     0.000354    -0.003750 
   78.900000    -0.000119     0.000354    -0.000473 
   79.000000    -0.000881     0.000354    -0.001235 
   79.100000    -0.003673     0.000354    -0.004027 
   79.200000    -0.006823     0.000354    -0.007177 
   79.300000     0.000408     0.000354     0.000054 
   79.400000     0.006151     0.000354     0.005797 
   79.500000    -0.000465     0.000354    -0.000819 
   79.600000    -0.000143     0.000354    -0.000497 
   79.700000     0.003795     0.000354     0.003441 
   79.800000     0.002566     0.000354     0.002212 
   79.900000     0.009894     0.000354     0.009540 
   80.000000     0.001379     0.000354     0.001025 
   80.100000    -0.002550     0.000354    -0.002904 
   80.200000    -0.003146     0.000354    -0.003500 
   80.300000    -0.004239     0.000354    -0.004593 
   80.400000     0.002921     0.000354     0.002567 
   80.500000     0.004689     0.000354     0.004335 
   80.600000     0.001808     0.000354     0.001454 
   80.700000     0.002626     0.000354     0.002272 
   80.800000     0.002163     0.000354     0.001809 
   80.900000    -0.005332     0.000354    -0.005686 
   81.000000    -0.005468     0.000354    -0.005822 
   81.100000    -0.003198     0.000354    -0.003552 
   81.200000    -0.000111     0.000354    -0.000465 
   81.300000     0.005439     0.000354     0.005085 
   81.400000    -0.005351     0.000354    -0.005705 
   81.500000    -0.003391     0.000354    -0.003745 
   81.600000    -0.001068     0.000354    -0.001422 
   81.700000     0.001811     0.000354     0.001457 
   81.800000     0.002258     0.000354     0.001904 
   81.900000    -0.001922     0.000354    -0.002276 
   82.000000    -0.005052     0.000354    -0.005406 
   82.100000     0.001920     0.000354     0.001566 
   82.200000     0.002525     0.000354     0.002171 
   82.300000     0.005248     0.000354     0.004894 
   82.400000     0.002640     0.000354     0.002286 
   82.500000     0.004559     0.000354     0.004205 
   82.600000     0.010719     0.000354     0.010365 
   82.700000    -0.000671     0.000354    -0.001025 
   82.800000    -0.000048     0.000354    -0.000402 
   82.900000     0.004647     0.000354     0.004293 
   83.000000     0.006025     0.000354     0.005671 
   83.100000    -0.005683     0.000354    -0.006037 
   83.200000     0.002390     0.000354     0.002036 
   83.300000     0.002759     0.000354     0.002405 
   83.400000     0.002227     0.000354     0.001873 
   83.500000    -0.003467     0.000354    -0.003821 
   83.600000     0.003477     0.000354     0.003123 
   83.700000    -0.001453     0.000354    -0.001807 
   83.800000     0.000607     0.000354     0.000253 
   83.900000    -0.000805     0.000354    -0.001159 
   84.000000    -0.008107     0.000354    -0.008461 
   84.100000     0.001813     0.000354     0.001459 
   84.200000     0.001060     0.000354     0.000706 
   84.300000     0.000288     0.000354    -0.000066 
   84.400000     0.003443     0.000354     0.003089 
   84.500000     0.003984     0.000354     0.003630 
   84.600000    -0.002191     0.000354    -0.002545 
   84.700000    -0.004980     0.000354    -0.005334 
   84.800000    -0.000075     0.000354    -0.000429 
   84.900000     0.001720     0.000354     0.001366 
   85.000000     0.005113     0.000354     0.004759 
   85.100000     0.001158     0.000354     0.000804 
   85.200000     0.000099     0.000354    -0.000255 
   85.300000     0.003532     0.000354     0.003178 
   85.400000     0.002135     0.000354     0.001781 
   85.500000    -0.002387     0.000354    -0.002741 
   85.600000    -0.006597     0.000354    -0.006951 
   85.700000    -0.005123     0.000354    -0.005477 
   85.800000    -0.005021     0.000354    -0.005375 
   85.900000    -0.007908     0.000354    -0.008262 
   86.000000    -0.007328     0.000354    -0.007682 
   86.100000    -0.003125     0.000354    -0.003479 
   86.200000    -0.000730     0.000354    -0.001084 
   86.300000     0.000864     0.000354     0.000510 
   86.400000    -0.005600     0.000354    -0.005954 
   86.500000    -0.001482     0.000354    -0.001836 
   86.600000    -0.003898     0.000354    -0.004252 
   86.700000    -0.001102     0.000354    -0.001456 
   86.800000    -0.007581     0.000354    -0.007935 
   86.900000    -0.002445     0.000354    -0.002799 
   87.000000     0.000577     0.000354     0.000223 
   87.100000    -0.003892     0.000354    -0.004246 
   87.200000    -0.002408     0.000354    -0.002762 
   87.300000     0.001010     0.000354     0.000656 
   87.400000    -0.004717     0.000354    -0.005071 
   87.500000    -0.000522     0.000354    -0.000876 
   87.600000    -0.003443     0.000354    -0.003797 
   87.700000     0.004068     0.000354     0.003714 
   87.800000     0.003480     0.000354     0.003126 
   87.900000     0.000107     0.000354    -0.000247 
   88.000000     0.004136     0.000354     0.003782 
   88.100000     0.000940     0.000354     0.000586 
   88.200000    -0.002225     0.000354    -0.002579 
   88.300000    -0.003921     0.000354    -0.004275 
   88.400000    -0.002302     0.000354    -0.002656 
   88.500000     0.001786     0.000354     0.001432 
   88.600000    -0.003184     0.000354    -0.003538 
   88.700000    -0.005087     0.000354    -0.005441 
   88.800000     0.002836     0.000354     0.002482 
   88.900000     0.002482     0.000354     0.002128 
   89.000000     0.005331     0.000354     0.004977 
   89.100000    -0.002610     0.000354    -0.002964 
   89.200000     0.008271     0.000354     0.007917 
   89.300000     0.003239     0.000354     0.002885 
   89.400000     0.005957     0.000354     0.005603 
   89.500000    -0.001649     0.000354    -0.002003 
   89.600000    -0.003100     0.000354    -0.003454 
   89.700000    -0.006581     0.000354    -0.006935 
   89.800000    -0.005674     0.000354    -0.006028 
   89.900000    -0.006081     0.000354    -0.006435 
   90.000000     0.000457     0.000354     0.000103 
   90.100000     0.010417     0.000354     0.010063 
   90.200000    -0.003192     0.000354    -0.003546 
   90.300000     0.002365     0.000354     0.002011 
   90.400000     0.007333     0.000354     0.006979 
   90.500000     0.005966     0.000354     0.005612 
   90.600000    -0.001937     0.000354    -0.002291 
   90.700000     0.007408     0.000354     0.007054 
   90.800000     0.003571     0.000354     0.003217 
   90.900000    -0.000307     0.000354    -0.000661 
   91.000000     0.001734     0.000354     0.001380 
   91.100000     0.009619     0.000354     0.009265 
   91.200000     0.008142     0.000354     0.007788 
   91.300000     0.008498     0.000354     0.008144 
   91.400000     0.006307     0.000354     0.005953 
   91.500000     0.007741     0.000354     0.007387 
   91.600000     0.003162     0.000354     0.002808 
   91.700000     0.006051     0.000354     0.005697 
   91.800000     0.002822     0.000354     0.002468 
   91.900000    -0.001527     0.000354    -0.001881 
   92.000000     0.003593     0.000354     0.003239 
   92.100000     0.001883     0.000354     0.001529 
   92.200000     0.006200     0.000354     0.005846 
   92.300000    -0.004304     0.000354    -0.004658 
   92.400000    -0.002675     0.000354    -0.003029 
   92.500000     0.001413     0.000354     0.001059 
   92.600000     0.002435     0.000354     0.002081 
   92.700000     0.011256     0.000354     0.010902 
   92.800000     0.005577     0.000354     0.005223 
   92.900000     0.005624     0.000354     0.005270 
   93.000000     0.005311     0.000354     0.004957 
   93.100000     0.005892     0.000354     0.005538 
   93.200000     0.009702     0.000354     0.009348 
   93.300000     0.007107     0.000354     0.006753 
   93.400000     0.000537     0.000354     0.000183 
   93.500000     0.003563     0.000354     0.003209 
   93.600000    -0.001265     0.000354    -0.001619 
   93.700000     0.004833     0.000354     0.004479 
   93.800000     0.004463     0.000354     0.004109 
   93.900000     0.002367     0.000354     0.002013 
   94.000000     0.001269     0.000354     0.000915 
   94.100000     0.000127     0.000354    -0.000227 
   94.200000    -0.000081     0.000354    -0.000435 
   94.300000     0.000193     0.000354    -0.000161 
   94.400000    -0.002588     0.000354    -0.002942 
   94.500000    -0.000618     0.000354    -0.000972 
   94.600000     0.007499     0.000354     0.007145 
   94.700000     0.001718     0.000354     0.001364 
   94.800000     0.002300     0.000354     0.001946 
   94.900000     0.002238     0.000354     0.001884 
   95.000000     0.002226     0.000354     0.001872 
   95.100000    -0.000946     0.000354    -0.001300 
   95.200000     0.007603     0.000354     0.007249 
   95.300000     0.005131     0.000354     0.004777 
   95.400000     0.000672     0.000354     0.000318 
   95.500000     0.003636     0.000354     0.003282 
   95.600000     0.000117     0.000354    -0.000237 
   95.700000    -0.004639     0.000354    -0.004993 
   95.800000     0.000506     0.000354     0.000152 
   95.900000     0.004587     0.000354     0.004233 
   96.000000     0.002493     0.000354     0.002139 
   96.100000    -0.002608     0.000354    -0.002962 
   96.200000     0.008374     0.000354     0.008020 
   96.300000     0.004227     0.000354     0.003873 
   96.400000     0.000033     0.000354    -0.000321 
   96.500000     0.001290     0.000354     0.000936 
   96.600000     0.001300     0.000354     0.000946 
   96.700000     0.009550     0.000354     0.009196 
   96.800000     0.008784     0.000354     0.008430 
   96.900000     0.007863     0.000354     0.007509 
   97.000000     0.001952     0.000354     0.001598 
   97.100000     0.000505     0.000354     0.000151 
   97.200000     0.000847     0.000354     0.000493 
   97.300000    -0.003612     0.000354    -0.003966 
   97.400000    -0.000944     0.000354    -0.001298 
   97.500000    -0.003281     0.000354    -0.003635 
   97.600000     0.000038     0.000354    -0.000316 
   97.700000    -0.003714     0.000354    -0.004068 
   97.800000    -0.004867     0.000354    -0.005221 
   97.900000    -0.004439     0.000354    -0.004793 
   98.000000    -0.003355     0.000354    -0.003709 
   98.100000    -0.001108     0.000354    -0.001462 
   98.200000    -0.001356     0.000354    -0.001710 
   98.300000    -0.000947     0.000354    -0.001301 
   98.400000    -0.002260     0.000354    -0.002614 
   98.500000     0.000425     0.000354     0.000071 
   98.600000     0.004794     0.000354     0.004440 
   98.700000     0.003615     0.000354     0.003261 
   98.800000     0.004029     0.000354     0.003675 
   98.900000     0.003859     0.000354     0.003505 
   99.000000     0.006080     0.000354     0.005726 
   99.100000     0.000839     0.000354     0.000485 
   99.200000     0.001312     0.000354     0.000958 
   99.300000    -0.007368     0.000354    -0.007722 
   99.400000    -0.007776     0.000354    -0.008130 
   99.500000    -0.002853     0.000354    -0.003207 
   99.600000    -0.006237     0.000354    -0.006591 
   99.700000    -0.003860     0.000354    -0.004214 
   99.800000    -0.002274     0.000354    -0.002628 
   99.900000    -0.007181     0.000354    -0.007535 
  100.000000    -0.000879     0.000354    -0.001233 
