##fit: rolloffp.out
    0.500000     0.014028     0.011509     0.002519 
    0.600000     0.008763     0.009534    -0.000771 
    0.700000     0.006191     0.007899    -0.001708 
    0.800000     0.007589     0.006546     0.001043 
    0.900000     0.000958     0.005425    -0.004467 
    1.000000     0.003430     0.004498    -0.001068 
    1.100000     0.003617     0.003730    -0.000113 
    1.200000     0.003269     0.003094     0.000175 
    1.300000     0.003011     0.002568     0.000443 
    1.400000     0.004116     0.002133     0.001983 
    1.500000     0.004491     0.001772     0.002719 
    1.600000     0.002463     0.001474     0.000989 
    1.700000     0.002275     0.001227     0.001048 
    1.800000    -0.000028     0.001022    -0.001050 
    1.900000     0.007086     0.000853     0.006233 
    2.000000     0.002775     0.000712     0.002063 
    2.100000    -0.003935     0.000596    -0.004531 
    2.200000    -0.003924     0.000500    -0.004424 
    2.300000    -0.001898     0.000421    -0.002319 
    2.400000     0.004338     0.000355     0.003983 
    2.500000    -0.000328     0.000300    -0.000628 
    2.600000    -0.000235     0.000255    -0.000490 
    2.700000     0.000487     0.000218     0.000269 
    2.800000    -0.002307     0.000187    -0.002494 
    2.900000     0.000403     0.000162     0.000241 
    3.000000     0.002576     0.000140     0.002436 
    3.100000     0.002975     0.000123     0.002852 
    3.200000     0.001192     0.000108     0.001084 
    3.300000     0.001981     0.000096     0.001885 
    3.400000    -0.001434     0.000086    -0.001520 
    3.500000     0.003096     0.000078     0.003018 
    3.600000     0.000076     0.000071     0.000005 
    3.700000     0.000958     0.000066     0.000892 
    3.800000    -0.001375     0.000061    -0.001436 
    3.900000    -0.004087     0.000057    -0.004144 
    4.000000    -0.004798     0.000054    -0.004852 
    4.100000    -0.006947     0.000051    -0.006998 
    4.200000     0.000706     0.000049     0.000657 
    4.300000    -0.000942     0.000047    -0.000989 
    4.400000    -0.000798     0.000046    -0.000844 
    4.500000    -0.003627     0.000044    -0.003671 
    4.600000    -0.000139     0.000043    -0.000182 
    4.700000     0.004324     0.000043     0.004281 
    4.800000     0.004816     0.000042     0.004774 
    4.900000     0.001348     0.000041     0.001307 
    5.000000    -0.000889     0.000041    -0.000930 
    5.100000    -0.001012     0.000040    -0.001052 
    5.200000     0.000066     0.000040     0.000026 
    5.300000    -0.001256     0.000040    -0.001296 
    5.400000    -0.000140     0.000040    -0.000180 
    5.500000    -0.003218     0.000039    -0.003257 
    5.600000    -0.001232     0.000039    -0.001271 
    5.700000    -0.005889     0.000039    -0.005928 
    5.800000    -0.002816     0.000039    -0.002855 
    5.900000    -0.001835     0.000039    -0.001874 
    6.000000    -0.001271     0.000039    -0.001310 
    6.100000    -0.000930     0.000039    -0.000969 
    6.200000    -0.001236     0.000039    -0.001275 
    6.300000    -0.001091     0.000039    -0.001130 
    6.400000    -0.002863     0.000039    -0.002902 
    6.500000    -0.003256     0.000039    -0.003295 
    6.600000    -0.006896     0.000039    -0.006935 
    6.700000    -0.006527     0.000039    -0.006566 
    6.800000    -0.004389     0.000039    -0.004428 
    6.900000    -0.001970     0.000039    -0.002009 
    7.000000     0.000445     0.000039     0.000406 
    7.100000    -0.004549     0.000039    -0.004588 
    7.200000    -0.003425     0.000039    -0.003464 
    7.300000     0.000590     0.000038     0.000552 
    7.400000    -0.002532     0.000038    -0.002570 
    7.500000     0.000112     0.000038     0.000074 
    7.600000    -0.000023     0.000038    -0.000061 
    7.700000    -0.000869     0.000038    -0.000907 
    7.800000    -0.002879     0.000038    -0.002917 
    7.900000     0.000064     0.000038     0.000026 
    8.000000     0.000984     0.000038     0.000946 
    8.100000     0.005517     0.000038     0.005479 
    8.200000     0.004957     0.000038     0.004919 
    8.300000    -0.002903     0.000038    -0.002941 
    8.400000    -0.003965     0.000038    -0.004003 
    8.500000    -0.004465     0.000038    -0.004503 
    8.600000    -0.003141     0.000038    -0.003179 
    8.700000    -0.002414     0.000038    -0.002452 
    8.800000     0.004318     0.000038     0.004280 
    8.900000     0.005269     0.000038     0.005231 
    9.000000    -0.000328     0.000038    -0.000366 
    9.100000    -0.004716     0.000038    -0.004754 
    9.200000    -0.001523     0.000038    -0.001561 
    9.300000    -0.004332     0.000038    -0.004370 
    9.400000    -0.001214     0.000038    -0.001252 
    9.500000    -0.000999     0.000038    -0.001037 
    9.600000     0.000866     0.000038     0.000828 
    9.700000    -0.001639     0.000038    -0.001677 
    9.800000     0.001110     0.000038     0.001072 
    9.900000     0.001753     0.000038     0.001715 
   10.000000     0.003306     0.000038     0.003268 
   10.100000     0.005267     0.000038     0.005229 
   10.200000     0.006953     0.000038     0.006915 
   10.300000    -0.001480     0.000038    -0.001518 
   10.400000    -0.000490     0.000038    -0.000528 
   10.500000    -0.001474     0.000038    -0.001512 
   10.600000    -0.001131     0.000038    -0.001169 
   10.700000    -0.000987     0.000038    -0.001025 
   10.800000     0.000250     0.000038     0.000212 
   10.900000     0.002504     0.000038     0.002466 
   11.000000     0.003221     0.000038     0.003183 
   11.100000     0.002366     0.000038     0.002328 
   11.200000     0.001809     0.000038     0.001771 
   11.300000    -0.000437     0.000038    -0.000475 
   11.400000    -0.001959     0.000038    -0.001997 
   11.500000    -0.002535     0.000038    -0.002573 
   11.600000    -0.004593     0.000038    -0.004631 
   11.700000    -0.001525     0.000038    -0.001563 
   11.800000     0.002988     0.000038     0.002950 
   11.900000     0.002133     0.000038     0.002095 
   12.000000     0.002190     0.000038     0.002152 
   12.100000    -0.001466     0.000038    -0.001504 
   12.200000    -0.001830     0.000038    -0.001868 
   12.300000    -0.004066     0.000038    -0.004104 
   12.400000     0.007283     0.000038     0.007245 
   12.500000     0.003624     0.000038     0.003586 
   12.600000     0.003350     0.000038     0.003312 
   12.700000     0.003657     0.000038     0.003619 
   12.800000     0.005177     0.000038     0.005139 
   12.900000     0.000394     0.000038     0.000356 
   13.000000    -0.001083     0.000038    -0.001121 
   13.100000    -0.003126     0.000038    -0.003164 
   13.200000     0.000783     0.000038     0.000745 
   13.300000     0.000729     0.000038     0.000691 
   13.400000    -0.000349     0.000038    -0.000387 
   13.500000    -0.001898     0.000038    -0.001936 
   13.600000     0.003237     0.000038     0.003199 
   13.700000     0.001624     0.000038     0.001586 
   13.800000     0.000486     0.000038     0.000448 
   13.900000     0.001839     0.000038     0.001801 
   14.000000     0.000971     0.000038     0.000933 
   14.100000    -0.000356     0.000038    -0.000394 
   14.200000    -0.000375     0.000038    -0.000413 
   14.300000     0.002896     0.000038     0.002858 
   14.400000    -0.002819     0.000038    -0.002857 
   14.500000    -0.001961     0.000038    -0.001999 
   14.600000     0.005645     0.000038     0.005607 
   14.700000     0.004586     0.000038     0.004548 
   14.800000     0.003213     0.000038     0.003175 
   14.900000     0.005110     0.000038     0.005072 
   15.000000    -0.004657     0.000038    -0.004695 
   15.100000    -0.007000     0.000038    -0.007038 
   15.200000    -0.003891     0.000038    -0.003929 
   15.300000    -0.000439     0.000038    -0.000477 
   15.400000    -0.000262     0.000038    -0.000300 
   15.500000     0.003762     0.000038     0.003724 
   15.600000     0.006881     0.000038     0.006843 
   15.700000     0.006274     0.000038     0.006236 
   15.800000     0.001735     0.000038     0.001697 
   15.900000     0.000622     0.000038     0.000584 
   16.000000     0.003750     0.000038     0.003712 
   16.100000     0.000634     0.000038     0.000596 
   16.200000     0.002779     0.000038     0.002741 
   16.300000    -0.001965     0.000038    -0.002003 
   16.400000    -0.001513     0.000038    -0.001551 
   16.500000    -0.000959     0.000038    -0.000997 
   16.600000    -0.000989     0.000038    -0.001027 
   16.700000     0.001166     0.000038     0.001128 
   16.800000    -0.003213     0.000038    -0.003251 
   16.900000     0.001445     0.000038     0.001407 
   17.000000    -0.000132     0.000038    -0.000170 
   17.100000     0.001807     0.000038     0.001769 
   17.200000    -0.002239     0.000038    -0.002277 
   17.300000     0.000893     0.000038     0.000855 
   17.400000    -0.000251     0.000038    -0.000289 
   17.500000    -0.000177     0.000038    -0.000215 
   17.600000     0.000621     0.000038     0.000583 
   17.700000    -0.001871     0.000038    -0.001909 
   17.800000     0.000911     0.000038     0.000873 
   17.900000     0.000052     0.000038     0.000014 
   18.000000     0.001728     0.000038     0.001690 
   18.100000     0.001437     0.000038     0.001399 
   18.200000    -0.000308     0.000038    -0.000346 
   18.300000    -0.001615     0.000038    -0.001653 
   18.400000     0.001655     0.000038     0.001617 
   18.500000     0.000439     0.000038     0.000401 
   18.600000     0.002387     0.000038     0.002349 
   18.700000    -0.000111     0.000038    -0.000149 
   18.800000     0.003795     0.000038     0.003757 
   18.900000     0.000294     0.000038     0.000256 
   19.000000     0.001934     0.000038     0.001896 
   19.100000     0.002043     0.000038     0.002005 
   19.200000     0.000738     0.000038     0.000700 
   19.300000    -0.005529     0.000038    -0.005567 
   19.400000    -0.001502     0.000038    -0.001540 
   19.500000     0.000947     0.000038     0.000909 
   19.600000    -0.002424     0.000038    -0.002462 
   19.700000     0.000237     0.000038     0.000199 
   19.800000    -0.004744     0.000038    -0.004782 
   19.900000    -0.004382     0.000038    -0.004420 
   20.000000    -0.003588     0.000038    -0.003626 
   20.100000    -0.003010     0.000038    -0.003048 
   20.200000     0.001714     0.000038     0.001676 
   20.300000     0.004346     0.000038     0.004308 
   20.400000     0.002470     0.000038     0.002432 
   20.500000     0.001072     0.000038     0.001034 
   20.600000    -0.001990     0.000038    -0.002028 
   20.700000    -0.001209     0.000038    -0.001247 
   20.800000    -0.001617     0.000038    -0.001655 
   20.900000    -0.006017     0.000038    -0.006055 
   21.000000    -0.000394     0.000038    -0.000432 
   21.100000    -0.000842     0.000038    -0.000880 
   21.200000     0.001542     0.000038     0.001504 
   21.300000     0.002023     0.000038     0.001985 
   21.400000     0.001074     0.000038     0.001036 
   21.500000     0.000993     0.000038     0.000955 
   21.600000     0.000245     0.000038     0.000207 
   21.700000    -0.003031     0.000038    -0.003069 
   21.800000     0.002045     0.000038     0.002007 
   21.900000    -0.002670     0.000038    -0.002708 
   22.000000    -0.001978     0.000038    -0.002016 
   22.100000     0.002230     0.000038     0.002192 
   22.200000     0.000272     0.000038     0.000234 
   22.300000     0.001344     0.000038     0.001306 
   22.400000     0.005948     0.000038     0.005910 
   22.500000     0.002237     0.000038     0.002199 
   22.600000     0.002519     0.000038     0.002481 
   22.700000     0.004057     0.000038     0.004019 
   22.800000     0.002524     0.000038     0.002486 
   22.900000     0.004520     0.000038     0.004482 
   23.000000    -0.000875     0.000038    -0.000913 
   23.100000     0.002867     0.000038     0.002829 
   23.200000    -0.001260     0.000038    -0.001298 
   23.300000     0.000015     0.000038    -0.000023 
   23.400000    -0.002837     0.000038    -0.002875 
   23.500000     0.000323     0.000038     0.000285 
   23.600000     0.000925     0.000038     0.000887 
   23.700000    -0.001437     0.000038    -0.001475 
   23.800000    -0.000061     0.000038    -0.000099 
   23.900000     0.001961     0.000038     0.001923 
   24.000000    -0.002658     0.000038    -0.002696 
   24.100000     0.001327     0.000038     0.001289 
   24.200000     0.003274     0.000038     0.003236 
   24.300000     0.002225     0.000038     0.002187 
   24.400000     0.001562     0.000038     0.001524 
   24.500000     0.001489     0.000038     0.001451 
   24.600000     0.002069     0.000038     0.002031 
   24.700000    -0.000359     0.000038    -0.000397 
   24.800000     0.001703     0.000038     0.001665 
   24.900000     0.002400     0.000038     0.002362 
   25.000000    -0.000132     0.000038    -0.000170 
   25.100000     0.001698     0.000038     0.001660 
   25.200000    -0.001592     0.000038    -0.001630 
   25.300000    -0.003236     0.000038    -0.003274 
   25.400000     0.003154     0.000038     0.003116 
   25.500000     0.003041     0.000038     0.003003 
   25.600000     0.004323     0.000038     0.004285 
   25.700000     0.001639     0.000038     0.001601 
   25.800000     0.000249     0.000038     0.000211 
   25.900000     0.000635     0.000038     0.000597 
   26.000000     0.001947     0.000038     0.001909 
   26.100000    -0.002160     0.000038    -0.002198 
   26.200000    -0.002766     0.000038    -0.002804 
   26.300000    -0.004761     0.000038    -0.004799 
   26.400000     0.002467     0.000038     0.002429 
   26.500000    -0.003615     0.000038    -0.003653 
   26.600000    -0.002827     0.000038    -0.002865 
   26.700000     0.001586     0.000038     0.001548 
   26.800000    -0.003205     0.000038    -0.003243 
   26.900000    -0.001111     0.000038    -0.001149 
   27.000000     0.000661     0.000038     0.000623 
   27.100000    -0.000985     0.000038    -0.001023 
   27.200000    -0.000334     0.000038    -0.000372 
   27.300000    -0.001816     0.000038    -0.001854 
   27.400000     0.001613     0.000038     0.001575 
   27.500000    -0.001291     0.000038    -0.001329 
   27.600000    -0.003885     0.000038    -0.003923 
   27.700000    -0.003154     0.000038    -0.003192 
   27.800000    -0.004092     0.000038    -0.004130 
   27.900000    -0.000219     0.000038    -0.000257 
   28.000000    -0.001534     0.000038    -0.001572 
   28.100000    -0.003000     0.000038    -0.003038 
   28.200000     0.003391     0.000038     0.003353 
   28.300000     0.000352     0.000038     0.000314 
   28.400000    -0.002227     0.000038    -0.002265 
   28.500000     0.001824     0.000038     0.001786 
   28.600000     0.006875     0.000038     0.006837 
   28.700000     0.000249     0.000038     0.000211 
   28.800000     0.000666     0.000038     0.000628 
   28.900000    -0.000516     0.000038    -0.000554 
   29.000000     0.001467     0.000038     0.001429 
   29.100000     0.001401     0.000038     0.001363 
   29.200000     0.001363     0.000038     0.001325 
   29.300000     0.002164     0.000038     0.002126 
   29.400000     0.000837     0.000038     0.000799 
   29.500000     0.004960     0.000038     0.004922 
   29.600000    -0.004235     0.000038    -0.004273 
   29.700000    -0.001226     0.000038    -0.001264 
   29.800000     0.003420     0.000038     0.003382 
   29.900000     0.002361     0.000038     0.002323 
   30.000000    -0.005397     0.000038    -0.005435 
   30.100000    -0.001934     0.000038    -0.001972 
   30.200000    -0.000242     0.000038    -0.000280 
   30.300000    -0.002849     0.000038    -0.002887 
   30.400000     0.000418     0.000038     0.000380 
   30.500000     0.003405     0.000038     0.003367 
   30.600000    -0.000904     0.000038    -0.000942 
   30.700000     0.000666     0.000038     0.000628 
   30.800000    -0.000097     0.000038    -0.000135 
   30.900000    -0.002131     0.000038    -0.002169 
   31.000000    -0.004215     0.000038    -0.004253 
   31.100000    -0.002824     0.000038    -0.002862 
   31.200000    -0.003659     0.000038    -0.003697 
   31.300000    -0.000199     0.000038    -0.000237 
   31.400000     0.000450     0.000038     0.000412 
   31.500000    -0.000770     0.000038    -0.000808 
   31.600000    -0.000649     0.000038    -0.000687 
   31.700000    -0.002338     0.000038    -0.002376 
   31.800000    -0.001142     0.000038    -0.001180 
   31.900000     0.002145     0.000038     0.002107 
   32.000000    -0.000721     0.000038    -0.000759 
   32.100000    -0.002088     0.000038    -0.002126 
   32.200000    -0.001814     0.000038    -0.001852 
   32.300000     0.001487     0.000038     0.001449 
   32.400000    -0.000643     0.000038    -0.000681 
   32.500000     0.000260     0.000038     0.000222 
   32.600000     0.000747     0.000038     0.000709 
   32.700000     0.002521     0.000038     0.002483 
   32.800000    -0.003825     0.000038    -0.003863 
   32.900000     0.002522     0.000038     0.002484 
   33.000000     0.002848     0.000038     0.002810 
   33.100000     0.004115     0.000038     0.004077 
   33.200000     0.000528     0.000038     0.000490 
   33.300000     0.004993     0.000038     0.004955 
   33.400000     0.002290     0.000038     0.002252 
   33.500000     0.002140     0.000038     0.002102 
   33.600000    -0.000569     0.000038    -0.000607 
   33.700000    -0.001663     0.000038    -0.001701 
   33.800000     0.000410     0.000038     0.000372 
   33.900000    -0.004865     0.000038    -0.004903 
   34.000000    -0.002724     0.000038    -0.002762 
   34.100000     0.000484     0.000038     0.000446 
   34.200000    -0.000306     0.000038    -0.000344 
   34.300000    -0.005396     0.000038    -0.005434 
   34.400000    -0.010795     0.000038    -0.010833 
   34.500000    -0.007879     0.000038    -0.007917 
   34.600000    -0.001649     0.000038    -0.001687 
   34.700000     0.000897     0.000038     0.000859 
   34.800000     0.000574     0.000038     0.000536 
   34.900000     0.002255     0.000038     0.002217 
   35.000000     0.007413     0.000038     0.007375 
   35.100000     0.003446     0.000038     0.003408 
   35.200000    -0.000318     0.000038    -0.000356 
   35.300000     0.001130     0.000038     0.001092 
   35.400000     0.004385     0.000038     0.004347 
   35.500000     0.004182     0.000038     0.004144 
   35.600000     0.006599     0.000038     0.006561 
   35.700000     0.002228     0.000038     0.002190 
   35.800000     0.000410     0.000038     0.000372 
   35.900000    -0.000652     0.000038    -0.000690 
   36.000000     0.001924     0.000038     0.001886 
   36.100000     0.000489     0.000038     0.000451 
   36.200000    -0.003099     0.000038    -0.003137 
   36.300000    -0.000611     0.000038    -0.000649 
   36.400000     0.001594     0.000038     0.001556 
   36.500000     0.003690     0.000038     0.003652 
   36.600000     0.003620     0.000038     0.003582 
   36.700000     0.001387     0.000038     0.001349 
   36.800000    -0.002383     0.000038    -0.002421 
   36.900000     0.002067     0.000038     0.002029 
   37.000000     0.001852     0.000038     0.001814 
   37.100000     0.001780     0.000038     0.001742 
   37.200000     0.004230     0.000038     0.004192 
   37.300000     0.001452     0.000038     0.001414 
   37.400000     0.002066     0.000038     0.002028 
   37.500000    -0.000271     0.000038    -0.000309 
   37.600000     0.004520     0.000038     0.004482 
   37.700000     0.005209     0.000038     0.005171 
   37.800000     0.005362     0.000038     0.005324 
   37.900000     0.002616     0.000038     0.002578 
   38.000000     0.004046     0.000038     0.004008 
   38.100000     0.004046     0.000038     0.004008 
   38.200000     0.002040     0.000038     0.002002 
   38.300000     0.004806     0.000038     0.004768 
   38.400000     0.001469     0.000038     0.001431 
   38.500000     0.002117     0.000038     0.002079 
   38.600000    -0.000720     0.000038    -0.000758 
   38.700000     0.002158     0.000038     0.002120 
   38.800000     0.001477     0.000038     0.001439 
   38.900000    -0.000659     0.000038    -0.000697 
   39.000000     0.002421     0.000038     0.002383 
   39.100000    -0.002050     0.000038    -0.002088 
   39.200000    -0.001271     0.000038    -0.001309 
   39.300000     0.002184     0.000038     0.002146 
   39.400000     0.003348     0.000038     0.003310 
   39.500000     0.002319     0.000038     0.002281 
   39.600000     0.002504     0.000038     0.002466 
   39.700000     0.000980     0.000038     0.000942 
   39.800000     0.002213     0.000038     0.002175 
   39.900000     0.000761     0.000038     0.000723 
   40.000000     0.004182     0.000038     0.004144 
   40.100000     0.002870     0.000038     0.002832 
   40.200000     0.000813     0.000038     0.000775 
   40.300000    -0.002246     0.000038    -0.002284 
   40.400000     0.001934     0.000038     0.001896 
   40.500000    -0.000391     0.000038    -0.000429 
   40.600000    -0.003485     0.000038    -0.003523 
   40.700000    -0.000307     0.000038    -0.000345 
   40.800000    -0.001337     0.000038    -0.001375 
   40.900000    -0.006250     0.000038    -0.006288 
   41.000000     0.000225     0.000038     0.000187 
   41.100000    -0.001486     0.000038    -0.001524 
   41.200000     0.000344     0.000038     0.000306 
   41.300000     0.001042     0.000038     0.001004 
   41.400000     0.001126     0.000038     0.001088 
   41.500000    -0.001327     0.000038    -0.001365 
   41.600000    -0.001476     0.000038    -0.001514 
   41.700000    -0.000432     0.000038    -0.000470 
   41.800000    -0.000281     0.000038    -0.000319 
   41.900000    -0.000620     0.000038    -0.000658 
   42.000000    -0.003099     0.000038    -0.003137 
   42.100000     0.008152     0.000038     0.008114 
   42.200000     0.002687     0.000038     0.002649 
   42.300000    -0.002202     0.000038    -0.002240 
   42.400000    -0.000641     0.000038    -0.000679 
   42.500000     0.003450     0.000038     0.003412 
   42.600000    -0.000255     0.000038    -0.000293 
   42.700000     0.005525     0.000038     0.005487 
   42.800000     0.004057     0.000038     0.004019 
   42.900000     0.007050     0.000038     0.007012 
   43.000000     0.008194     0.000038     0.008156 
   43.100000     0.001469     0.000038     0.001431 
   43.200000     0.001577     0.000038     0.001539 
   43.300000     0.002392     0.000038     0.002354 
   43.400000    -0.002050     0.000038    -0.002088 
   43.500000    -0.002188     0.000038    -0.002226 
   43.600000    -0.000054     0.000038    -0.000092 
   43.700000    -0.001508     0.000038    -0.001546 
   43.800000     0.005278     0.000038     0.005240 
   43.900000    -0.000438     0.000038    -0.000476 
   44.000000    -0.000926     0.000038    -0.000964 
   44.100000    -0.000680     0.000038    -0.000718 
   44.200000     0.002369     0.000038     0.002331 
   44.300000    -0.000423     0.000038    -0.000461 
   44.400000     0.002424     0.000038     0.002386 
   44.500000     0.002159     0.000038     0.002121 
   44.600000    -0.000121     0.000038    -0.000159 
   44.700000     0.003216     0.000038     0.003178 
   44.800000     0.006161     0.000038     0.006123 
   44.900000    -0.001007     0.000038    -0.001045 
   45.000000    -0.000533     0.000038    -0.000571 
   45.100000     0.000209     0.000038     0.000171 
   45.200000    -0.000012     0.000038    -0.000050 
   45.300000    -0.001651     0.000038    -0.001689 
   45.400000     0.003678     0.000038     0.003640 
   45.500000     0.003085     0.000038     0.003047 
   45.600000     0.000740     0.000038     0.000702 
   45.700000     0.000156     0.000038     0.000118 
   45.800000     0.003012     0.000038     0.002974 
   45.900000     0.001937     0.000038     0.001899 
   46.000000     0.001796     0.000038     0.001758 
   46.100000    -0.001076     0.000038    -0.001114 
   46.200000    -0.002697     0.000038    -0.002735 
   46.300000    -0.009362     0.000038    -0.009400 
   46.400000    -0.007575     0.000038    -0.007613 
   46.500000     0.004325     0.000038     0.004287 
   46.600000     0.006002     0.000038     0.005964 
   46.700000     0.000046     0.000038     0.000008 
   46.800000     0.003383     0.000038     0.003345 
   46.900000     0.001698     0.000038     0.001660 
   47.000000    -0.000802     0.000038    -0.000840 
   47.100000    -0.002502     0.000038    -0.002540 
   47.200000    -0.002468     0.000038    -0.002506 
   47.300000     0.002374     0.000038     0.002336 
   47.400000    -0.000316     0.000038    -0.000354 
   47.500000     0.001100     0.000038     0.001062 
   47.600000     0.004129     0.000038     0.004091 
   47.700000    -0.001414     0.000038    -0.001452 
   47.800000     0.000273     0.000038     0.000235 
   47.900000    -0.001267     0.000038    -0.001305 
   48.000000     0.001727     0.000038     0.001689 
   48.100000    -0.000743     0.000038    -0.000781 
   48.200000     0.000058     0.000038     0.000020 
   48.300000     0.001276     0.000038     0.001238 
   48.400000     0.003395     0.000038     0.003357 
   48.500000     0.003991     0.000038     0.003953 
   48.600000     0.002533     0.000038     0.002495 
   48.700000     0.001663     0.000038     0.001625 
   48.800000     0.004336     0.000038     0.004298 
   48.900000     0.002145     0.000038     0.002107 
   49.000000    -0.001087     0.000038    -0.001125 
   49.100000    -0.001660     0.000038    -0.001698 
   49.200000    -0.001392     0.000038    -0.001430 
   49.300000    -0.003293     0.000038    -0.003331 
   49.400000    -0.006454     0.000038    -0.006492 
   49.500000    -0.005233     0.000038    -0.005271 
   49.600000    -0.002438     0.000038    -0.002476 
   49.700000     0.004042     0.000038     0.004004 
   49.800000     0.000081     0.000038     0.000043 
   49.900000    -0.000714     0.000038    -0.000752 
   50.000000     0.001012     0.000038     0.000974 
   50.100000    -0.000639     0.000038    -0.000677 
   50.200000    -0.001165     0.000038    -0.001203 
   50.300000    -0.002764     0.000038    -0.002802 
   50.400000    -0.002182     0.000038    -0.002220 
   50.500000     0.001310     0.000038     0.001272 
   50.600000    -0.000571     0.000038    -0.000609 
   50.700000     0.002687     0.000038     0.002649 
   50.800000     0.001785     0.000038     0.001747 
   50.900000     0.001583     0.000038     0.001545 
   51.000000     0.008692     0.000038     0.008654 
   51.100000     0.003420     0.000038     0.003382 
   51.200000     0.002047     0.000038     0.002009 
   51.300000     0.004213     0.000038     0.004175 
   51.400000     0.001785     0.000038     0.001747 
   51.500000    -0.001727     0.000038    -0.001765 
   51.600000     0.002765     0.000038     0.002727 
   51.700000    -0.000002     0.000038    -0.000040 
   51.800000    -0.002963     0.000038    -0.003001 
   51.900000     0.003735     0.000038     0.003697 
   52.000000    -0.001330     0.000038    -0.001368 
   52.100000     0.001553     0.000038     0.001515 
   52.200000     0.001904     0.000038     0.001866 
   52.300000     0.000498     0.000038     0.000460 
   52.400000     0.003108     0.000038     0.003070 
   52.500000     0.004316     0.000038     0.004278 
   52.600000    -0.000905     0.000038    -0.000943 
   52.700000    -0.000861     0.000038    -0.000899 
   52.800000     0.001553     0.000038     0.001515 
   52.900000     0.001212     0.000038     0.001174 
   53.000000    -0.001333     0.000038    -0.001371 
   53.100000    -0.000187     0.000038    -0.000225 
   53.200000     0.002755     0.000038     0.002717 
   53.300000    -0.000423     0.000038    -0.000461 
   53.400000     0.006769     0.000038     0.006731 
   53.500000     0.005496     0.000038     0.005458 
   53.600000     0.003841     0.000038     0.003803 
   53.700000    -0.003051     0.000038    -0.003089 
   53.800000    -0.002971     0.000038    -0.003009 
   53.900000    -0.003451     0.000038    -0.003489 
   54.000000     0.005851     0.000038     0.005813 
   54.100000     0.001274     0.000038     0.001236 
   54.200000    -0.004466     0.000038    -0.004504 
   54.300000    -0.000933     0.000038    -0.000971 
   54.400000     0.001246     0.000038     0.001208 
   54.500000     0.001071     0.000038     0.001033 
   54.600000     0.007968     0.000038     0.007930 
   54.700000     0.003264     0.000038     0.003226 
   54.800000     0.003438     0.000038     0.003400 
   54.900000    -0.001351     0.000038    -0.001389 
   55.000000     0.004364     0.000038     0.004326 
   55.100000     0.001171     0.000038     0.001133 
   55.200000     0.002850     0.000038     0.002812 
   55.300000     0.004769     0.000038     0.004731 
   55.400000    -0.000618     0.000038    -0.000656 
   55.500000     0.002684     0.000038     0.002646 
   55.600000     0.003775     0.000038     0.003737 
   55.700000     0.005053     0.000038     0.005015 
   55.800000    -0.000512     0.000038    -0.000550 
   55.900000     0.000650     0.000038     0.000612 
   56.000000     0.003702     0.000038     0.003664 
   56.100000     0.004685     0.000038     0.004647 
   56.200000     0.000374     0.000038     0.000336 
   56.300000    -0.002607     0.000038    -0.002645 
   56.400000    -0.002018     0.000038    -0.002056 
   56.500000    -0.004805     0.000038    -0.004843 
   56.600000     0.004764     0.000038     0.004726 
   56.700000     0.005892     0.000038     0.005854 
   56.800000     0.007920     0.000038     0.007882 
   56.900000     0.001068     0.000038     0.001030 
   57.000000     0.002309     0.000038     0.002271 
   57.100000     0.000609     0.000038     0.000571 
   57.200000     0.001071     0.000038     0.001033 
   57.300000    -0.002721     0.000038    -0.002759 
   57.400000    -0.002665     0.000038    -0.002703 
   57.500000    -0.001333     0.000038    -0.001371 
   57.600000     0.000837     0.000038     0.000799 
   57.700000     0.000263     0.000038     0.000225 
   57.800000     0.000913     0.000038     0.000875 
   57.900000     0.001539     0.000038     0.001501 
   58.000000     0.007599     0.000038     0.007561 
   58.100000     0.001708     0.000038     0.001670 
   58.200000     0.001402     0.000038     0.001364 
   58.300000     0.000639     0.000038     0.000601 
   58.400000     0.000319     0.000038     0.000281 
   58.500000     0.003275     0.000038     0.003237 
   58.600000    -0.000314     0.000038    -0.000352 
   58.700000     0.003047     0.000038     0.003009 
   58.800000     0.002625     0.000038     0.002587 
   58.900000     0.000360     0.000038     0.000322 
   59.000000    -0.003859     0.000038    -0.003897 
   59.100000    -0.005031     0.000038    -0.005069 
   59.200000    -0.002883     0.000038    -0.002921 
   59.300000     0.000409     0.000038     0.000371 
   59.400000    -0.000145     0.000038    -0.000183 
   59.500000    -0.000556     0.000038    -0.000594 
   59.600000     0.003952     0.000038     0.003914 
   59.700000     0.003622     0.000038     0.003584 
   59.800000     0.001924     0.000038     0.001886 
   59.900000    -0.005889     0.000038    -0.005927 
   60.000000    -0.002698     0.000038    -0.002736 
   60.100000    -0.000453     0.000038    -0.000491 
   60.200000     0.001589     0.000038     0.001551 
   60.300000    -0.000453     0.000038    -0.000491 
   60.400000     0.000747     0.000038     0.000709 
   60.500000     0.000278     0.000038     0.000240 
   60.600000     0.002010     0.000038     0.001972 
   60.700000    -0.001371     0.000038    -0.001409 
   60.800000     0.001620     0.000038     0.001582 
   60.900000    -0.004575     0.000038    -0.004613 
   61.000000    -0.001738     0.000038    -0.001776 
   61.100000     0.003402     0.000038     0.003364 
   61.200000     0.002800     0.000038     0.002762 
   61.300000     0.003345     0.000038     0.003307 
   61.400000    -0.000965     0.000038    -0.001003 
   61.500000     0.000537     0.000038     0.000499 
   61.600000     0.006679     0.000038     0.006641 
   61.700000    -0.002861     0.000038    -0.002899 
   61.800000     0.001524     0.000038     0.001486 
   61.900000    -0.000590     0.000038    -0.000628 
   62.000000    -0.001639     0.000038    -0.001677 
   62.100000     0.002122     0.000038     0.002084 
   62.200000    -0.002699     0.000038    -0.002737 
   62.300000     0.001390     0.000038     0.001352 
   62.400000     0.006127     0.000038     0.006089 
   62.500000     0.000468     0.000038     0.000430 
   62.600000     0.004321     0.000038     0.004283 
   62.700000     0.003673     0.000038     0.003635 
   62.800000    -0.001230     0.000038    -0.001268 
   62.900000     0.002023     0.000038     0.001985 
   63.000000     0.005150     0.000038     0.005112 
   63.100000    -0.001536     0.000038    -0.001574 
   63.200000    -0.000646     0.000038    -0.000684 
   63.300000    -0.003607     0.000038    -0.003645 
   63.400000    -0.002485     0.000038    -0.002523 
   63.500000    -0.002584     0.000038    -0.002622 
   63.600000     0.005184     0.000038     0.005146 
   63.700000     0.004934     0.000038     0.004896 
   63.800000    -0.001123     0.000038    -0.001161 
   63.900000     0.001903     0.000038     0.001865 
   64.000000     0.001180     0.000038     0.001142 
   64.100000    -0.003930     0.000038    -0.003968 
   64.200000    -0.001001     0.000038    -0.001039 
   64.300000    -0.002008     0.000038    -0.002046 
   64.400000     0.000662     0.000038     0.000624 
   64.500000     0.004250     0.000038     0.004212 
   64.600000    -0.003035     0.000038    -0.003073 
   64.700000    -0.003651     0.000038    -0.003689 
   64.800000     0.004262     0.000038     0.004224 
   64.900000     0.002292     0.000038     0.002254 
   65.000000    -0.003946     0.000038    -0.003984 
   65.100000    -0.004968     0.000038    -0.005006 
   65.200000    -0.001259     0.000038    -0.001297 
   65.300000     0.000233     0.000038     0.000195 
   65.400000    -0.006370     0.000038    -0.006408 
   65.500000    -0.000918     0.000038    -0.000956 
   65.600000     0.000962     0.000038     0.000924 
   65.700000    -0.000585     0.000038    -0.000623 
   65.800000    -0.000707     0.000038    -0.000745 
   65.900000    -0.004877     0.000038    -0.004915 
   66.000000    -0.004734     0.000038    -0.004772 
   66.100000    -0.004629     0.000038    -0.004667 
   66.200000     0.001314     0.000038     0.001276 
   66.300000     0.000220     0.000038     0.000182 
   66.400000     0.001538     0.000038     0.001500 
   66.500000    -0.003340     0.000038    -0.003378 
   66.600000    -0.006534     0.000038    -0.006572 
   66.700000    -0.004187     0.000038    -0.004225 
   66.800000    -0.005998     0.000038    -0.006036 
   66.900000    -0.001910     0.000038    -0.001948 
   67.000000     0.002700     0.000038     0.002662 
   67.100000     0.001047     0.000038     0.001009 
   67.200000    -0.000261     0.000038    -0.000299 
   67.300000    -0.003391     0.000038    -0.003429 
   67.400000     0.001448     0.000038     0.001410 
   67.500000     0.000022     0.000038    -0.000016 
   67.600000    -0.000249     0.000038    -0.000287 
   67.700000     0.000784     0.000038     0.000746 
   67.800000    -0.003227     0.000038    -0.003265 
   67.900000    -0.000983     0.000038    -0.001021 
   68.000000     0.003726     0.000038     0.003688 
   68.100000    -0.001808     0.000038    -0.001846 
   68.200000    -0.000389     0.000038    -0.000427 
   68.300000     0.006144     0.000038     0.006106 
   68.400000     0.001107     0.000038     0.001069 
   68.500000    -0.001066     0.000038    -0.001104 
   68.600000    -0.001197     0.000038    -0.001235 
   68.700000    -0.005869     0.000038    -0.005907 
   68.800000     0.002150     0.000038     0.002112 
   68.900000     0.001510     0.000038     0.001472 
   69.000000    -0.005539     0.000038    -0.005577 
   69.100000    -0.008567     0.000038    -0.008605 
   69.200000    -0.005608     0.000038    -0.005646 
   69.300000    -0.004793     0.000038    -0.004831 
   69.400000    -0.005792     0.000038    -0.005830 
   69.500000    -0.001910     0.000038    -0.001948 
   69.600000    -0.003602     0.000038    -0.003640 
   69.700000    -0.004032     0.000038    -0.004070 
   69.800000    -0.003874     0.000038    -0.003912 
   69.900000    -0.000292     0.000038    -0.000330 
   70.000000    -0.003569     0.000038    -0.003607 
   70.100000    -0.002530     0.000038    -0.002568 
   70.200000     0.003557     0.000038     0.003519 
   70.300000    -0.003241     0.000038    -0.003279 
   70.400000    -0.004434     0.000038    -0.004472 
   70.500000    -0.005192     0.000038    -0.005230 
   70.600000     0.001797     0.000038     0.001759 
   70.700000     0.003414     0.000038     0.003376 
   70.800000     0.001277     0.000038     0.001239 
   70.900000    -0.001078     0.000038    -0.001116 
   71.000000    -0.004818     0.000038    -0.004856 
   71.100000    -0.004597     0.000038    -0.004635 
   71.200000    -0.002956     0.000038    -0.002994 
   71.300000    -0.006325     0.000038    -0.006363 
   71.400000    -0.000536     0.000038    -0.000574 
   71.500000     0.002249     0.000038     0.002211 
   71.600000    -0.000479     0.000038    -0.000517 
   71.700000     0.001806     0.000038     0.001768 
   71.800000     0.003675     0.000038     0.003637 
   71.900000    -0.004657     0.000038    -0.004695 
   72.000000    -0.001532     0.000038    -0.001570 
   72.100000    -0.006001     0.000038    -0.006039 
   72.200000     0.002564     0.000038     0.002526 
   72.300000    -0.006295     0.000038    -0.006333 
   72.400000    -0.004964     0.000038    -0.005002 
   72.500000     0.001415     0.000038     0.001377 
   72.600000     0.002154     0.000038     0.002116 
   72.700000    -0.003966     0.000038    -0.004004 
   72.800000    -0.004540     0.000038    -0.004578 
   72.900000    -0.008765     0.000038    -0.008803 
   73.000000    -0.007025     0.000038    -0.007063 
   73.100000    -0.008050     0.000038    -0.008088 
   73.200000    -0.006122     0.000038    -0.006160 
   73.300000    -0.005183     0.000038    -0.005221 
   73.400000    -0.004732     0.000038    -0.004770 
   73.500000    -0.006749     0.000038    -0.006787 
   73.600000    -0.000219     0.000038    -0.000257 
   73.700000     0.001629     0.000038     0.001591 
   73.800000    -0.002974     0.000038    -0.003012 
   73.900000    -0.002829     0.000038    -0.002867 
   74.000000    -0.005370     0.000038    -0.005408 
   74.100000    -0.007870     0.000038    -0.007908 
   74.200000    -0.002320     0.000038    -0.002358 
   74.300000     0.003724     0.000038     0.003686 
   74.400000     0.001999     0.000038     0.001961 
   74.500000     0.001892     0.000038     0.001854 
   74.600000     0.001072     0.000038     0.001034 
   74.700000    -0.004653     0.000038    -0.004691 
   74.800000    -0.004142     0.000038    -0.004180 
   74.900000     0.000378     0.000038     0.000340 
   75.000000     0.000983     0.000038     0.000945 
   75.100000    -0.000045     0.000038    -0.000083 
   75.200000     0.007410     0.000038     0.007372 
   75.300000     0.000881     0.000038     0.000843 
   75.400000    -0.001914     0.000038    -0.001952 
   75.500000    -0.000753     0.000038    -0.000791 
   75.600000    -0.001809     0.000038    -0.001847 
   75.700000    -0.001463     0.000038    -0.001501 
   75.800000     0.000114     0.000038     0.000076 
   75.900000    -0.000174     0.000038    -0.000212 
   76.000000     0.005442     0.000038     0.005404 
   76.100000     0.000618     0.000038     0.000580 
   76.200000    -0.007096     0.000038    -0.007134 
   76.300000     0.001971     0.000038     0.001933 
   76.400000    -0.001223     0.000038    -0.001261 
   76.500000     0.000501     0.000038     0.000463 
   76.600000     0.001375     0.000038     0.001337 
   76.700000     0.002823     0.000038     0.002785 
   76.800000     0.002202     0.000038     0.002164 
   76.900000    -0.003853     0.000038    -0.003891 
   77.000000    -0.000136     0.000038    -0.000174 
   77.100000     0.005211     0.000038     0.005173 
   77.200000     0.005172     0.000038     0.005134 
   77.300000     0.002817     0.000038     0.002779 
   77.400000     0.001155     0.000038     0.001117 
   77.500000    -0.001349     0.000038    -0.001387 
   77.600000     0.001021     0.000038     0.000983 
   77.700000    -0.003125     0.000038    -0.003163 
   77.800000     0.000876     0.000038     0.000838 
   77.900000    -0.000313     0.000038    -0.000351 
   78.000000     0.004333     0.000038     0.004295 
   78.100000     0.004208     0.000038     0.004170 
   78.200000     0.002705     0.000038     0.002667 
   78.300000     0.001214     0.000038     0.001176 
   78.400000     0.000675     0.000038     0.000637 
   78.500000     0.000926     0.000038     0.000888 
   78.600000    -0.003079     0.000038    -0.003117 
   78.700000    -0.000042     0.000038    -0.000080 
   78.800000    -0.003796     0.000038    -0.003834 
   78.900000    -0.000087     0.000038    -0.000125 
   79.000000    -0.000938     0.000038    -0.000976 
   79.100000    -0.001586     0.000038    -0.001624 
   79.200000    -0.003607     0.000038    -0.003645 
   79.300000    -0.003420     0.000038    -0.003458 
   79.400000    -0.003818     0.000038    -0.003856 
   79.500000     0.003795     0.000038     0.003757 
   79.600000    -0.001950     0.000038    -0.001988 
   79.700000    -0.001270     0.000038    -0.001308 
   79.800000    -0.003371     0.000038    -0.003409 
   79.900000     0.006287     0.000038     0.006249 
   80.000000     0.002006     0.000038     0.001968 
   80.100000    -0.002022     0.000038    -0.002060 
   80.200000     0.003647     0.000038     0.003609 
   80.300000     0.000232     0.000038     0.000194 
   80.400000     0.002071     0.000038     0.002033 
   80.500000     0.005082     0.000038     0.005044 
   80.600000     0.002723     0.000038     0.002685 
   80.700000     0.007211     0.000038     0.007173 
   80.800000     0.003540     0.000038     0.003502 
   80.900000    -0.004249     0.000038    -0.004287 
   81.000000    -0.005748     0.000038    -0.005786 
   81.100000    -0.002471     0.000038    -0.002509 
   81.200000    -0.000984     0.000038    -0.001022 
   81.300000     0.001112     0.000038     0.001074 
   81.400000     0.003329     0.000038     0.003291 
   81.500000    -0.001108     0.000038    -0.001146 
   81.600000     0.001001     0.000038     0.000963 
   81.700000    -0.001523     0.000038    -0.001561 
   81.800000     0.002138     0.000038     0.002100 
   81.900000     0.001785     0.000038     0.001747 
   82.000000    -0.001280     0.000038    -0.001318 
   82.100000    -0.000761     0.000038    -0.000799 
   82.200000    -0.001564     0.000038    -0.001602 
   82.300000     0.005508     0.000038     0.005470 
   82.400000     0.000896     0.000038     0.000858 
   82.500000     0.004448     0.000038     0.004410 
   82.600000     0.004354     0.000038     0.004316 
   82.700000    -0.001817     0.000038    -0.001855 
   82.800000    -0.000774     0.000038    -0.000812 
   82.900000     0.004377     0.000038     0.004339 
   83.000000    -0.000085     0.000038    -0.000123 
   83.100000    -0.003489     0.000038    -0.003527 
   83.200000     0.005507     0.000038     0.005469 
   83.300000    -0.000075     0.000038    -0.000113 
   83.400000     0.001051     0.000038     0.001013 
   83.500000    -0.002487     0.000038    -0.002525 
   83.600000    -0.000490     0.000038    -0.000528 
   83.700000    -0.004854     0.000038    -0.004892 
   83.800000    -0.011172     0.000038    -0.011210 
   83.900000    -0.006484     0.000038    -0.006522 
   84.000000     0.000894     0.000038     0.000856 
   84.100000     0.001026     0.000038     0.000988 
   84.200000     0.000621     0.000038     0.000583 
   84.300000     0.000082     0.000038     0.000044 
   84.400000    -0.002337     0.000038    -0.002375 
   84.500000    -0.001730     0.000038    -0.001768 
   84.600000     0.000234     0.000038     0.000196 
   84.700000     0.006067     0.000038     0.006029 
   84.800000    -0.000049     0.000038    -0.000087 
   84.900000     0.001292     0.000038     0.001254 
   85.000000    -0.001101     0.000038    -0.001139 
   85.100000     0.000292     0.000038     0.000254 
   85.200000    -0.002443     0.000038    -0.002481 
   85.300000    -0.002905     0.000038    -0.002943 
   85.400000    -0.000461     0.000038    -0.000499 
   85.500000    -0.002728     0.000038    -0.002766 
   85.600000    -0.003969     0.000038    -0.004007 
   85.700000    -0.007684     0.000038    -0.007722 
   85.800000    -0.006616     0.000038    -0.006654 
   85.900000     0.002417     0.000038     0.002379 
   86.000000     0.002729     0.000038     0.002691 
   86.100000     0.008879     0.000038     0.008841 
   86.200000     0.006903     0.000038     0.006865 
   86.300000     0.002488     0.000038     0.002450 
   86.400000    -0.001088     0.000038    -0.001126 
   86.500000     0.000155     0.000038     0.000117 
   86.600000    -0.001409     0.000038    -0.001447 
   86.700000     0.002164     0.000038     0.002126 
   86.800000    -0.002666     0.000038    -0.002704 
   86.900000     0.002906     0.000038     0.002868 
   87.000000    -0.000421     0.000038    -0.000459 
   87.100000     0.000861     0.000038     0.000823 
   87.200000    -0.000157     0.000038    -0.000195 
   87.300000    -0.006178     0.000038    -0.006216 
   87.400000    -0.005090     0.000038    -0.005128 
   87.500000     0.003320     0.000038     0.003282 
   87.600000    -0.003295     0.000038    -0.003333 
   87.700000    -0.000363     0.000038    -0.000401 
   87.800000    -0.001627     0.000038    -0.001665 
   87.900000    -0.000446     0.000038    -0.000484 
   88.000000    -0.008182     0.000038    -0.008220 
   88.100000    -0.007295     0.000038    -0.007333 
   88.200000    -0.002127     0.000038    -0.002165 
   88.300000    -0.002822     0.000038    -0.002860 
   88.400000    -0.006793     0.000038    -0.006831 
   88.500000     0.002401     0.000038     0.002363 
   88.600000     0.007578     0.000038     0.007540 
   88.700000     0.002896     0.000038     0.002858 
   88.800000     0.003695     0.000038     0.003657 
   88.900000    -0.001032     0.000038    -0.001070 
   89.000000     0.001670     0.000038     0.001632 
   89.100000    -0.003184     0.000038    -0.003222 
   89.200000    -0.003647     0.000038    -0.003685 
   89.300000     0.000734     0.000038     0.000696 
   89.400000     0.001257     0.000038     0.001219 
   89.500000     0.007186     0.000038     0.007148 
   89.600000     0.004867     0.000038     0.004829 
   89.700000    -0.000060     0.000038    -0.000098 
   89.800000     0.001972     0.000038     0.001934 
   89.900000    -0.001555     0.000038    -0.001593 
   90.000000    -0.003101     0.000038    -0.003139 
   90.100000     0.005342     0.000038     0.005304 
   90.200000     0.001589     0.000038     0.001551 
   90.300000     0.005654     0.000038     0.005616 
   90.400000     0.005671     0.000038     0.005633 
   90.500000     0.003855     0.000038     0.003817 
   90.600000     0.002409     0.000038     0.002371 
   90.700000    -0.003335     0.000038    -0.003373 
   90.800000    -0.002906     0.000038    -0.002944 
   90.900000     0.000506     0.000038     0.000468 
   91.000000    -0.001515     0.000038    -0.001553 
   91.100000    -0.002600     0.000038    -0.002638 
   91.200000    -0.005927     0.000038    -0.005965 
   91.300000    -0.008034     0.000038    -0.008072 
   91.400000    -0.005205     0.000038    -0.005243 
   91.500000    -0.003292     0.000038    -0.003330 
   91.600000    -0.003366     0.000038    -0.003404 
   91.700000    -0.001770     0.000038    -0.001808 
   91.800000     0.000301     0.000038     0.000263 
   91.900000     0.001122     0.000038     0.001084 
   92.000000     0.000626     0.000038     0.000588 
   92.100000     0.006304     0.000038     0.006266 
   92.200000     0.007055     0.000038     0.007017 
   92.300000    -0.000093     0.000038    -0.000131 
   92.400000     0.005076     0.000038     0.005038 
   92.500000     0.002987     0.000038     0.002949 
   92.600000     0.001093     0.000038     0.001055 
   92.700000     0.006831     0.000038     0.006793 
   92.800000     0.004848     0.000038     0.004810 
   92.900000     0.002267     0.000038     0.002229 
   93.000000     0.011217     0.000038     0.011179 
   93.100000     0.000960     0.000038     0.000922 
   93.200000    -0.001533     0.000038    -0.001571 
   93.300000     0.002147     0.000038     0.002109 
   93.400000    -0.002118     0.000038    -0.002156 
   93.500000    -0.002913     0.000038    -0.002951 
   93.600000    -0.003464     0.000038    -0.003502 
   93.700000    -0.003405     0.000038    -0.003443 
   93.800000    -0.002035     0.000038    -0.002073 
   93.900000    -0.002740     0.000038    -0.002778 
   94.000000    -0.007798     0.000038    -0.007836 
   94.100000    -0.003632     0.000038    -0.003670 
   94.200000    -0.001677     0.000038    -0.001715 
   94.300000    -0.002567     0.000038    -0.002605 
   94.400000    -0.001048     0.000038    -0.001086 
   94.500000    -0.000584     0.000038    -0.000622 
   94.600000    -0.000380     0.000038    -0.000418 
   94.700000     0.000560     0.000038     0.000522 
   94.800000    -0.002721     0.000038    -0.002759 
   94.900000    -0.006902     0.000038    -0.006940 
   95.000000    -0.001384     0.000038    -0.001422 
   95.100000     0.002513     0.000038     0.002475 
   95.200000     0.000606     0.000038     0.000568 
   95.300000    -0.000092     0.000038    -0.000130 
   95.400000    -0.002439     0.000038    -0.002477 
   95.500000    -0.001458     0.000038    -0.001496 
   95.600000    -0.002801     0.000038    -0.002839 
   95.700000     0.000019     0.000038    -0.000019 
   95.800000    -0.005083     0.000038    -0.005121 
   95.900000    -0.003160     0.000038    -0.003198 
   96.000000    -0.001396     0.000038    -0.001434 
   96.100000    -0.001305     0.000038    -0.001343 
   96.200000    -0.000787     0.000038    -0.000825 
   96.300000    -0.002067     0.000038    -0.002105 
   96.400000     0.000534     0.000038     0.000496 
   96.500000     0.001601     0.000038     0.001563 
   96.600000     0.002094     0.000038     0.002056 
   96.700000     0.004562     0.000038     0.004524 
   96.800000    -0.001610     0.000038    -0.001648 
   96.900000    -0.002678     0.000038    -0.002716 
   97.000000     0.000473     0.000038     0.000435 
   97.100000     0.000446     0.000038     0.000408 
   97.200000    -0.007245     0.000038    -0.007283 
   97.300000    -0.003497     0.000038    -0.003535 
   97.400000     0.002299     0.000038     0.002261 
   97.500000    -0.002478     0.000038    -0.002516 
   97.600000    -0.002125     0.000038    -0.002163 
   97.700000    -0.001477     0.000038    -0.001515 
   97.800000     0.001017     0.000038     0.000979 
   97.900000    -0.008322     0.000038    -0.008360 
   98.000000    -0.009094     0.000038    -0.009132 
   98.100000    -0.000747     0.000038    -0.000785 
   98.200000     0.002788     0.000038     0.002750 
   98.300000    -0.001961     0.000038    -0.001999 
   98.400000    -0.000480     0.000038    -0.000518 
   98.500000     0.001011     0.000038     0.000973 
   98.600000     0.010013     0.000038     0.009975 
   98.700000     0.003489     0.000038     0.003451 
   98.800000     0.000247     0.000038     0.000209 
   98.900000     0.000757     0.000038     0.000719 
   99.000000    -0.003622     0.000038    -0.003660 
   99.100000     0.001649     0.000038     0.001611 
   99.200000    -0.004241     0.000038    -0.004279 
   99.300000     0.001505     0.000038     0.001467 
   99.400000    -0.004234     0.000038    -0.004272 
   99.500000    -0.002102     0.000038    -0.002140 
   99.600000    -0.000949     0.000038    -0.000987 
   99.700000     0.002406     0.000038     0.002368 
   99.800000     0.007924     0.000038     0.007886 
   99.900000     0.000469     0.000038     0.000431 
  100.000000     0.003697     0.000038     0.003659 
