##fit: rolloffp.out
    0.500000     0.021828     0.022106    -0.000278 
    0.600000     0.017876     0.019825    -0.001949 
    0.700000     0.016335     0.017783    -0.001448 
    0.800000     0.017704     0.015955     0.001749 
    0.900000     0.014804     0.014318     0.000486 
    1.000000     0.015992     0.012853     0.003139 
    1.100000     0.012471     0.011541     0.000930 
    1.200000     0.011647     0.010367     0.001280 
    1.300000     0.009762     0.009316     0.000446 
    1.400000     0.006460     0.008374    -0.001914 
    1.500000     0.007026     0.007532    -0.000506 
    1.600000     0.008321     0.006777     0.001544 
    1.700000     0.005075     0.006102    -0.001027 
    1.800000     0.003643     0.005497    -0.001854 
    1.900000     0.003764     0.004956    -0.001192 
    2.000000     0.004455     0.004472    -0.000017 
    2.100000     0.003032     0.004038    -0.001006 
    2.200000     0.004874     0.003649     0.001225 
    2.300000     0.007451     0.003302     0.004149 
    2.400000     0.005058     0.002990     0.002068 
    2.500000     0.006088     0.002712     0.003376 
    2.600000    -0.002069     0.002462    -0.004531 
    2.700000    -0.001469     0.002239    -0.003708 
    2.800000     0.001417     0.002039    -0.000622 
    2.900000    -0.000001     0.001860    -0.001861 
    3.000000    -0.001641     0.001700    -0.003341 
    3.100000    -0.000239     0.001556    -0.001795 
    3.200000    -0.002614     0.001428    -0.004042 
    3.300000    -0.000152     0.001313    -0.001465 
    3.400000     0.000414     0.001210    -0.000796 
    3.500000     0.001363     0.001118     0.000245 
    3.600000     0.002955     0.001035     0.001920 
    3.700000     0.000905     0.000961    -0.000056 
    3.800000     0.003088     0.000895     0.002193 
    3.900000     0.001189     0.000836     0.000353 
    4.000000     0.002252     0.000783     0.001469 
    4.100000     0.003090     0.000735     0.002355 
    4.200000    -0.001302     0.000693    -0.001995 
    4.300000     0.000757     0.000655     0.000102 
    4.400000     0.000507     0.000621    -0.000114 
    4.500000    -0.001223     0.000590    -0.001813 
    4.600000     0.005484     0.000563     0.004921 
    4.700000     0.004692     0.000539     0.004153 
    4.800000     0.002827     0.000517     0.002310 
    4.900000     0.001690     0.000497     0.001193 
    5.000000     0.000787     0.000480     0.000307 
    5.100000     0.000238     0.000464    -0.000226 
    5.200000     0.001685     0.000450     0.001235 
    5.300000     0.002644     0.000437     0.002207 
    5.400000     0.001322     0.000426     0.000896 
    5.500000     0.000104     0.000416    -0.000312 
    5.600000    -0.001776     0.000407    -0.002183 
    5.700000     0.000340     0.000399    -0.000059 
    5.800000    -0.000488     0.000392    -0.000880 
    5.900000     0.001778     0.000385     0.001393 
    6.000000     0.001596     0.000379     0.001217 
    6.100000     0.003981     0.000374     0.003607 
    6.200000     0.003030     0.000370     0.002660 
    6.300000     0.001566     0.000365     0.001201 
    6.400000    -0.001057     0.000362    -0.001419 
    6.500000     0.001654     0.000358     0.001296 
    6.600000    -0.000371     0.000355    -0.000726 
    6.700000     0.001739     0.000353     0.001386 
    6.800000    -0.000408     0.000350    -0.000758 
    6.900000    -0.001940     0.000348    -0.002288 
    7.000000    -0.002580     0.000346    -0.002926 
    7.100000     0.000154     0.000345    -0.000191 
    7.200000    -0.001770     0.000343    -0.002113 
    7.300000    -0.000048     0.000342    -0.000390 
    7.400000    -0.002198     0.000340    -0.002538 
    7.500000     0.000384     0.000339     0.000045 
    7.600000     0.001915     0.000338     0.001577 
    7.700000     0.001520     0.000337     0.001183 
    7.800000     0.002807     0.000337     0.002470 
    7.900000     0.002572     0.000336     0.002236 
    8.000000    -0.001996     0.000335    -0.002331 
    8.100000    -0.002157     0.000335    -0.002492 
    8.200000    -0.002570     0.000334    -0.002904 
    8.300000    -0.000632     0.000334    -0.000966 
    8.400000     0.003182     0.000333     0.002849 
    8.500000     0.000759     0.000333     0.000426 
    8.600000     0.000216     0.000333    -0.000117 
    8.700000    -0.001453     0.000332    -0.001785 
    8.800000     0.003435     0.000332     0.003103 
    8.900000     0.003391     0.000332     0.003059 
    9.000000     0.003953     0.000332     0.003621 
    9.100000     0.001327     0.000331     0.000996 
    9.200000     0.001923     0.000331     0.001592 
    9.300000     0.002185     0.000331     0.001854 
    9.400000     0.003325     0.000331     0.002994 
    9.500000    -0.000610     0.000331    -0.000941 
    9.600000     0.001316     0.000331     0.000985 
    9.700000    -0.000659     0.000331    -0.000990 
    9.800000    -0.003115     0.000331    -0.003446 
    9.900000     0.006268     0.000331     0.005937 
   10.000000     0.000673     0.000330     0.000343 
   10.100000     0.003813     0.000330     0.003483 
   10.200000    -0.002594     0.000330    -0.002924 
   10.300000    -0.001537     0.000330    -0.001867 
   10.400000     0.002686     0.000330     0.002356 
   10.500000     0.003554     0.000330     0.003224 
   10.600000     0.000233     0.000330    -0.000097 
   10.700000    -0.002920     0.000330    -0.003250 
   10.800000     0.002545     0.000330     0.002215 
   10.900000     0.000503     0.000330     0.000173 
   11.000000     0.001826     0.000330     0.001496 
   11.100000    -0.003013     0.000330    -0.003343 
   11.200000    -0.001169     0.000330    -0.001499 
   11.300000     0.000765     0.000330     0.000435 
   11.400000     0.000803     0.000330     0.000473 
   11.500000    -0.004560     0.000330    -0.004890 
   11.600000    -0.003396     0.000330    -0.003726 
   11.700000    -0.004342     0.000330    -0.004672 
   11.800000    -0.005783     0.000330    -0.006113 
   11.900000    -0.004690     0.000330    -0.005020 
   12.000000    -0.002403     0.000330    -0.002733 
   12.100000    -0.002975     0.000330    -0.003305 
   12.200000    -0.002651     0.000330    -0.002981 
   12.300000    -0.002556     0.000330    -0.002886 
   12.400000     0.002616     0.000330     0.002286 
   12.500000    -0.000172     0.000330    -0.000502 
   12.600000    -0.003232     0.000330    -0.003562 
   12.700000    -0.003644     0.000330    -0.003974 
   12.800000    -0.000563     0.000330    -0.000893 
   12.900000    -0.000483     0.000330    -0.000813 
   13.000000     0.002482     0.000330     0.002152 
   13.100000    -0.001643     0.000330    -0.001973 
   13.200000    -0.003163     0.000330    -0.003493 
   13.300000     0.002591     0.000330     0.002261 
   13.400000    -0.002277     0.000330    -0.002607 
   13.500000    -0.002160     0.000330    -0.002490 
   13.600000     0.001937     0.000330     0.001607 
   13.700000     0.004149     0.000330     0.003819 
   13.800000     0.001496     0.000330     0.001166 
   13.900000     0.000736     0.000330     0.000406 
   14.000000    -0.001792     0.000330    -0.002122 
   14.100000     0.000796     0.000330     0.000466 
   14.200000     0.003619     0.000330     0.003289 
   14.300000     0.000911     0.000330     0.000581 
   14.400000    -0.001445     0.000330    -0.001775 
   14.500000     0.001211     0.000330     0.000881 
   14.600000     0.001725     0.000330     0.001395 
   14.700000    -0.000715     0.000330    -0.001045 
   14.800000    -0.002125     0.000330    -0.002455 
   14.900000     0.000016     0.000330    -0.000314 
   15.000000    -0.000809     0.000330    -0.001139 
   15.100000    -0.001263     0.000330    -0.001593 
   15.200000    -0.002556     0.000330    -0.002886 
   15.300000     0.000342     0.000330     0.000012 
   15.400000     0.002277     0.000330     0.001947 
   15.500000     0.001786     0.000330     0.001456 
   15.600000    -0.000721     0.000330    -0.001051 
   15.700000     0.003057     0.000330     0.002727 
   15.800000    -0.000404     0.000330    -0.000734 
   15.900000    -0.004024     0.000330    -0.004354 
   16.000000     0.000250     0.000330    -0.000080 
   16.100000    -0.003170     0.000330    -0.003500 
   16.200000    -0.003004     0.000330    -0.003334 
   16.300000     0.000152     0.000330    -0.000178 
   16.400000    -0.000568     0.000330    -0.000898 
   16.500000     0.000199     0.000330    -0.000131 
   16.600000     0.003428     0.000330     0.003098 
   16.700000    -0.000317     0.000330    -0.000647 
   16.800000     0.000838     0.000330     0.000508 
   16.900000    -0.002561     0.000330    -0.002891 
   17.000000    -0.001144     0.000330    -0.001474 
   17.100000     0.000172     0.000330    -0.000158 
   17.200000     0.003402     0.000330     0.003072 
   17.300000     0.001406     0.000330     0.001076 
   17.400000    -0.000556     0.000330    -0.000886 
   17.500000     0.003508     0.000330     0.003178 
   17.600000     0.004914     0.000330     0.004584 
   17.700000     0.002880     0.000330     0.002550 
   17.800000     0.002097     0.000330     0.001767 
   17.900000     0.001558     0.000330     0.001228 
   18.000000    -0.000205     0.000330    -0.000535 
   18.100000     0.002520     0.000330     0.002190 
   18.200000     0.003917     0.000330     0.003587 
   18.300000     0.002164     0.000330     0.001834 
   18.400000     0.004315     0.000330     0.003985 
   18.500000     0.001950     0.000330     0.001620 
   18.600000     0.001565     0.000330     0.001235 
   18.700000     0.004741     0.000330     0.004411 
   18.800000     0.004271     0.000330     0.003941 
   18.900000     0.003826     0.000330     0.003496 
   19.000000     0.001698     0.000330     0.001368 
   19.100000     0.001214     0.000330     0.000884 
   19.200000     0.000860     0.000330     0.000530 
   19.300000    -0.002993     0.000330    -0.003323 
   19.400000     0.001789     0.000330     0.001459 
   19.500000     0.001268     0.000330     0.000938 
   19.600000     0.001606     0.000330     0.001276 
   19.700000     0.000341     0.000330     0.000011 
   19.800000    -0.000153     0.000330    -0.000483 
   19.900000     0.002040     0.000330     0.001710 
   20.000000    -0.000618     0.000330    -0.000948 
   20.100000    -0.000325     0.000330    -0.000655 
   20.200000    -0.000938     0.000330    -0.001268 
   20.300000     0.002083     0.000330     0.001753 
   20.400000     0.002598     0.000330     0.002268 
   20.500000     0.004485     0.000330     0.004155 
   20.600000    -0.002607     0.000330    -0.002937 
   20.700000     0.000764     0.000330     0.000434 
   20.800000    -0.001611     0.000330    -0.001941 
   20.900000    -0.001513     0.000330    -0.001843 
   21.000000    -0.002633     0.000330    -0.002963 
   21.100000     0.004832     0.000330     0.004502 
   21.200000     0.003894     0.000330     0.003564 
   21.300000     0.002311     0.000330     0.001981 
   21.400000     0.003618     0.000330     0.003288 
   21.500000    -0.002953     0.000330    -0.003283 
   21.600000     0.002234     0.000330     0.001904 
   21.700000    -0.002193     0.000330    -0.002523 
   21.800000    -0.001318     0.000330    -0.001648 
   21.900000     0.000268     0.000330    -0.000062 
   22.000000    -0.001452     0.000330    -0.001782 
   22.100000     0.002520     0.000330     0.002190 
   22.200000     0.000460     0.000330     0.000130 
   22.300000     0.000665     0.000330     0.000335 
   22.400000     0.001298     0.000330     0.000968 
   22.500000    -0.000799     0.000330    -0.001129 
   22.600000     0.001768     0.000330     0.001438 
   22.700000    -0.000035     0.000330    -0.000365 
   22.800000     0.003780     0.000330     0.003450 
   22.900000     0.002076     0.000330     0.001746 
   23.000000    -0.002484     0.000330    -0.002814 
   23.100000    -0.003225     0.000330    -0.003555 
   23.200000    -0.001877     0.000330    -0.002207 
   23.300000    -0.004913     0.000330    -0.005243 
   23.400000    -0.002044     0.000330    -0.002374 
   23.500000    -0.001016     0.000330    -0.001346 
   23.600000    -0.004614     0.000330    -0.004944 
   23.700000    -0.002015     0.000330    -0.002345 
   23.800000     0.000396     0.000330     0.000066 
   23.900000    -0.002665     0.000330    -0.002995 
   24.000000    -0.003150     0.000330    -0.003480 
   24.100000    -0.002895     0.000330    -0.003225 
   24.200000     0.000552     0.000330     0.000222 
   24.300000    -0.002796     0.000330    -0.003126 
   24.400000    -0.003589     0.000330    -0.003919 
   24.500000    -0.000139     0.000330    -0.000469 
   24.600000     0.001419     0.000330     0.001089 
   24.700000    -0.000012     0.000330    -0.000342 
   24.800000    -0.002614     0.000330    -0.002944 
   24.900000    -0.001103     0.000330    -0.001433 
   25.000000     0.003811     0.000330     0.003481 
   25.100000     0.001010     0.000330     0.000680 
   25.200000     0.001842     0.000330     0.001512 
   25.300000     0.002701     0.000330     0.002371 
   25.400000    -0.001262     0.000330    -0.001592 
   25.500000     0.001018     0.000330     0.000688 
   25.600000    -0.001556     0.000330    -0.001886 
   25.700000    -0.004789     0.000330    -0.005119 
   25.800000    -0.003793     0.000330    -0.004123 
   25.900000    -0.002864     0.000330    -0.003194 
   26.000000    -0.003433     0.000330    -0.003763 
   26.100000     0.000260     0.000330    -0.000070 
   26.200000     0.003590     0.000330     0.003260 
   26.300000     0.001417     0.000330     0.001087 
   26.400000    -0.004081     0.000330    -0.004411 
   26.500000    -0.003574     0.000330    -0.003904 
   26.600000     0.001777     0.000330     0.001447 
   26.700000     0.000890     0.000330     0.000560 
   26.800000    -0.000782     0.000330    -0.001112 
   26.900000    -0.002198     0.000330    -0.002528 
   27.000000    -0.004445     0.000330    -0.004775 
   27.100000    -0.002946     0.000330    -0.003276 
   27.200000    -0.003217     0.000330    -0.003547 
   27.300000     0.001565     0.000330     0.001235 
   27.400000    -0.003602     0.000330    -0.003932 
   27.500000     0.000803     0.000330     0.000473 
   27.600000    -0.000361     0.000330    -0.000691 
   27.700000     0.002974     0.000330     0.002644 
   27.800000     0.000360     0.000330     0.000030 
   27.900000    -0.001518     0.000330    -0.001848 
   28.000000     0.002274     0.000330     0.001944 
   28.100000    -0.002724     0.000330    -0.003054 
   28.200000    -0.001052     0.000330    -0.001382 
   28.300000    -0.003059     0.000330    -0.003389 
   28.400000    -0.004488     0.000330    -0.004818 
   28.500000    -0.002494     0.000330    -0.002824 
   28.600000    -0.002668     0.000330    -0.002998 
   28.700000     0.000141     0.000330    -0.000189 
   28.800000     0.001637     0.000330     0.001307 
   28.900000     0.001598     0.000330     0.001268 
   29.000000     0.000720     0.000330     0.000390 
   29.100000     0.003814     0.000330     0.003484 
   29.200000     0.004809     0.000330     0.004479 
   29.300000     0.002865     0.000330     0.002535 
   29.400000     0.000319     0.000330    -0.000011 
   29.500000    -0.001078     0.000330    -0.001408 
   29.600000    -0.000054     0.000330    -0.000384 
   29.700000    -0.000919     0.000330    -0.001249 
   29.800000    -0.001642     0.000330    -0.001972 
   29.900000    -0.000968     0.000330    -0.001298 
   30.000000    -0.003150     0.000330    -0.003480 
   30.100000    -0.000176     0.000330    -0.000506 
   30.200000     0.003460     0.000330     0.003130 
   30.300000     0.002507     0.000330     0.002177 
   30.400000     0.000710     0.000330     0.000380 
   30.500000     0.000928     0.000330     0.000598 
   30.600000    -0.002179     0.000330    -0.002509 
   30.700000     0.000687     0.000330     0.000357 
   30.800000    -0.004151     0.000330    -0.004481 
   30.900000    -0.000309     0.000330    -0.000639 
   31.000000     0.002025     0.000330     0.001695 
   31.100000     0.004919     0.000330     0.004589 
   31.200000    -0.000320     0.000330    -0.000650 
   31.300000     0.002300     0.000330     0.001970 
   31.400000     0.008257     0.000330     0.007927 
   31.500000    -0.000035     0.000330    -0.000365 
   31.600000    -0.002341     0.000330    -0.002671 
   31.700000    -0.001834     0.000330    -0.002164 
   31.800000    -0.000628     0.000330    -0.000958 
   31.900000     0.002043     0.000330     0.001713 
   32.000000     0.001783     0.000330     0.001453 
   32.100000     0.002257     0.000330     0.001927 
   32.200000    -0.000540     0.000330    -0.000870 
   32.300000    -0.001425     0.000330    -0.001755 
   32.400000    -0.001763     0.000330    -0.002093 
   32.500000    -0.001559     0.000330    -0.001889 
   32.600000    -0.000744     0.000330    -0.001074 
   32.700000     0.003523     0.000330     0.003193 
   32.800000     0.002685     0.000330     0.002355 
   32.900000     0.000323     0.000330    -0.000007 
   33.000000     0.004311     0.000330     0.003981 
   33.100000    -0.000904     0.000330    -0.001234 
   33.200000    -0.000625     0.000330    -0.000955 
   33.300000     0.001012     0.000330     0.000682 
   33.400000     0.000340     0.000330     0.000010 
   33.500000    -0.004610     0.000330    -0.004940 
   33.600000     0.007722     0.000330     0.007392 
   33.700000     0.006253     0.000330     0.005923 
   33.800000     0.003794     0.000330     0.003464 
   33.900000     0.002778     0.000330     0.002448 
   34.000000     0.000955     0.000330     0.000625 
   34.100000     0.002229     0.000330     0.001899 
   34.200000     0.003386     0.000330     0.003056 
   34.300000     0.001574     0.000330     0.001244 
   34.400000    -0.000297     0.000330    -0.000627 
   34.500000    -0.000131     0.000330    -0.000461 
   34.600000     0.004300     0.000330     0.003970 
   34.700000     0.005962     0.000330     0.005632 
   34.800000     0.002138     0.000330     0.001808 
   34.900000     0.001958     0.000330     0.001628 
   35.000000     0.003866     0.000330     0.003536 
   35.100000     0.004874     0.000330     0.004544 
   35.200000     0.000063     0.000330    -0.000267 
   35.300000    -0.000424     0.000330    -0.000754 
   35.400000     0.004994     0.000330     0.004664 
   35.500000     0.003623     0.000330     0.003293 
   35.600000     0.001675     0.000330     0.001345 
   35.700000    -0.002190     0.000330    -0.002520 
   35.800000    -0.000064     0.000330    -0.000394 
   35.900000     0.002110     0.000330     0.001780 
   36.000000    -0.000079     0.000330    -0.000409 
   36.100000     0.001671     0.000330     0.001341 
   36.200000    -0.000472     0.000330    -0.000802 
   36.300000    -0.001660     0.000330    -0.001990 
   36.400000     0.000155     0.000330    -0.000175 
   36.500000    -0.000461     0.000330    -0.000791 
   36.600000    -0.001589     0.000330    -0.001919 
   36.700000     0.000022     0.000330    -0.000308 
   36.800000    -0.000895     0.000330    -0.001225 
   36.900000    -0.002652     0.000330    -0.002982 
   37.000000    -0.004021     0.000330    -0.004351 
   37.100000    -0.002733     0.000330    -0.003063 
   37.200000     0.002314     0.000330     0.001984 
   37.300000     0.000108     0.000330    -0.000222 
   37.400000    -0.001574     0.000330    -0.001904 
   37.500000     0.000610     0.000330     0.000280 
   37.600000    -0.001198     0.000330    -0.001528 
   37.700000    -0.001272     0.000330    -0.001602 
   37.800000    -0.000840     0.000330    -0.001170 
   37.900000    -0.003834     0.000330    -0.004164 
   38.000000    -0.002299     0.000330    -0.002629 
   38.100000    -0.001575     0.000330    -0.001905 
   38.200000     0.000741     0.000330     0.000411 
   38.300000    -0.002653     0.000330    -0.002983 
   38.400000    -0.002587     0.000330    -0.002917 
   38.500000     0.000284     0.000330    -0.000046 
   38.600000    -0.002775     0.000330    -0.003105 
   38.700000     0.003278     0.000330     0.002948 
   38.800000    -0.002640     0.000330    -0.002970 
   38.900000    -0.000588     0.000330    -0.000918 
   39.000000     0.002784     0.000330     0.002454 
   39.100000    -0.003411     0.000330    -0.003741 
   39.200000    -0.004066     0.000330    -0.004396 
   39.300000    -0.001989     0.000330    -0.002319 
   39.400000     0.002548     0.000330     0.002218 
   39.500000     0.003449     0.000330     0.003119 
   39.600000     0.002071     0.000330     0.001741 
   39.700000     0.001555     0.000330     0.001225 
   39.800000     0.005812     0.000330     0.005482 
   39.900000    -0.001559     0.000330    -0.001889 
   40.000000     0.001056     0.000330     0.000726 
   40.100000     0.003401     0.000330     0.003071 
   40.200000     0.003610     0.000330     0.003280 
   40.300000     0.000505     0.000330     0.000175 
   40.400000    -0.000409     0.000330    -0.000739 
   40.500000     0.000575     0.000330     0.000245 
   40.600000     0.004379     0.000330     0.004049 
   40.700000     0.005304     0.000330     0.004974 
   40.800000    -0.000696     0.000330    -0.001026 
   40.900000    -0.000309     0.000330    -0.000639 
   41.000000    -0.002969     0.000330    -0.003299 
   41.100000    -0.003600     0.000330    -0.003930 
   41.200000     0.000628     0.000330     0.000298 
   41.300000     0.001431     0.000330     0.001101 
   41.400000     0.000142     0.000330    -0.000188 
   41.500000     0.002158     0.000330     0.001828 
   41.600000    -0.007776     0.000330    -0.008106 
   41.700000    -0.004261     0.000330    -0.004591 
   41.800000    -0.003561     0.000330    -0.003891 
   41.900000    -0.002720     0.000330    -0.003050 
   42.000000    -0.000709     0.000330    -0.001039 
   42.100000    -0.003875     0.000330    -0.004205 
   42.200000    -0.002984     0.000330    -0.003314 
   42.300000     0.000737     0.000330     0.000407 
   42.400000    -0.002695     0.000330    -0.003025 
   42.500000     0.001026     0.000330     0.000696 
   42.600000    -0.000272     0.000330    -0.000602 
   42.700000    -0.002658     0.000330    -0.002988 
   42.800000     0.001320     0.000330     0.000990 
   42.900000     0.002778     0.000330     0.002448 
   43.000000     0.008257     0.000330     0.007927 
   43.100000     0.005204     0.000330     0.004874 
   43.200000    -0.004897     0.000330    -0.005227 
   43.300000    -0.002587     0.000330    -0.002917 
   43.400000     0.001472     0.000330     0.001142 
   43.500000    -0.001152     0.000330    -0.001482 
   43.600000     0.002574     0.000330     0.002244 
   43.700000     0.003290     0.000330     0.002960 
   43.800000     0.002653     0.000330     0.002323 
   43.900000    -0.003309     0.000330    -0.003639 
   44.000000     0.001507     0.000330     0.001177 
   44.100000    -0.000844     0.000330    -0.001174 
   44.200000     0.002704     0.000330     0.002374 
   44.300000     0.001957     0.000330     0.001627 
   44.400000    -0.001555     0.000330    -0.001885 
   44.500000     0.001591     0.000330     0.001261 
   44.600000    -0.001354     0.000330    -0.001684 
   44.700000    -0.000311     0.000330    -0.000641 
   44.800000     0.002719     0.000330     0.002389 
   44.900000     0.007675     0.000330     0.007345 
   45.000000     0.001466     0.000330     0.001136 
   45.100000     0.002452     0.000330     0.002122 
   45.200000    -0.000933     0.000330    -0.001263 
   45.300000     0.001789     0.000330     0.001459 
   45.400000     0.002713     0.000330     0.002383 
   45.500000    -0.001138     0.000330    -0.001468 
   45.600000    -0.002749     0.000330    -0.003079 
   45.700000    -0.001524     0.000330    -0.001854 
   45.800000     0.001966     0.000330     0.001636 
   45.900000     0.000234     0.000330    -0.000096 
   46.000000     0.002604     0.000330     0.002274 
   46.100000     0.002946     0.000330     0.002616 
   46.200000    -0.001358     0.000330    -0.001688 
   46.300000    -0.002221     0.000330    -0.002551 
   46.400000     0.001581     0.000330     0.001251 
   46.500000    -0.001308     0.000330    -0.001638 
   46.600000    -0.001165     0.000330    -0.001495 
   46.700000    -0.000079     0.000330    -0.000409 
   46.800000    -0.000590     0.000330    -0.000920 
   46.900000     0.000067     0.000330    -0.000263 
   47.000000     0.000112     0.000330    -0.000218 
   47.100000     0.004981     0.000330     0.004651 
   47.200000     0.003603     0.000330     0.003273 
   47.300000     0.002866     0.000330     0.002536 
   47.400000    -0.000523     0.000330    -0.000853 
   47.500000     0.006003     0.000330     0.005673 
   47.600000    -0.000285     0.000330    -0.000615 
   47.700000    -0.001347     0.000330    -0.001677 
   47.800000    -0.000201     0.000330    -0.000531 
   47.900000     0.000686     0.000330     0.000356 
   48.000000     0.000805     0.000330     0.000475 
   48.100000    -0.002514     0.000330    -0.002844 
   48.200000    -0.002475     0.000330    -0.002805 
   48.300000    -0.001373     0.000330    -0.001703 
   48.400000    -0.000871     0.000330    -0.001201 
   48.500000    -0.007514     0.000330    -0.007844 
   48.600000    -0.005660     0.000330    -0.005990 
   48.700000     0.001411     0.000330     0.001081 
   48.800000     0.000009     0.000330    -0.000321 
   48.900000    -0.002977     0.000330    -0.003307 
   49.000000     0.001452     0.000330     0.001122 
   49.100000    -0.000508     0.000330    -0.000838 
   49.200000    -0.001635     0.000330    -0.001965 
   49.300000     0.002615     0.000330     0.002285 
   49.400000     0.007658     0.000330     0.007328 
   49.500000     0.006019     0.000330     0.005689 
   49.600000     0.007156     0.000330     0.006826 
   49.700000     0.001049     0.000330     0.000719 
   49.800000     0.001138     0.000330     0.000808 
   49.900000    -0.002480     0.000330    -0.002810 
   50.000000     0.002684     0.000330     0.002354 
   50.100000     0.002149     0.000330     0.001819 
   50.200000     0.007114     0.000330     0.006784 
   50.300000     0.001350     0.000330     0.001020 
   50.400000     0.001980     0.000330     0.001650 
   50.500000     0.001386     0.000330     0.001056 
   50.600000     0.000662     0.000330     0.000332 
   50.700000     0.002469     0.000330     0.002139 
   50.800000     0.003188     0.000330     0.002858 
   50.900000    -0.003258     0.000330    -0.003588 
   51.000000    -0.000506     0.000330    -0.000836 
   51.100000     0.000329     0.000330    -0.000001 
   51.200000    -0.002463     0.000330    -0.002793 
   51.300000     0.000186     0.000330    -0.000144 
   51.400000     0.001554     0.000330     0.001224 
   51.500000    -0.000620     0.000330    -0.000950 
   51.600000    -0.002191     0.000330    -0.002521 
   51.700000     0.000944     0.000330     0.000614 
   51.800000     0.003571     0.000330     0.003241 
   51.900000     0.002127     0.000330     0.001797 
   52.000000     0.000457     0.000330     0.000127 
   52.100000     0.004884     0.000330     0.004554 
   52.200000     0.003691     0.000330     0.003361 
   52.300000     0.001162     0.000330     0.000832 
   52.400000     0.000993     0.000330     0.000663 
   52.500000     0.002266     0.000330     0.001936 
   52.600000    -0.000793     0.000330    -0.001123 
   52.700000    -0.000512     0.000330    -0.000842 
   52.800000     0.001350     0.000330     0.001020 
   52.900000     0.003317     0.000330     0.002987 
   53.000000    -0.001749     0.000330    -0.002079 
   53.100000    -0.002681     0.000330    -0.003011 
   53.200000    -0.006314     0.000330    -0.006644 
   53.300000    -0.008296     0.000330    -0.008626 
   53.400000    -0.001533     0.000330    -0.001863 
   53.500000     0.000418     0.000330     0.000088 
   53.600000     0.002137     0.000330     0.001807 
   53.700000    -0.000222     0.000330    -0.000552 
   53.800000     0.003139     0.000330     0.002809 
   53.900000     0.000255     0.000330    -0.000075 
   54.000000     0.006443     0.000330     0.006113 
   54.100000    -0.000347     0.000330    -0.000677 
   54.200000    -0.006813     0.000330    -0.007143 
   54.300000    -0.000479     0.000330    -0.000809 
   54.400000    -0.004123     0.000330    -0.004453 
   54.500000    -0.000139     0.000330    -0.000469 
   54.600000     0.003205     0.000330     0.002875 
   54.700000    -0.004173     0.000330    -0.004503 
   54.800000    -0.001035     0.000330    -0.001365 
   54.900000     0.000389     0.000330     0.000059 
   55.000000    -0.000928     0.000330    -0.001258 
   55.100000     0.003481     0.000330     0.003151 
   55.200000     0.002298     0.000330     0.001968 
   55.300000    -0.000870     0.000330    -0.001200 
   55.400000    -0.001534     0.000330    -0.001864 
   55.500000     0.000325     0.000330    -0.000005 
   55.600000    -0.005172     0.000330    -0.005502 
   55.700000    -0.006303     0.000330    -0.006633 
   55.800000    -0.004938     0.000330    -0.005268 
   55.900000    -0.003387     0.000330    -0.003717 
   56.000000    -0.002736     0.000330    -0.003066 
   56.100000    -0.004911     0.000330    -0.005241 
   56.200000    -0.005739     0.000330    -0.006069 
   56.300000    -0.001841     0.000330    -0.002171 
   56.400000     0.001480     0.000330     0.001150 
   56.500000     0.002814     0.000330     0.002484 
   56.600000    -0.000882     0.000330    -0.001212 
   56.700000     0.003142     0.000330     0.002812 
   56.800000    -0.000279     0.000330    -0.000609 
   56.900000     0.003500     0.000330     0.003170 
   57.000000    -0.003911     0.000330    -0.004241 
   57.100000    -0.002455     0.000330    -0.002785 
   57.200000    -0.000278     0.000330    -0.000608 
   57.300000     0.001729     0.000330     0.001399 
   57.400000     0.003671     0.000330     0.003341 
   57.500000     0.005222     0.000330     0.004892 
   57.600000     0.001952     0.000330     0.001622 
   57.700000    -0.000185     0.000330    -0.000515 
   57.800000    -0.000278     0.000330    -0.000608 
   57.900000     0.003425     0.000330     0.003095 
   58.000000     0.002280     0.000330     0.001950 
   58.100000     0.001904     0.000330     0.001574 
   58.200000     0.001303     0.000330     0.000973 
   58.300000     0.004906     0.000330     0.004576 
   58.400000     0.004642     0.000330     0.004312 
   58.500000     0.000317     0.000330    -0.000013 
   58.600000     0.000808     0.000330     0.000478 
   58.700000     0.000381     0.000330     0.000051 
   58.800000     0.003462     0.000330     0.003132 
   58.900000     0.004609     0.000330     0.004279 
   59.000000     0.008803     0.000330     0.008473 
   59.100000     0.006966     0.000330     0.006636 
   59.200000     0.003004     0.000330     0.002674 
   59.300000     0.006035     0.000330     0.005705 
   59.400000     0.005760     0.000330     0.005430 
   59.500000     0.003868     0.000330     0.003538 
   59.600000     0.001367     0.000330     0.001037 
   59.700000     0.004395     0.000330     0.004065 
   59.800000     0.006784     0.000330     0.006454 
   59.900000     0.006029     0.000330     0.005699 
   60.000000     0.005382     0.000330     0.005052 
   60.100000     0.001646     0.000330     0.001316 
   60.200000     0.005267     0.000330     0.004937 
   60.300000    -0.000193     0.000330    -0.000523 
   60.400000     0.001135     0.000330     0.000805 
   60.500000     0.004946     0.000330     0.004616 
   60.600000     0.004526     0.000330     0.004196 
   60.700000     0.003673     0.000330     0.003343 
   60.800000     0.003767     0.000330     0.003437 
   60.900000     0.003918     0.000330     0.003588 
   61.000000     0.003540     0.000330     0.003210 
   61.100000    -0.002304     0.000330    -0.002634 
   61.200000    -0.000712     0.000330    -0.001042 
   61.300000    -0.002619     0.000330    -0.002949 
   61.400000    -0.002113     0.000330    -0.002443 
   61.500000    -0.003969     0.000330    -0.004299 
   61.600000    -0.004614     0.000330    -0.004944 
   61.700000     0.002701     0.000330     0.002371 
   61.800000     0.003075     0.000330     0.002745 
   61.900000    -0.005429     0.000330    -0.005759 
   62.000000    -0.004136     0.000330    -0.004466 
   62.100000    -0.004860     0.000330    -0.005190 
   62.200000    -0.004278     0.000330    -0.004608 
   62.300000    -0.002136     0.000330    -0.002466 
   62.400000    -0.005127     0.000330    -0.005457 
   62.500000    -0.002423     0.000330    -0.002753 
   62.600000    -0.003289     0.000330    -0.003619 
   62.700000    -0.004856     0.000330    -0.005186 
   62.800000    -0.000763     0.000330    -0.001093 
   62.900000    -0.000849     0.000330    -0.001179 
   63.000000     0.000049     0.000330    -0.000281 
   63.100000     0.001682     0.000330     0.001352 
   63.200000     0.001624     0.000330     0.001294 
   63.300000    -0.001107     0.000330    -0.001437 
   63.400000     0.000075     0.000330    -0.000255 
   63.500000    -0.000935     0.000330    -0.001265 
   63.600000     0.000087     0.000330    -0.000243 
   63.700000    -0.001880     0.000330    -0.002210 
   63.800000     0.002938     0.000330     0.002608 
   63.900000     0.000273     0.000330    -0.000057 
   64.000000    -0.001691     0.000330    -0.002021 
   64.100000    -0.000475     0.000330    -0.000805 
   64.200000    -0.002423     0.000330    -0.002753 
   64.300000    -0.000735     0.000330    -0.001065 
   64.400000     0.001075     0.000330     0.000745 
   64.500000     0.006585     0.000330     0.006255 
   64.600000     0.002278     0.000330     0.001948 
   64.700000     0.008295     0.000330     0.007965 
   64.800000    -0.000610     0.000330    -0.000940 
   64.900000    -0.002143     0.000330    -0.002473 
   65.000000    -0.001651     0.000330    -0.001981 
   65.100000     0.004443     0.000330     0.004113 
   65.200000     0.000333     0.000330     0.000003 
   65.300000     0.002409     0.000330     0.002079 
   65.400000     0.004551     0.000330     0.004221 
   65.500000     0.000119     0.000330    -0.000211 
   65.600000     0.003102     0.000330     0.002772 
   65.700000     0.003925     0.000330     0.003595 
   65.800000     0.007411     0.000330     0.007081 
   65.900000     0.005009     0.000330     0.004679 
   66.000000    -0.001117     0.000330    -0.001447 
   66.100000    -0.002399     0.000330    -0.002729 
   66.200000    -0.002208     0.000330    -0.002538 
   66.300000     0.000129     0.000330    -0.000201 
   66.400000     0.001039     0.000330     0.000709 
   66.500000     0.005571     0.000330     0.005241 
   66.600000    -0.000994     0.000330    -0.001324 
   66.700000    -0.000723     0.000330    -0.001053 
   66.800000     0.000566     0.000330     0.000236 
   66.900000     0.004467     0.000330     0.004137 
   67.000000     0.001697     0.000330     0.001367 
   67.100000     0.003483     0.000330     0.003153 
   67.200000     0.000397     0.000330     0.000067 
   67.300000    -0.001360     0.000330    -0.001690 
   67.400000    -0.005042     0.000330    -0.005372 
   67.500000     0.002366     0.000330     0.002036 
   67.600000     0.005395     0.000330     0.005065 
   67.700000     0.004693     0.000330     0.004363 
   67.800000     0.000057     0.000330    -0.000273 
   67.900000    -0.005955     0.000330    -0.006285 
   68.000000    -0.000912     0.000330    -0.001242 
   68.100000     0.000130     0.000330    -0.000200 
   68.200000    -0.001549     0.000330    -0.001879 
   68.300000    -0.000735     0.000330    -0.001065 
   68.400000     0.005110     0.000330     0.004780 
   68.500000     0.001420     0.000330     0.001090 
   68.600000    -0.000909     0.000330    -0.001239 
   68.700000     0.000466     0.000330     0.000136 
   68.800000    -0.002166     0.000330    -0.002496 
   68.900000    -0.006796     0.000330    -0.007126 
   69.000000    -0.001495     0.000330    -0.001825 
   69.100000     0.003975     0.000330     0.003645 
   69.200000     0.000847     0.000330     0.000517 
   69.300000     0.000116     0.000330    -0.000214 
   69.400000    -0.001893     0.000330    -0.002223 
   69.500000     0.003113     0.000330     0.002783 
   69.600000     0.001530     0.000330     0.001200 
   69.700000    -0.003998     0.000330    -0.004328 
   69.800000    -0.004126     0.000330    -0.004456 
   69.900000     0.000528     0.000330     0.000198 
   70.000000     0.002000     0.000330     0.001670 
   70.100000    -0.000228     0.000330    -0.000558 
   70.200000     0.000657     0.000330     0.000327 
   70.300000     0.002377     0.000330     0.002047 
   70.400000     0.000952     0.000330     0.000622 
   70.500000     0.001815     0.000330     0.001485 
   70.600000     0.001490     0.000330     0.001160 
   70.700000     0.002746     0.000330     0.002416 
   70.800000    -0.001255     0.000330    -0.001585 
   70.900000    -0.000949     0.000330    -0.001279 
   71.000000    -0.001190     0.000330    -0.001520 
   71.100000    -0.002437     0.000330    -0.002767 
   71.200000    -0.006748     0.000330    -0.007078 
   71.300000    -0.013321     0.000330    -0.013651 
   71.400000    -0.002818     0.000330    -0.003148 
   71.500000    -0.003288     0.000330    -0.003618 
   71.600000    -0.002651     0.000330    -0.002981 
   71.700000    -0.002986     0.000330    -0.003316 
   71.800000    -0.002938     0.000330    -0.003268 
   71.900000    -0.004845     0.000330    -0.005175 
   72.000000    -0.004478     0.000330    -0.004808 
   72.100000    -0.004671     0.000330    -0.005001 
   72.200000    -0.001087     0.000330    -0.001417 
   72.300000    -0.004343     0.000330    -0.004673 
   72.400000    -0.004724     0.000330    -0.005054 
   72.500000    -0.002351     0.000330    -0.002681 
   72.600000    -0.005446     0.000330    -0.005776 
   72.700000    -0.004757     0.000330    -0.005087 
   72.800000    -0.010449     0.000330    -0.010779 
   72.900000    -0.005886     0.000330    -0.006216 
   73.000000    -0.001896     0.000330    -0.002226 
   73.100000    -0.009171     0.000330    -0.009501 
   73.200000     0.001347     0.000330     0.001017 
   73.300000     0.002542     0.000330     0.002212 
   73.400000     0.000467     0.000330     0.000137 
   73.500000    -0.002642     0.000330    -0.002972 
   73.600000    -0.005619     0.000330    -0.005949 
   73.700000    -0.000150     0.000330    -0.000480 
   73.800000    -0.004204     0.000330    -0.004534 
   73.900000     0.002462     0.000330     0.002132 
   74.000000     0.003142     0.000330     0.002812 
   74.100000    -0.000193     0.000330    -0.000523 
   74.200000     0.000777     0.000330     0.000447 
   74.300000    -0.001113     0.000330    -0.001443 
   74.400000     0.002329     0.000330     0.001999 
   74.500000    -0.001597     0.000330    -0.001927 
   74.600000    -0.003735     0.000330    -0.004065 
   74.700000    -0.002724     0.000330    -0.003054 
   74.800000    -0.000353     0.000330    -0.000683 
   74.900000     0.001946     0.000330     0.001616 
   75.000000     0.000874     0.000330     0.000544 
   75.100000    -0.005082     0.000330    -0.005412 
   75.200000    -0.001977     0.000330    -0.002307 
   75.300000     0.004215     0.000330     0.003885 
   75.400000    -0.002977     0.000330    -0.003307 
   75.500000    -0.003252     0.000330    -0.003582 
   75.600000    -0.000203     0.000330    -0.000533 
   75.700000    -0.002336     0.000330    -0.002666 
   75.800000     0.000851     0.000330     0.000521 
   75.900000     0.001687     0.000330     0.001357 
   76.000000     0.003119     0.000330     0.002789 
   76.100000     0.000364     0.000330     0.000034 
   76.200000    -0.002304     0.000330    -0.002634 
   76.300000     0.002317     0.000330     0.001987 
   76.400000     0.003319     0.000330     0.002989 
   76.500000    -0.000956     0.000330    -0.001286 
   76.600000     0.000680     0.000330     0.000350 
   76.700000     0.000051     0.000330    -0.000279 
   76.800000     0.000805     0.000330     0.000475 
   76.900000    -0.002045     0.000330    -0.002375 
   77.000000     0.006061     0.000330     0.005731 
   77.100000     0.005983     0.000330     0.005653 
   77.200000     0.002308     0.000330     0.001978 
   77.300000    -0.004190     0.000330    -0.004520 
   77.400000    -0.005371     0.000330    -0.005701 
   77.500000     0.002931     0.000330     0.002601 
   77.600000     0.002545     0.000330     0.002215 
   77.700000     0.002095     0.000330     0.001765 
   77.800000    -0.000337     0.000330    -0.000667 
   77.900000     0.000656     0.000330     0.000326 
   78.000000     0.004458     0.000330     0.004128 
   78.100000     0.004170     0.000330     0.003840 
   78.200000    -0.001246     0.000330    -0.001576 
   78.300000    -0.005215     0.000330    -0.005545 
   78.400000    -0.003869     0.000330    -0.004199 
   78.500000     0.003185     0.000330     0.002855 
   78.600000    -0.000902     0.000330    -0.001232 
   78.700000    -0.002661     0.000330    -0.002991 
   78.800000    -0.004419     0.000330    -0.004749 
   78.900000     0.001213     0.000330     0.000883 
   79.000000    -0.002109     0.000330    -0.002439 
   79.100000     0.001290     0.000330     0.000960 
   79.200000     0.000269     0.000330    -0.000061 
   79.300000    -0.003555     0.000330    -0.003885 
   79.400000    -0.003413     0.000330    -0.003743 
   79.500000     0.001430     0.000330     0.001100 
   79.600000    -0.005260     0.000330    -0.005590 
   79.700000    -0.006650     0.000330    -0.006980 
   79.800000    -0.000021     0.000330    -0.000351 
   79.900000    -0.001610     0.000330    -0.001940 
   80.000000     0.002641     0.000330     0.002311 
   80.100000     0.000239     0.000330    -0.000091 
   80.200000     0.001492     0.000330     0.001162 
   80.300000     0.005662     0.000330     0.005332 
   80.400000     0.002983     0.000330     0.002653 
   80.500000     0.001807     0.000330     0.001477 
   80.600000    -0.008155     0.000330    -0.008485 
   80.700000    -0.004778     0.000330    -0.005108 
   80.800000    -0.004360     0.000330    -0.004690 
   80.900000     0.000203     0.000330    -0.000127 
   81.000000     0.003387     0.000330     0.003057 
   81.100000     0.000675     0.000330     0.000345 
   81.200000     0.002097     0.000330     0.001767 
   81.300000     0.003323     0.000330     0.002993 
   81.400000     0.009739     0.000330     0.009409 
   81.500000     0.002504     0.000330     0.002174 
   81.600000     0.001128     0.000330     0.000798 
   81.700000     0.005649     0.000330     0.005319 
   81.800000     0.008778     0.000330     0.008448 
   81.900000    -0.001390     0.000330    -0.001720 
   82.000000     0.005017     0.000330     0.004687 
   82.100000     0.001122     0.000330     0.000792 
   82.200000     0.006494     0.000330     0.006164 
   82.300000     0.008348     0.000330     0.008018 
   82.400000     0.002823     0.000330     0.002493 
   82.500000     0.006908     0.000330     0.006578 
   82.600000     0.003119     0.000330     0.002789 
   82.700000     0.001227     0.000330     0.000897 
   82.800000     0.001024     0.000330     0.000694 
   82.900000     0.004450     0.000330     0.004120 
   83.000000     0.006984     0.000330     0.006654 
   83.100000     0.002718     0.000330     0.002388 
   83.200000     0.001155     0.000330     0.000825 
   83.300000     0.001782     0.000330     0.001452 
   83.400000     0.006853     0.000330     0.006523 
   83.500000     0.001699     0.000330     0.001369 
   83.600000     0.007391     0.000330     0.007061 
   83.700000     0.003461     0.000330     0.003131 
   83.800000     0.007069     0.000330     0.006739 
   83.900000     0.001803     0.000330     0.001473 
   84.000000     0.002203     0.000330     0.001873 
   84.100000     0.006349     0.000330     0.006019 
   84.200000     0.006705     0.000330     0.006375 
   84.300000     0.010152     0.000330     0.009822 
   84.400000     0.000920     0.000330     0.000590 
   84.500000     0.002998     0.000330     0.002668 
   84.600000     0.005437     0.000330     0.005107 
   84.700000     0.008389     0.000330     0.008059 
   84.800000     0.008211     0.000330     0.007881 
   84.900000     0.008229     0.000330     0.007899 
   85.000000     0.002194     0.000330     0.001864 
   85.100000    -0.002117     0.000330    -0.002447 
   85.200000    -0.002152     0.000330    -0.002482 
   85.300000     0.003745     0.000330     0.003415 
   85.400000    -0.003074     0.000330    -0.003404 
   85.500000     0.000981     0.000330     0.000651 
   85.600000     0.001515     0.000330     0.001185 
   85.700000     0.001617     0.000330     0.001287 
   85.800000     0.003905     0.000330     0.003575 
   85.900000     0.002375     0.000330     0.002045 
   86.000000    -0.001574     0.000330    -0.001904 
   86.100000     0.005911     0.000330     0.005581 
   86.200000     0.006465     0.000330     0.006135 
   86.300000    -0.001963     0.000330    -0.002293 
   86.400000    -0.008749     0.000330    -0.009079 
   86.500000    -0.000927     0.000330    -0.001257 
   86.600000    -0.004268     0.000330    -0.004598 
   86.700000     0.001832     0.000330     0.001502 
   86.800000     0.003118     0.000330     0.002788 
   86.900000    -0.003688     0.000330    -0.004018 
   87.000000    -0.005870     0.000330    -0.006200 
   87.100000    -0.000671     0.000330    -0.001001 
   87.200000    -0.000906     0.000330    -0.001236 
   87.300000    -0.003538     0.000330    -0.003868 
   87.400000    -0.000476     0.000330    -0.000806 
   87.500000    -0.003567     0.000330    -0.003897 
   87.600000    -0.004107     0.000330    -0.004437 
   87.700000     0.000183     0.000330    -0.000147 
   87.800000     0.000648     0.000330     0.000318 
   87.900000    -0.003772     0.000330    -0.004102 
   88.000000    -0.003915     0.000330    -0.004245 
   88.100000     0.000252     0.000330    -0.000078 
   88.200000     0.003411     0.000330     0.003081 
   88.300000     0.006193     0.000330     0.005863 
   88.400000     0.000277     0.000330    -0.000053 
   88.500000    -0.002089     0.000330    -0.002419 
   88.600000    -0.004344     0.000330    -0.004674 
   88.700000    -0.001383     0.000330    -0.001713 
   88.800000     0.000037     0.000330    -0.000293 
   88.900000     0.001390     0.000330     0.001060 
   89.000000    -0.002987     0.000330    -0.003317 
   89.100000     0.002452     0.000330     0.002122 
   89.200000    -0.001357     0.000330    -0.001687 
   89.300000    -0.001079     0.000330    -0.001409 
   89.400000     0.002383     0.000330     0.002053 
   89.500000     0.007725     0.000330     0.007395 
   89.600000     0.004059     0.000330     0.003729 
   89.700000     0.000131     0.000330    -0.000199 
   89.800000    -0.004522     0.000330    -0.004852 
   89.900000    -0.001658     0.000330    -0.001988 
   90.000000     0.003880     0.000330     0.003550 
   90.100000     0.003376     0.000330     0.003046 
   90.200000     0.005406     0.000330     0.005076 
   90.300000    -0.001693     0.000330    -0.002023 
   90.400000     0.004355     0.000330     0.004025 
   90.500000    -0.000843     0.000330    -0.001173 
   90.600000    -0.005332     0.000330    -0.005662 
   90.700000     0.002633     0.000330     0.002303 
   90.800000    -0.002295     0.000330    -0.002625 
   90.900000     0.002295     0.000330     0.001965 
   91.000000     0.000516     0.000330     0.000186 
   91.100000    -0.002876     0.000330    -0.003206 
   91.200000     0.008380     0.000330     0.008050 
   91.300000     0.002756     0.000330     0.002426 
   91.400000     0.005137     0.000330     0.004807 
   91.500000    -0.000198     0.000330    -0.000528 
   91.600000    -0.005724     0.000330    -0.006054 
   91.700000    -0.000133     0.000330    -0.000463 
   91.800000     0.002841     0.000330     0.002511 
   91.900000     0.009667     0.000330     0.009337 
   92.000000     0.002198     0.000330     0.001868 
   92.100000     0.003691     0.000330     0.003361 
   92.200000     0.000485     0.000330     0.000155 
   92.300000     0.001015     0.000330     0.000685 
   92.400000    -0.003343     0.000330    -0.003673 
   92.500000     0.004769     0.000330     0.004439 
   92.600000     0.005208     0.000330     0.004878 
   92.700000     0.004238     0.000330     0.003908 
   92.800000     0.006301     0.000330     0.005971 
   92.900000     0.002810     0.000330     0.002480 
   93.000000    -0.003861     0.000330    -0.004191 
   93.100000    -0.010279     0.000330    -0.010609 
   93.200000    -0.005379     0.000330    -0.005709 
   93.300000     0.003151     0.000330     0.002821 
   93.400000     0.007308     0.000330     0.006978 
   93.500000     0.000898     0.000330     0.000568 
   93.600000     0.003161     0.000330     0.002831 
   93.700000     0.003781     0.000330     0.003451 
   93.800000     0.001904     0.000330     0.001574 
   93.900000     0.005933     0.000330     0.005603 
   94.000000     0.003076     0.000330     0.002746 
   94.100000     0.005553     0.000330     0.005223 
   94.200000     0.007935     0.000330     0.007605 
   94.300000     0.010008     0.000330     0.009678 
   94.400000    -0.001375     0.000330    -0.001705 
   94.500000    -0.001334     0.000330    -0.001664 
   94.600000    -0.001833     0.000330    -0.002163 
   94.700000     0.001883     0.000330     0.001553 
   94.800000     0.000190     0.000330    -0.000140 
   94.900000    -0.003990     0.000330    -0.004320 
   95.000000    -0.002462     0.000330    -0.002792 
   95.100000    -0.002707     0.000330    -0.003037 
   95.200000    -0.004837     0.000330    -0.005167 
   95.300000    -0.007823     0.000330    -0.008153 
   95.400000    -0.003982     0.000330    -0.004312 
   95.500000    -0.006255     0.000330    -0.006585 
   95.600000     0.005410     0.000330     0.005080 
   95.700000     0.000042     0.000330    -0.000288 
   95.800000    -0.000821     0.000330    -0.001151 
   95.900000     0.000179     0.000330    -0.000151 
   96.000000     0.000879     0.000330     0.000549 
   96.100000     0.006876     0.000330     0.006546 
   96.200000    -0.004927     0.000330    -0.005257 
   96.300000     0.000294     0.000330    -0.000036 
   96.400000     0.000579     0.000330     0.000249 
   96.500000    -0.002158     0.000330    -0.002488 
   96.600000     0.002322     0.000330     0.001992 
   96.700000    -0.001623     0.000330    -0.001953 
   96.800000    -0.002667     0.000330    -0.002997 
   96.900000    -0.003129     0.000330    -0.003459 
   97.000000    -0.000780     0.000330    -0.001110 
   97.100000    -0.003866     0.000330    -0.004196 
   97.200000     0.001005     0.000330     0.000675 
   97.300000    -0.006299     0.000330    -0.006629 
   97.400000    -0.007365     0.000330    -0.007695 
   97.500000    -0.003443     0.000330    -0.003773 
   97.600000    -0.000544     0.000330    -0.000874 
   97.700000    -0.006588     0.000330    -0.006918 
   97.800000    -0.005574     0.000330    -0.005904 
   97.900000    -0.000973     0.000330    -0.001303 
   98.000000    -0.005155     0.000330    -0.005485 
   98.100000    -0.001600     0.000330    -0.001930 
   98.200000     0.001862     0.000330     0.001532 
   98.300000    -0.004379     0.000330    -0.004709 
   98.400000    -0.005544     0.000330    -0.005874 
   98.500000    -0.001610     0.000330    -0.001940 
   98.600000     0.000962     0.000330     0.000632 
   98.700000    -0.001817     0.000330    -0.002147 
   98.800000    -0.001472     0.000330    -0.001802 
   98.900000    -0.001932     0.000330    -0.002262 
   99.000000     0.001020     0.000330     0.000690 
   99.100000    -0.008380     0.000330    -0.008710 
   99.200000    -0.001349     0.000330    -0.001679 
   99.300000    -0.002870     0.000330    -0.003200 
   99.400000     0.003324     0.000330     0.002994 
   99.500000     0.007045     0.000330     0.006715 
   99.600000     0.009889     0.000330     0.009559 
   99.700000     0.012090     0.000330     0.011760 
   99.800000     0.008198     0.000330     0.007868 
   99.900000     0.000142     0.000330    -0.000188 
  100.000000     0.003787     0.000330     0.003457 
