##fit: rolloffp.out
    0.500000     0.017132     0.015959     0.001173 
    0.600000     0.017337     0.014897     0.002440 
    0.700000     0.010163     0.013904    -0.003741 
    0.800000     0.013425     0.012977     0.000448 
    0.900000     0.012616     0.012111     0.000505 
    1.000000     0.010302     0.011302    -0.001000 
    1.100000     0.013496     0.010546     0.002950 
    1.200000     0.011647     0.009839     0.001808 
    1.300000     0.009415     0.009179     0.000236 
    1.400000     0.006474     0.008563    -0.002089 
    1.500000     0.006517     0.007987    -0.001470 
    1.600000     0.007238     0.007449    -0.000211 
    1.700000     0.006409     0.006946    -0.000537 
    1.800000     0.006458     0.006476    -0.000018 
    1.900000     0.002592     0.006037    -0.003445 
    2.000000     0.005723     0.005627     0.000096 
    2.100000     0.006838     0.005244     0.001594 
    2.200000     0.003966     0.004886    -0.000920 
    2.300000     0.001451     0.004551    -0.003100 
    2.400000     0.005939     0.004239     0.001700 
    2.500000     0.005040     0.003947     0.001093 
    2.600000     0.003059     0.003674    -0.000615 
    2.700000     0.001717     0.003419    -0.001702 
    2.800000     0.003350     0.003181     0.000169 
    2.900000     0.005662     0.002958     0.002704 
    3.000000     0.004795     0.002751     0.002044 
    3.100000    -0.001267     0.002556    -0.003823 
    3.200000     0.004092     0.002375     0.001717 
    3.300000     0.004820     0.002205     0.002615 
    3.400000     0.002473     0.002047     0.000426 
    3.500000    -0.001803     0.001899    -0.003702 
    3.600000    -0.003694     0.001761    -0.005455 
    3.700000     0.000499     0.001632    -0.001133 
    3.800000    -0.000813     0.001511    -0.002324 
    3.900000     0.000880     0.001398    -0.000518 
    4.000000     0.000779     0.001293    -0.000514 
    4.100000     0.003696     0.001195     0.002501 
    4.200000     0.001416     0.001103     0.000313 
    4.300000     0.001848     0.001017     0.000831 
    4.400000     0.001272     0.000936     0.000336 
    4.500000    -0.001003     0.000861    -0.001864 
    4.600000     0.000754     0.000791    -0.000037 
    4.700000     0.001218     0.000726     0.000492 
    4.800000    -0.002722     0.000665    -0.003387 
    4.900000     0.001218     0.000608     0.000610 
    5.000000     0.007405     0.000554     0.006851 
    5.100000     0.003152     0.000504     0.002648 
    5.200000     0.002969     0.000458     0.002511 
    5.300000     0.000099     0.000414    -0.000315 
    5.400000     0.000566     0.000374     0.000192 
    5.500000    -0.002288     0.000336    -0.002624 
    5.600000     0.000111     0.000300    -0.000189 
    5.700000     0.003887     0.000267     0.003620 
    5.800000     0.002303     0.000236     0.002067 
    5.900000     0.001604     0.000207     0.001397 
    6.000000     0.002432     0.000180     0.002252 
    6.100000     0.002012     0.000155     0.001857 
    6.200000     0.000929     0.000131     0.000798 
    6.300000     0.003993     0.000109     0.003884 
    6.400000     0.004398     0.000088     0.004310 
    6.500000    -0.000563     0.000069    -0.000632 
    6.600000    -0.000832     0.000051    -0.000883 
    6.700000    -0.000751     0.000034    -0.000785 
    6.800000    -0.001169     0.000019    -0.001188 
    6.900000     0.000373     0.000004     0.000369 
    7.000000    -0.001261    -0.000010    -0.001251 
    7.100000     0.000500    -0.000023     0.000523 
    7.200000     0.000591    -0.000035     0.000626 
    7.300000     0.002712    -0.000046     0.002758 
    7.400000     0.001586    -0.000056     0.001642 
    7.500000     0.000436    -0.000066     0.000502 
    7.600000     0.000193    -0.000075     0.000268 
    7.700000    -0.000609    -0.000084    -0.000525 
    7.800000    -0.001064    -0.000092    -0.000972 
    7.900000     0.003218    -0.000099     0.003317 
    8.000000     0.004618    -0.000106     0.004724 
    8.100000     0.002490    -0.000112     0.002602 
    8.200000     0.003531    -0.000119     0.003650 
    8.300000     0.004536    -0.000124     0.004660 
    8.400000    -0.003731    -0.000130    -0.003601 
    8.500000    -0.000155    -0.000134    -0.000021 
    8.600000     0.002108    -0.000139     0.002247 
    8.700000     0.002290    -0.000143     0.002433 
    8.800000     0.003320    -0.000147     0.003467 
    8.900000     0.000651    -0.000151     0.000802 
    9.000000     0.000874    -0.000155     0.001029 
    9.100000    -0.001536    -0.000158    -0.001378 
    9.200000     0.000152    -0.000161     0.000313 
    9.300000    -0.000594    -0.000164    -0.000430 
    9.400000     0.001053    -0.000167     0.001220 
    9.500000     0.003733    -0.000169     0.003902 
    9.600000     0.000480    -0.000171     0.000651 
    9.700000     0.003983    -0.000174     0.004157 
    9.800000     0.002520    -0.000176     0.002696 
    9.900000     0.004784    -0.000178     0.004962 
   10.000000     0.000283    -0.000179     0.000462 
   10.100000     0.000370    -0.000181     0.000551 
   10.200000    -0.002021    -0.000183    -0.001838 
   10.300000     0.000902    -0.000184     0.001086 
   10.400000     0.004624    -0.000185     0.004809 
   10.500000     0.001458    -0.000187     0.001645 
   10.600000     0.000326    -0.000188     0.000514 
   10.700000    -0.002951    -0.000189    -0.002762 
   10.800000    -0.005018    -0.000190    -0.004828 
   10.900000    -0.003200    -0.000191    -0.003009 
   11.000000    -0.001526    -0.000192    -0.001334 
   11.100000    -0.000357    -0.000193    -0.000164 
   11.200000     0.007105    -0.000194     0.007299 
   11.300000     0.002777    -0.000194     0.002971 
   11.400000     0.000424    -0.000195     0.000619 
   11.500000    -0.001340    -0.000196    -0.001144 
   11.600000    -0.003145    -0.000196    -0.002949 
   11.700000    -0.003285    -0.000197    -0.003088 
   11.800000     0.002901    -0.000197     0.003098 
   11.900000     0.001268    -0.000198     0.001466 
   12.000000    -0.001169    -0.000198    -0.000971 
   12.100000    -0.003025    -0.000199    -0.002826 
   12.200000    -0.003353    -0.000199    -0.003154 
   12.300000     0.001051    -0.000199     0.001250 
   12.400000    -0.002376    -0.000200    -0.002176 
   12.500000    -0.006547    -0.000200    -0.006347 
   12.600000    -0.003309    -0.000200    -0.003109 
   12.700000    -0.002108    -0.000201    -0.001907 
   12.800000    -0.001063    -0.000201    -0.000862 
   12.900000    -0.001631    -0.000201    -0.001430 
   13.000000     0.000870    -0.000201     0.001071 
   13.100000     0.000772    -0.000202     0.000974 
   13.200000    -0.001176    -0.000202    -0.000974 
   13.300000     0.001455    -0.000202     0.001657 
   13.400000    -0.001222    -0.000202    -0.001020 
   13.500000    -0.002327    -0.000202    -0.002125 
   13.600000    -0.000078    -0.000203     0.000125 
   13.700000     0.000239    -0.000203     0.000442 
   13.800000     0.003810    -0.000203     0.004013 
   13.900000     0.001295    -0.000203     0.001498 
   14.000000     0.002251    -0.000203     0.002454 
   14.100000     0.000136    -0.000203     0.000339 
   14.200000    -0.000987    -0.000203    -0.000784 
   14.300000    -0.004108    -0.000203    -0.003905 
   14.400000    -0.001382    -0.000204    -0.001178 
   14.500000    -0.000308    -0.000204    -0.000104 
   14.600000     0.000877    -0.000204     0.001081 
   14.700000     0.002803    -0.000204     0.003007 
   14.800000     0.003906    -0.000204     0.004110 
   14.900000    -0.002649    -0.000204    -0.002445 
   15.000000    -0.003709    -0.000204    -0.003505 
   15.100000    -0.000335    -0.000204    -0.000131 
   15.200000    -0.000145    -0.000204     0.000059 
   15.300000     0.000934    -0.000204     0.001138 
   15.400000    -0.001554    -0.000204    -0.001350 
   15.500000    -0.000563    -0.000204    -0.000359 
   15.600000    -0.001109    -0.000204    -0.000905 
   15.700000    -0.001934    -0.000204    -0.001730 
   15.800000    -0.003052    -0.000204    -0.002848 
   15.900000    -0.004052    -0.000204    -0.003848 
   16.000000    -0.003811    -0.000204    -0.003607 
   16.100000     0.001864    -0.000204     0.002068 
   16.200000     0.001349    -0.000204     0.001553 
   16.300000     0.001073    -0.000204     0.001277 
   16.400000    -0.002597    -0.000204    -0.002393 
   16.500000    -0.003534    -0.000204    -0.003330 
   16.600000     0.001409    -0.000205     0.001614 
   16.700000    -0.001549    -0.000205    -0.001344 
   16.800000    -0.001997    -0.000205    -0.001792 
   16.900000    -0.005979    -0.000205    -0.005774 
   17.000000    -0.002377    -0.000205    -0.002172 
   17.100000    -0.000067    -0.000205     0.000138 
   17.200000    -0.000333    -0.000205    -0.000128 
   17.300000     0.001203    -0.000205     0.001408 
   17.400000    -0.001119    -0.000205    -0.000914 
   17.500000     0.002924    -0.000205     0.003129 
   17.600000     0.002993    -0.000205     0.003198 
   17.700000     0.000394    -0.000205     0.000599 
   17.800000     0.000080    -0.000205     0.000285 
   17.900000    -0.000348    -0.000205    -0.000143 
   18.000000    -0.004172    -0.000205    -0.003967 
   18.100000     0.001197    -0.000205     0.001402 
   18.200000     0.003183    -0.000205     0.003388 
   18.300000     0.000477    -0.000205     0.000682 
   18.400000     0.007067    -0.000205     0.007272 
   18.500000     0.003526    -0.000205     0.003731 
   18.600000    -0.002373    -0.000205    -0.002168 
   18.700000    -0.004679    -0.000205    -0.004474 
   18.800000    -0.005953    -0.000205    -0.005748 
   18.900000     0.000351    -0.000205     0.000556 
   19.000000     0.000224    -0.000205     0.000429 
   19.100000     0.001435    -0.000205     0.001640 
   19.200000     0.000061    -0.000205     0.000266 
   19.300000    -0.003940    -0.000205    -0.003735 
   19.400000    -0.002152    -0.000205    -0.001947 
   19.500000     0.000605    -0.000205     0.000810 
   19.600000    -0.002840    -0.000205    -0.002635 
   19.700000    -0.001142    -0.000205    -0.000937 
   19.800000    -0.002985    -0.000205    -0.002780 
   19.900000    -0.002553    -0.000205    -0.002348 
   20.000000     0.000143    -0.000205     0.000348 
   20.100000    -0.001425    -0.000205    -0.001220 
   20.200000    -0.003958    -0.000205    -0.003753 
   20.300000    -0.005632    -0.000205    -0.005427 
   20.400000    -0.001698    -0.000205    -0.001493 
   20.500000    -0.002036    -0.000205    -0.001831 
   20.600000    -0.000667    -0.000205    -0.000462 
   20.700000    -0.003874    -0.000205    -0.003669 
   20.800000    -0.000055    -0.000205     0.000150 
   20.900000     0.002783    -0.000205     0.002988 
   21.000000     0.000951    -0.000205     0.001156 
   21.100000     0.002255    -0.000205     0.002460 
   21.200000    -0.000211    -0.000205    -0.000006 
   21.300000    -0.000941    -0.000205    -0.000736 
   21.400000    -0.003492    -0.000205    -0.003287 
   21.500000     0.001097    -0.000205     0.001302 
   21.600000    -0.006887    -0.000205    -0.006682 
   21.700000    -0.007391    -0.000205    -0.007186 
   21.800000    -0.002868    -0.000205    -0.002663 
   21.900000    -0.001717    -0.000205    -0.001512 
   22.000000    -0.000006    -0.000205     0.000199 
   22.100000     0.001021    -0.000205     0.001226 
   22.200000     0.000735    -0.000205     0.000940 
   22.300000    -0.001134    -0.000205    -0.000929 
   22.400000     0.000982    -0.000205     0.001187 
   22.500000    -0.001826    -0.000205    -0.001621 
   22.600000    -0.000512    -0.000205    -0.000307 
   22.700000    -0.003705    -0.000205    -0.003500 
   22.800000    -0.000190    -0.000205     0.000015 
   22.900000     0.001784    -0.000205     0.001989 
   23.000000     0.002262    -0.000205     0.002467 
   23.100000     0.001869    -0.000205     0.002074 
   23.200000    -0.003069    -0.000205    -0.002864 
   23.300000    -0.002564    -0.000205    -0.002359 
   23.400000    -0.000156    -0.000205     0.000049 
   23.500000     0.002450    -0.000205     0.002655 
   23.600000     0.004348    -0.000205     0.004553 
   23.700000    -0.001124    -0.000205    -0.000919 
   23.800000    -0.002904    -0.000205    -0.002699 
   23.900000    -0.002108    -0.000205    -0.001903 
   24.000000    -0.004012    -0.000205    -0.003807 
   24.100000     0.001111    -0.000205     0.001316 
   24.200000     0.005484    -0.000205     0.005689 
   24.300000    -0.001486    -0.000205    -0.001281 
   24.400000     0.000007    -0.000205     0.000212 
   24.500000    -0.005623    -0.000205    -0.005418 
   24.600000    -0.000233    -0.000205    -0.000028 
   24.700000    -0.002127    -0.000205    -0.001922 
   24.800000    -0.001705    -0.000205    -0.001500 
   24.900000    -0.003432    -0.000205    -0.003227 
   25.000000    -0.001396    -0.000205    -0.001191 
   25.100000     0.001718    -0.000205     0.001923 
   25.200000     0.002136    -0.000205     0.002341 
   25.300000     0.002119    -0.000205     0.002324 
   25.400000    -0.002985    -0.000205    -0.002780 
   25.500000    -0.001742    -0.000205    -0.001537 
   25.600000    -0.001480    -0.000205    -0.001275 
   25.700000     0.000525    -0.000205     0.000730 
   25.800000     0.001511    -0.000205     0.001716 
   25.900000     0.000150    -0.000205     0.000355 
   26.000000     0.002372    -0.000205     0.002577 
   26.100000     0.000016    -0.000205     0.000221 
   26.200000     0.000199    -0.000205     0.000404 
   26.300000    -0.001712    -0.000205    -0.001507 
   26.400000     0.001765    -0.000205     0.001970 
   26.500000     0.005825    -0.000205     0.006030 
   26.600000     0.002893    -0.000205     0.003098 
   26.700000     0.001631    -0.000205     0.001836 
   26.800000    -0.001034    -0.000205    -0.000829 
   26.900000     0.000382    -0.000205     0.000587 
   27.000000    -0.001121    -0.000205    -0.000916 
   27.100000     0.000815    -0.000205     0.001020 
   27.200000    -0.003712    -0.000205    -0.003507 
   27.300000    -0.002663    -0.000205    -0.002458 
   27.400000    -0.003756    -0.000205    -0.003551 
   27.500000    -0.003190    -0.000205    -0.002985 
   27.600000     0.001900    -0.000205     0.002105 
   27.700000     0.000710    -0.000205     0.000915 
   27.800000     0.001529    -0.000205     0.001734 
   27.900000     0.004583    -0.000205     0.004788 
   28.000000    -0.002427    -0.000205    -0.002222 
   28.100000    -0.001005    -0.000205    -0.000800 
   28.200000     0.004745    -0.000205     0.004950 
   28.300000    -0.005193    -0.000205    -0.004988 
   28.400000    -0.003282    -0.000205    -0.003077 
   28.500000     0.002853    -0.000205     0.003058 
   28.600000    -0.000099    -0.000205     0.000106 
   28.700000    -0.001935    -0.000205    -0.001730 
   28.800000    -0.003736    -0.000205    -0.003531 
   28.900000    -0.003896    -0.000205    -0.003691 
   29.000000    -0.004142    -0.000205    -0.003937 
   29.100000    -0.004418    -0.000205    -0.004213 
   29.200000    -0.004280    -0.000205    -0.004075 
   29.300000    -0.006380    -0.000205    -0.006175 
   29.400000    -0.004923    -0.000205    -0.004718 
   29.500000    -0.003925    -0.000205    -0.003720 
   29.600000     0.001510    -0.000205     0.001715 
   29.700000    -0.001181    -0.000205    -0.000976 
   29.800000     0.000930    -0.000205     0.001135 
   29.900000     0.003416    -0.000205     0.003621 
   30.000000     0.002421    -0.000205     0.002626 
   30.100000    -0.002478    -0.000205    -0.002273 
   30.200000    -0.001578    -0.000205    -0.001373 
   30.300000    -0.001268    -0.000205    -0.001063 
   30.400000    -0.002930    -0.000205    -0.002725 
   30.500000     0.001125    -0.000205     0.001330 
   30.600000    -0.002203    -0.000205    -0.001998 
   30.700000     0.000029    -0.000205     0.000234 
   30.800000    -0.003703    -0.000205    -0.003498 
   30.900000     0.001849    -0.000205     0.002054 
   31.000000    -0.004790    -0.000205    -0.004585 
   31.100000    -0.006294    -0.000205    -0.006089 
   31.200000     0.000562    -0.000205     0.000767 
   31.300000    -0.007741    -0.000205    -0.007536 
   31.400000    -0.004057    -0.000205    -0.003852 
   31.500000    -0.004118    -0.000205    -0.003913 
   31.600000     0.000712    -0.000205     0.000917 
   31.700000    -0.000500    -0.000205    -0.000295 
   31.800000    -0.002747    -0.000205    -0.002542 
   31.900000    -0.005344    -0.000205    -0.005139 
   32.000000    -0.003231    -0.000205    -0.003026 
   32.100000    -0.007588    -0.000205    -0.007383 
   32.200000    -0.002459    -0.000205    -0.002254 
   32.300000    -0.001680    -0.000205    -0.001475 
   32.400000    -0.004079    -0.000205    -0.003874 
   32.500000     0.000400    -0.000205     0.000605 
   32.600000    -0.004832    -0.000205    -0.004627 
   32.700000    -0.000555    -0.000205    -0.000350 
   32.800000    -0.001072    -0.000205    -0.000867 
   32.900000     0.003645    -0.000205     0.003850 
   33.000000    -0.000604    -0.000205    -0.000399 
   33.100000    -0.001804    -0.000205    -0.001599 
   33.200000    -0.002224    -0.000205    -0.002019 
   33.300000     0.001272    -0.000205     0.001477 
   33.400000     0.000658    -0.000205     0.000863 
   33.500000     0.000157    -0.000205     0.000362 
   33.600000     0.000812    -0.000205     0.001017 
   33.700000     0.001752    -0.000205     0.001957 
   33.800000     0.000927    -0.000205     0.001132 
   33.900000     0.002829    -0.000205     0.003034 
   34.000000     0.001979    -0.000205     0.002184 
   34.100000     0.000545    -0.000205     0.000750 
   34.200000     0.002820    -0.000205     0.003025 
   34.300000    -0.000162    -0.000205     0.000043 
   34.400000     0.000759    -0.000205     0.000964 
   34.500000    -0.001911    -0.000205    -0.001706 
   34.600000     0.001540    -0.000205     0.001745 
   34.700000     0.003849    -0.000205     0.004054 
   34.800000    -0.000842    -0.000205    -0.000637 
   34.900000    -0.003972    -0.000205    -0.003767 
   35.000000    -0.001362    -0.000205    -0.001157 
   35.100000    -0.004946    -0.000205    -0.004741 
   35.200000    -0.006604    -0.000205    -0.006399 
   35.300000     0.001841    -0.000205     0.002046 
   35.400000    -0.002017    -0.000205    -0.001812 
   35.500000    -0.000890    -0.000205    -0.000685 
   35.600000    -0.002954    -0.000205    -0.002749 
   35.700000    -0.004716    -0.000205    -0.004511 
   35.800000    -0.005484    -0.000205    -0.005279 
   35.900000    -0.005229    -0.000205    -0.005024 
   36.000000     0.000285    -0.000205     0.000490 
   36.100000     0.002331    -0.000205     0.002536 
   36.200000    -0.000137    -0.000205     0.000068 
   36.300000     0.001654    -0.000205     0.001859 
   36.400000     0.001671    -0.000205     0.001876 
   36.500000    -0.005775    -0.000205    -0.005570 
   36.600000    -0.004475    -0.000205    -0.004270 
   36.700000    -0.003258    -0.000205    -0.003053 
   36.800000    -0.004636    -0.000205    -0.004431 
   36.900000    -0.001039    -0.000205    -0.000834 
   37.000000     0.001652    -0.000205     0.001857 
   37.100000    -0.001840    -0.000205    -0.001635 
   37.200000     0.002993    -0.000205     0.003198 
   37.300000    -0.000911    -0.000205    -0.000706 
   37.400000     0.000998    -0.000205     0.001203 
   37.500000    -0.002652    -0.000205    -0.002447 
   37.600000    -0.002732    -0.000205    -0.002527 
   37.700000    -0.007109    -0.000205    -0.006904 
   37.800000    -0.003982    -0.000205    -0.003777 
   37.900000    -0.005362    -0.000205    -0.005157 
   38.000000     0.000161    -0.000205     0.000366 
   38.100000    -0.001667    -0.000205    -0.001462 
   38.200000    -0.003608    -0.000205    -0.003403 
   38.300000    -0.003290    -0.000205    -0.003085 
   38.400000    -0.000747    -0.000205    -0.000542 
   38.500000     0.001924    -0.000205     0.002129 
   38.600000    -0.000583    -0.000205    -0.000378 
   38.700000    -0.000115    -0.000205     0.000090 
   38.800000     0.002582    -0.000205     0.002787 
   38.900000     0.002887    -0.000205     0.003092 
   39.000000    -0.000024    -0.000205     0.000181 
   39.100000    -0.004686    -0.000205    -0.004481 
   39.200000    -0.002447    -0.000205    -0.002242 
   39.300000    -0.000007    -0.000205     0.000198 
   39.400000    -0.001584    -0.000205    -0.001379 
   39.500000    -0.004494    -0.000205    -0.004289 
   39.600000     0.001536    -0.000205     0.001741 
   39.700000     0.000674    -0.000205     0.000879 
   39.800000    -0.002605    -0.000205    -0.002400 
   39.900000     0.000088    -0.000205     0.000293 
   40.000000    -0.003567    -0.000205    -0.003362 
   40.100000    -0.002407    -0.000205    -0.002202 
   40.200000    -0.001785    -0.000205    -0.001580 
   40.300000    -0.001549    -0.000205    -0.001344 
   40.400000    -0.000881    -0.000205    -0.000676 
   40.500000     0.000614    -0.000205     0.000819 
   40.600000    -0.002978    -0.000205    -0.002773 
   40.700000     0.003864    -0.000205     0.004069 
   40.800000     0.000072    -0.000205     0.000277 
   40.900000     0.000268    -0.000205     0.000473 
   41.000000     0.002858    -0.000205     0.003063 
   41.100000     0.004519    -0.000205     0.004724 
   41.200000     0.002617    -0.000205     0.002822 
   41.300000     0.005555    -0.000205     0.005760 
   41.400000     0.003112    -0.000205     0.003317 
   41.500000     0.003323    -0.000205     0.003528 
   41.600000     0.002721    -0.000205     0.002926 
   41.700000    -0.003339    -0.000205    -0.003134 
   41.800000     0.001852    -0.000205     0.002057 
   41.900000    -0.000955    -0.000205    -0.000750 
   42.000000    -0.003253    -0.000205    -0.003048 
   42.100000    -0.004134    -0.000205    -0.003929 
   42.200000    -0.005598    -0.000205    -0.005393 
   42.300000    -0.006542    -0.000205    -0.006337 
   42.400000    -0.004597    -0.000205    -0.004392 
   42.500000    -0.001236    -0.000205    -0.001031 
   42.600000    -0.002572    -0.000205    -0.002367 
   42.700000    -0.006849    -0.000205    -0.006644 
   42.800000    -0.003605    -0.000205    -0.003400 
   42.900000    -0.003487    -0.000205    -0.003282 
   43.000000    -0.005971    -0.000205    -0.005766 
   43.100000    -0.003758    -0.000205    -0.003553 
   43.200000    -0.000113    -0.000205     0.000092 
   43.300000     0.000146    -0.000205     0.000351 
   43.400000    -0.004824    -0.000205    -0.004619 
   43.500000     0.000640    -0.000205     0.000845 
   43.600000     0.002538    -0.000205     0.002743 
   43.700000    -0.001932    -0.000205    -0.001727 
   43.800000    -0.001909    -0.000205    -0.001704 
   43.900000     0.001122    -0.000205     0.001327 
   44.000000    -0.005584    -0.000205    -0.005379 
   44.100000    -0.000937    -0.000205    -0.000732 
   44.200000    -0.000058    -0.000205     0.000147 
   44.300000     0.001655    -0.000205     0.001860 
   44.400000    -0.002196    -0.000205    -0.001991 
   44.500000    -0.002045    -0.000205    -0.001840 
   44.600000    -0.000547    -0.000205    -0.000342 
   44.700000    -0.001947    -0.000205    -0.001742 
   44.800000     0.000175    -0.000205     0.000380 
   44.900000    -0.001069    -0.000205    -0.000864 
   45.000000    -0.004208    -0.000205    -0.004003 
   45.100000     0.002354    -0.000205     0.002559 
   45.200000     0.005539    -0.000205     0.005744 
   45.300000     0.004352    -0.000205     0.004557 
   45.400000     0.005324    -0.000205     0.005529 
   45.500000    -0.001113    -0.000205    -0.000908 
   45.600000     0.001020    -0.000205     0.001225 
   45.700000    -0.001552    -0.000205    -0.001347 
   45.800000    -0.005528    -0.000205    -0.005323 
   45.900000     0.000769    -0.000205     0.000974 
   46.000000    -0.000082    -0.000205     0.000123 
   46.100000     0.001892    -0.000205     0.002097 
   46.200000    -0.000077    -0.000205     0.000128 
   46.300000     0.001310    -0.000205     0.001515 
   46.400000     0.001452    -0.000205     0.001657 
   46.500000     0.001366    -0.000205     0.001571 
   46.600000    -0.000311    -0.000205    -0.000106 
   46.700000     0.002416    -0.000205     0.002621 
   46.800000     0.000866    -0.000205     0.001071 
   46.900000     0.002254    -0.000205     0.002459 
   47.000000     0.003802    -0.000205     0.004007 
   47.100000     0.003979    -0.000205     0.004184 
   47.200000     0.003326    -0.000205     0.003531 
   47.300000     0.000719    -0.000205     0.000924 
   47.400000    -0.002027    -0.000205    -0.001822 
   47.500000     0.003418    -0.000205     0.003623 
   47.600000     0.005389    -0.000205     0.005594 
   47.700000     0.001360    -0.000205     0.001565 
   47.800000     0.001220    -0.000205     0.001425 
   47.900000    -0.003624    -0.000205    -0.003419 
   48.000000     0.001706    -0.000205     0.001911 
   48.100000    -0.001126    -0.000205    -0.000921 
   48.200000     0.000416    -0.000205     0.000621 
   48.300000    -0.000133    -0.000205     0.000072 
   48.400000     0.000398    -0.000205     0.000603 
   48.500000    -0.001950    -0.000205    -0.001745 
   48.600000     0.003469    -0.000205     0.003674 
   48.700000     0.006715    -0.000205     0.006920 
   48.800000     0.000459    -0.000205     0.000664 
   48.900000     0.000103    -0.000205     0.000308 
   49.000000     0.001883    -0.000205     0.002088 
   49.100000    -0.000816    -0.000205    -0.000611 
   49.200000    -0.003659    -0.000205    -0.003454 
   49.300000     0.002577    -0.000205     0.002782 
   49.400000    -0.007585    -0.000205    -0.007380 
   49.500000    -0.002939    -0.000205    -0.002734 
   49.600000     0.001179    -0.000205     0.001384 
   49.700000     0.003447    -0.000205     0.003652 
   49.800000     0.001388    -0.000205     0.001593 
   49.900000     0.004646    -0.000205     0.004851 
   50.000000     0.006720    -0.000205     0.006925 
   50.100000     0.003538    -0.000205     0.003743 
   50.200000    -0.001057    -0.000205    -0.000852 
   50.300000    -0.001077    -0.000205    -0.000872 
   50.400000    -0.002758    -0.000205    -0.002553 
   50.500000     0.000195    -0.000205     0.000400 
   50.600000     0.003595    -0.000205     0.003800 
   50.700000    -0.000910    -0.000205    -0.000705 
   50.800000     0.001155    -0.000205     0.001360 
   50.900000     0.001167    -0.000205     0.001372 
   51.000000    -0.001517    -0.000205    -0.001312 
   51.100000     0.003149    -0.000205     0.003354 
   51.200000    -0.002568    -0.000205    -0.002363 
   51.300000    -0.005908    -0.000205    -0.005703 
   51.400000    -0.003660    -0.000205    -0.003455 
   51.500000    -0.003409    -0.000205    -0.003204 
   51.600000    -0.004781    -0.000205    -0.004576 
   51.700000     0.005132    -0.000205     0.005337 
   51.800000     0.001323    -0.000205     0.001528 
   51.900000    -0.002987    -0.000205    -0.002782 
   52.000000     0.000076    -0.000205     0.000281 
   52.100000    -0.001991    -0.000205    -0.001786 
   52.200000     0.003885    -0.000205     0.004090 
   52.300000     0.002408    -0.000205     0.002613 
   52.400000     0.002259    -0.000205     0.002464 
   52.500000     0.006297    -0.000205     0.006502 
   52.600000     0.003186    -0.000205     0.003391 
   52.700000     0.003063    -0.000205     0.003268 
   52.800000     0.002463    -0.000205     0.002668 
   52.900000     0.000544    -0.000205     0.000749 
   53.000000    -0.000121    -0.000205     0.000084 
   53.100000    -0.001264    -0.000205    -0.001059 
   53.200000     0.001478    -0.000205     0.001683 
   53.300000     0.003101    -0.000205     0.003306 
   53.400000     0.003809    -0.000205     0.004014 
   53.500000     0.002825    -0.000205     0.003030 
   53.600000     0.001395    -0.000205     0.001600 
   53.700000     0.000405    -0.000205     0.000610 
   53.800000    -0.004556    -0.000205    -0.004351 
   53.900000    -0.005147    -0.000205    -0.004942 
   54.000000    -0.001172    -0.000205    -0.000967 
   54.100000    -0.002847    -0.000205    -0.002642 
   54.200000    -0.001642    -0.000205    -0.001437 
   54.300000    -0.001699    -0.000205    -0.001494 
   54.400000    -0.001141    -0.000205    -0.000936 
   54.500000    -0.002805    -0.000205    -0.002600 
   54.600000    -0.003321    -0.000205    -0.003116 
   54.700000     0.000413    -0.000205     0.000618 
   54.800000    -0.000697    -0.000205    -0.000492 
   54.900000    -0.001675    -0.000205    -0.001470 
   55.000000     0.002337    -0.000205     0.002542 
   55.100000     0.005163    -0.000205     0.005368 
   55.200000     0.002583    -0.000205     0.002788 
   55.300000    -0.002294    -0.000205    -0.002089 
   55.400000    -0.001162    -0.000205    -0.000957 
   55.500000     0.003148    -0.000205     0.003353 
   55.600000    -0.000452    -0.000205    -0.000247 
   55.700000     0.000482    -0.000205     0.000687 
   55.800000     0.000682    -0.000205     0.000887 
   55.900000    -0.003376    -0.000205    -0.003171 
   56.000000    -0.003945    -0.000205    -0.003740 
   56.100000    -0.002125    -0.000205    -0.001920 
   56.200000    -0.002359    -0.000205    -0.002154 
   56.300000    -0.002501    -0.000205    -0.002296 
   56.400000     0.000242    -0.000205     0.000447 
   56.500000    -0.001256    -0.000205    -0.001051 
   56.600000    -0.001767    -0.000205    -0.001562 
   56.700000     0.002492    -0.000205     0.002697 
   56.800000    -0.000119    -0.000205     0.000086 
   56.900000     0.005220    -0.000205     0.005425 
   57.000000     0.002979    -0.000205     0.003184 
   57.100000     0.004513    -0.000205     0.004718 
   57.200000    -0.002167    -0.000205    -0.001962 
   57.300000     0.000318    -0.000205     0.000523 
   57.400000     0.006140    -0.000205     0.006345 
   57.500000     0.006670    -0.000205     0.006875 
   57.600000     0.000767    -0.000205     0.000972 
   57.700000     0.000942    -0.000205     0.001147 
   57.800000    -0.000489    -0.000205    -0.000284 
   57.900000    -0.001231    -0.000205    -0.001026 
   58.000000    -0.002497    -0.000205    -0.002292 
   58.100000     0.000062    -0.000205     0.000267 
   58.200000    -0.001858    -0.000205    -0.001653 
   58.300000    -0.005343    -0.000205    -0.005138 
   58.400000    -0.005861    -0.000205    -0.005656 
   58.500000     0.001299    -0.000205     0.001504 
   58.600000    -0.005420    -0.000205    -0.005215 
   58.700000    -0.005101    -0.000205    -0.004896 
   58.800000    -0.001057    -0.000205    -0.000852 
   58.900000    -0.001331    -0.000205    -0.001126 
   59.000000    -0.002471    -0.000205    -0.002266 
   59.100000    -0.005437    -0.000205    -0.005232 
   59.200000    -0.000735    -0.000205    -0.000530 
   59.300000    -0.002124    -0.000205    -0.001919 
   59.400000     0.003783    -0.000205     0.003988 
   59.500000     0.000161    -0.000205     0.000366 
   59.600000     0.005581    -0.000205     0.005786 
   59.700000     0.000555    -0.000205     0.000760 
   59.800000     0.003891    -0.000205     0.004096 
   59.900000    -0.006914    -0.000205    -0.006709 
   60.000000     0.000741    -0.000205     0.000946 
   60.100000     0.002963    -0.000205     0.003168 
   60.200000    -0.004771    -0.000205    -0.004566 
   60.300000    -0.003909    -0.000205    -0.003704 
   60.400000    -0.000912    -0.000205    -0.000707 
   60.500000    -0.000649    -0.000205    -0.000444 
   60.600000     0.000767    -0.000205     0.000972 
   60.700000     0.005309    -0.000205     0.005514 
   60.800000     0.006715    -0.000205     0.006920 
   60.900000     0.000321    -0.000205     0.000526 
   61.000000     0.002325    -0.000205     0.002530 
   61.100000    -0.000574    -0.000205    -0.000369 
   61.200000     0.000721    -0.000205     0.000926 
   61.300000     0.000353    -0.000205     0.000558 
   61.400000     0.003457    -0.000205     0.003662 
   61.500000     0.003094    -0.000205     0.003299 
   61.600000    -0.000002    -0.000205     0.000203 
   61.700000     0.001897    -0.000205     0.002102 
   61.800000    -0.005444    -0.000205    -0.005239 
   61.900000     0.000510    -0.000205     0.000715 
   62.000000     0.005301    -0.000205     0.005506 
   62.100000    -0.002730    -0.000205    -0.002525 
   62.200000    -0.000205    -0.000205    -0.000000 
   62.300000    -0.000385    -0.000205    -0.000180 
   62.400000     0.001940    -0.000205     0.002145 
   62.500000     0.000940    -0.000205     0.001145 
   62.600000    -0.003518    -0.000205    -0.003313 
   62.700000     0.004024    -0.000205     0.004229 
   62.800000     0.001465    -0.000205     0.001670 
   62.900000     0.004666    -0.000205     0.004871 
   63.000000     0.001027    -0.000205     0.001232 
   63.100000    -0.002830    -0.000205    -0.002625 
   63.200000    -0.001824    -0.000205    -0.001619 
   63.300000     0.001324    -0.000205     0.001529 
   63.400000     0.004725    -0.000205     0.004930 
   63.500000    -0.003780    -0.000205    -0.003575 
   63.600000    -0.010487    -0.000205    -0.010282 
   63.700000    -0.007601    -0.000205    -0.007396 
   63.800000    -0.002097    -0.000205    -0.001892 
   63.900000     0.005408    -0.000205     0.005613 
   64.000000    -0.001494    -0.000205    -0.001289 
   64.100000    -0.006452    -0.000205    -0.006247 
   64.200000    -0.005403    -0.000205    -0.005198 
   64.300000    -0.000252    -0.000205    -0.000047 
   64.400000     0.002005    -0.000205     0.002210 
   64.500000     0.002112    -0.000205     0.002317 
   64.600000     0.006893    -0.000205     0.007098 
   64.700000    -0.000804    -0.000205    -0.000599 
   64.800000     0.005580    -0.000205     0.005785 
   64.900000    -0.000282    -0.000205    -0.000077 
   65.000000     0.000105    -0.000205     0.000310 
   65.100000    -0.003373    -0.000205    -0.003168 
   65.200000    -0.000908    -0.000205    -0.000703 
   65.300000     0.001251    -0.000205     0.001456 
   65.400000     0.001719    -0.000205     0.001924 
   65.500000     0.001016    -0.000205     0.001221 
   65.600000    -0.000449    -0.000205    -0.000244 
   65.700000     0.000360    -0.000205     0.000565 
   65.800000     0.003217    -0.000205     0.003422 
   65.900000     0.002362    -0.000205     0.002567 
   66.000000     0.000087    -0.000205     0.000292 
   66.100000     0.004445    -0.000205     0.004650 
   66.200000     0.003330    -0.000205     0.003535 
   66.300000     0.006709    -0.000205     0.006914 
   66.400000     0.000015    -0.000205     0.000220 
   66.500000    -0.001527    -0.000205    -0.001322 
   66.600000    -0.000595    -0.000205    -0.000390 
   66.700000     0.001931    -0.000205     0.002136 
   66.800000    -0.002387    -0.000205    -0.002182 
   66.900000     0.002062    -0.000205     0.002267 
   67.000000    -0.002554    -0.000205    -0.002349 
   67.100000     0.001416    -0.000205     0.001621 
   67.200000     0.005483    -0.000205     0.005688 
   67.300000     0.000497    -0.000205     0.000702 
   67.400000     0.003255    -0.000205     0.003460 
   67.500000    -0.002876    -0.000205    -0.002671 
   67.600000     0.000531    -0.000205     0.000736 
   67.700000     0.003945    -0.000205     0.004150 
   67.800000    -0.003649    -0.000205    -0.003444 
   67.900000    -0.005317    -0.000205    -0.005112 
   68.000000     0.001601    -0.000205     0.001806 
   68.100000    -0.001359    -0.000205    -0.001154 
   68.200000    -0.001522    -0.000205    -0.001317 
   68.300000    -0.003240    -0.000205    -0.003035 
   68.400000     0.000660    -0.000205     0.000865 
   68.500000    -0.001616    -0.000205    -0.001411 
   68.600000     0.004193    -0.000205     0.004398 
   68.700000     0.003379    -0.000205     0.003584 
   68.800000     0.001104    -0.000205     0.001309 
   68.900000    -0.003424    -0.000205    -0.003219 
   69.000000    -0.000448    -0.000205    -0.000243 
   69.100000    -0.000139    -0.000205     0.000066 
   69.200000     0.007481    -0.000205     0.007686 
   69.300000     0.002823    -0.000205     0.003028 
   69.400000     0.002034    -0.000205     0.002239 
   69.500000    -0.005424    -0.000205    -0.005219 
   69.600000    -0.000924    -0.000205    -0.000719 
   69.700000     0.001721    -0.000205     0.001926 
   69.800000    -0.003156    -0.000205    -0.002951 
   69.900000    -0.003968    -0.000205    -0.003763 
   70.000000     0.002893    -0.000205     0.003098 
   70.100000     0.002207    -0.000205     0.002412 
   70.200000     0.002802    -0.000205     0.003007 
   70.300000     0.001279    -0.000205     0.001484 
   70.400000    -0.001301    -0.000205    -0.001096 
   70.500000     0.002490    -0.000205     0.002695 
   70.600000     0.003834    -0.000205     0.004039 
   70.700000     0.003071    -0.000205     0.003276 
   70.800000     0.003122    -0.000205     0.003327 
   70.900000    -0.002071    -0.000205    -0.001866 
   71.000000     0.001294    -0.000205     0.001499 
   71.100000    -0.000378    -0.000205    -0.000173 
   71.200000     0.001635    -0.000205     0.001840 
   71.300000    -0.003232    -0.000205    -0.003027 
   71.400000    -0.004054    -0.000205    -0.003849 
   71.500000     0.000091    -0.000205     0.000296 
   71.600000     0.001249    -0.000205     0.001454 
   71.700000     0.006343    -0.000205     0.006548 
   71.800000     0.004801    -0.000205     0.005006 
   71.900000     0.000925    -0.000205     0.001130 
   72.000000     0.004358    -0.000205     0.004563 
   72.100000     0.000616    -0.000205     0.000821 
   72.200000    -0.006331    -0.000205    -0.006126 
   72.300000    -0.002745    -0.000205    -0.002540 
   72.400000     0.000995    -0.000205     0.001200 
   72.500000     0.000432    -0.000205     0.000637 
   72.600000    -0.002125    -0.000205    -0.001920 
   72.700000     0.001285    -0.000205     0.001490 
   72.800000     0.001064    -0.000205     0.001269 
   72.900000     0.001034    -0.000205     0.001239 
   73.000000    -0.006771    -0.000205    -0.006566 
   73.100000    -0.002911    -0.000205    -0.002706 
   73.200000    -0.006159    -0.000205    -0.005954 
   73.300000    -0.001811    -0.000205    -0.001606 
   73.400000    -0.001727    -0.000205    -0.001522 
   73.500000     0.004800    -0.000205     0.005005 
   73.600000    -0.004066    -0.000205    -0.003861 
   73.700000    -0.002604    -0.000205    -0.002399 
   73.800000    -0.003071    -0.000205    -0.002866 
   73.900000     0.004522    -0.000205     0.004727 
   74.000000     0.003448    -0.000205     0.003653 
   74.100000     0.002406    -0.000205     0.002611 
   74.200000     0.000314    -0.000205     0.000519 
   74.300000     0.005161    -0.000205     0.005366 
   74.400000     0.001569    -0.000205     0.001774 
   74.500000     0.001618    -0.000205     0.001823 
   74.600000     0.006110    -0.000205     0.006315 
   74.700000    -0.004503    -0.000205    -0.004298 
   74.800000    -0.003378    -0.000205    -0.003173 
   74.900000     0.008000    -0.000205     0.008205 
   75.000000     0.001211    -0.000205     0.001416 
   75.100000     0.005928    -0.000205     0.006133 
   75.200000     0.002616    -0.000205     0.002821 
   75.300000    -0.002440    -0.000205    -0.002235 
   75.400000     0.003405    -0.000205     0.003610 
   75.500000     0.002448    -0.000205     0.002653 
   75.600000     0.001228    -0.000205     0.001433 
   75.700000     0.001843    -0.000205     0.002048 
   75.800000    -0.003888    -0.000205    -0.003683 
   75.900000    -0.002788    -0.000205    -0.002583 
   76.000000    -0.004641    -0.000205    -0.004436 
   76.100000    -0.004845    -0.000205    -0.004640 
   76.200000     0.001957    -0.000205     0.002162 
   76.300000     0.000971    -0.000205     0.001176 
   76.400000     0.002931    -0.000205     0.003136 
   76.500000    -0.002525    -0.000205    -0.002320 
   76.600000     0.000895    -0.000205     0.001100 
   76.700000    -0.001820    -0.000205    -0.001615 
   76.800000    -0.001108    -0.000205    -0.000903 
   76.900000     0.001982    -0.000205     0.002187 
   77.000000     0.001620    -0.000205     0.001825 
   77.100000     0.004025    -0.000205     0.004230 
   77.200000     0.002691    -0.000205     0.002896 
   77.300000     0.003053    -0.000205     0.003258 
   77.400000     0.000771    -0.000205     0.000976 
   77.500000    -0.002271    -0.000205    -0.002066 
   77.600000    -0.002875    -0.000205    -0.002670 
   77.700000    -0.003507    -0.000205    -0.003302 
   77.800000     0.004562    -0.000205     0.004767 
   77.900000     0.002748    -0.000205     0.002953 
   78.000000     0.003752    -0.000205     0.003957 
   78.100000     0.000289    -0.000205     0.000494 
   78.200000    -0.000495    -0.000205    -0.000290 
   78.300000     0.000349    -0.000205     0.000554 
   78.400000    -0.002244    -0.000205    -0.002039 
   78.500000     0.001506    -0.000205     0.001711 
   78.600000     0.003793    -0.000205     0.003998 
   78.700000    -0.002780    -0.000205    -0.002575 
   78.800000    -0.005811    -0.000205    -0.005606 
   78.900000    -0.001920    -0.000205    -0.001715 
   79.000000    -0.003386    -0.000205    -0.003181 
   79.100000    -0.001050    -0.000205    -0.000845 
   79.200000    -0.000717    -0.000205    -0.000512 
   79.300000     0.003391    -0.000205     0.003596 
   79.400000    -0.005801    -0.000205    -0.005596 
   79.500000     0.001221    -0.000205     0.001426 
   79.600000    -0.002553    -0.000205    -0.002348 
   79.700000    -0.000526    -0.000205    -0.000321 
   79.800000    -0.000014    -0.000205     0.000191 
   79.900000     0.005174    -0.000205     0.005379 
   80.000000     0.003018    -0.000205     0.003223 
   80.100000    -0.003287    -0.000205    -0.003082 
   80.200000    -0.002549    -0.000205    -0.002344 
   80.300000    -0.000130    -0.000205     0.000075 
   80.400000     0.001731    -0.000205     0.001936 
   80.500000     0.003853    -0.000205     0.004058 
   80.600000     0.002100    -0.000205     0.002305 
   80.700000     0.001685    -0.000205     0.001890 
   80.800000     0.006925    -0.000205     0.007130 
   80.900000    -0.000421    -0.000205    -0.000216 
   81.000000     0.002495    -0.000205     0.002700 
   81.100000     0.002253    -0.000205     0.002458 
   81.200000     0.000869    -0.000205     0.001074 
   81.300000    -0.002870    -0.000205    -0.002665 
   81.400000     0.003535    -0.000205     0.003740 
   81.500000    -0.003552    -0.000205    -0.003347 
   81.600000    -0.005898    -0.000205    -0.005693 
   81.700000    -0.002810    -0.000205    -0.002605 
   81.800000    -0.008446    -0.000205    -0.008241 
   81.900000    -0.003013    -0.000205    -0.002808 
   82.000000     0.005330    -0.000205     0.005535 
   82.100000     0.003218    -0.000205     0.003423 
   82.200000     0.008647    -0.000205     0.008852 
   82.300000    -0.001308    -0.000205    -0.001103 
   82.400000    -0.005291    -0.000205    -0.005086 
   82.500000     0.000270    -0.000205     0.000475 
   82.600000    -0.005074    -0.000205    -0.004869 
   82.700000     0.002891    -0.000205     0.003096 
   82.800000     0.002435    -0.000205     0.002640 
   82.900000     0.006860    -0.000205     0.007065 
   83.000000     0.001914    -0.000205     0.002119 
   83.100000     0.003717    -0.000205     0.003922 
   83.200000    -0.000446    -0.000205    -0.000241 
   83.300000    -0.003248    -0.000205    -0.003043 
   83.400000    -0.002338    -0.000205    -0.002133 
   83.500000    -0.002827    -0.000205    -0.002622 
   83.600000    -0.006050    -0.000205    -0.005845 
   83.700000     0.002493    -0.000205     0.002698 
   83.800000     0.003336    -0.000205     0.003541 
   83.900000     0.008953    -0.000205     0.009158 
   84.000000     0.004408    -0.000205     0.004613 
   84.100000     0.008125    -0.000205     0.008330 
   84.200000     0.004545    -0.000205     0.004750 
   84.300000     0.003069    -0.000205     0.003274 
   84.400000     0.000720    -0.000205     0.000925 
   84.500000    -0.000336    -0.000205    -0.000131 
   84.600000     0.001039    -0.000205     0.001244 
   84.700000     0.000956    -0.000205     0.001161 
   84.800000     0.000850    -0.000205     0.001055 
   84.900000    -0.001536    -0.000205    -0.001331 
   85.000000     0.003642    -0.000205     0.003847 
   85.100000     0.002963    -0.000205     0.003168 
   85.200000     0.002397    -0.000205     0.002602 
   85.300000     0.003493    -0.000205     0.003698 
   85.400000    -0.001717    -0.000205    -0.001512 
   85.500000    -0.000636    -0.000205    -0.000431 
   85.600000    -0.000441    -0.000205    -0.000236 
   85.700000     0.001517    -0.000205     0.001722 
   85.800000    -0.002854    -0.000205    -0.002649 
   85.900000    -0.005407    -0.000205    -0.005202 
   86.000000    -0.001308    -0.000205    -0.001103 
   86.100000    -0.001222    -0.000205    -0.001017 
   86.200000     0.002277    -0.000205     0.002482 
   86.300000    -0.003570    -0.000205    -0.003365 
   86.400000     0.003735    -0.000205     0.003940 
   86.500000     0.006402    -0.000205     0.006607 
   86.600000    -0.003287    -0.000205    -0.003082 
   86.700000     0.000188    -0.000205     0.000393 
   86.800000     0.003914    -0.000205     0.004119 
   86.900000     0.001071    -0.000205     0.001276 
   87.000000     0.001022    -0.000205     0.001227 
   87.100000    -0.004898    -0.000205    -0.004693 
   87.200000    -0.001071    -0.000205    -0.000866 
   87.300000     0.002224    -0.000205     0.002429 
   87.400000     0.007055    -0.000205     0.007260 
   87.500000     0.002868    -0.000205     0.003073 
   87.600000    -0.001496    -0.000205    -0.001291 
   87.700000     0.001187    -0.000205     0.001392 
   87.800000     0.004438    -0.000205     0.004643 
   87.900000     0.005243    -0.000205     0.005448 
   88.000000     0.005793    -0.000205     0.005998 
   88.100000     0.013292    -0.000205     0.013497 
   88.200000     0.008968    -0.000205     0.009173 
   88.300000     0.000454    -0.000205     0.000659 
   88.400000     0.000890    -0.000205     0.001095 
   88.500000    -0.002388    -0.000205    -0.002183 
   88.600000     0.002613    -0.000205     0.002818 
   88.700000    -0.002156    -0.000205    -0.001951 
   88.800000     0.000803    -0.000205     0.001008 
   88.900000     0.001467    -0.000205     0.001672 
   89.000000     0.001182    -0.000205     0.001387 
   89.100000    -0.001773    -0.000205    -0.001568 
   89.200000     0.002814    -0.000205     0.003019 
   89.300000    -0.000341    -0.000205    -0.000136 
   89.400000    -0.003997    -0.000205    -0.003792 
   89.500000     0.000849    -0.000205     0.001054 
   89.600000     0.001163    -0.000205     0.001368 
   89.700000    -0.003247    -0.000205    -0.003042 
   89.800000    -0.001635    -0.000205    -0.001430 
   89.900000    -0.002320    -0.000205    -0.002115 
   90.000000    -0.000871    -0.000205    -0.000666 
   90.100000     0.002466    -0.000205     0.002671 
   90.200000    -0.005060    -0.000205    -0.004855 
   90.300000    -0.007938    -0.000205    -0.007733 
   90.400000    -0.005546    -0.000205    -0.005341 
   90.500000     0.001171    -0.000205     0.001376 
   90.600000     0.002051    -0.000205     0.002256 
   90.700000     0.008882    -0.000205     0.009087 
   90.800000     0.005138    -0.000205     0.005343 
   90.900000     0.004537    -0.000205     0.004742 
   91.000000     0.001262    -0.000205     0.001467 
   91.100000     0.004624    -0.000205     0.004829 
   91.200000    -0.001357    -0.000205    -0.001152 
   91.300000     0.001189    -0.000205     0.001394 
   91.400000     0.001656    -0.000205     0.001861 
   91.500000    -0.000898    -0.000205    -0.000693 
   91.600000    -0.002242    -0.000205    -0.002037 
   91.700000    -0.000381    -0.000205    -0.000176 
   91.800000     0.001283    -0.000205     0.001488 
   91.900000    -0.002370    -0.000205    -0.002165 
   92.000000    -0.004144    -0.000205    -0.003939 
   92.100000    -0.006322    -0.000205    -0.006117 
   92.200000    -0.008918    -0.000205    -0.008713 
   92.300000    -0.006149    -0.000205    -0.005944 
   92.400000    -0.002737    -0.000205    -0.002532 
   92.500000     0.000748    -0.000205     0.000953 
   92.600000    -0.002113    -0.000205    -0.001908 
   92.700000    -0.002565    -0.000205    -0.002360 
   92.800000    -0.000105    -0.000205     0.000100 
   92.900000     0.003769    -0.000205     0.003974 
   93.000000     0.005017    -0.000205     0.005222 
   93.100000     0.002206    -0.000205     0.002411 
   93.200000     0.006914    -0.000205     0.007119 
   93.300000    -0.002120    -0.000205    -0.001915 
   93.400000     0.001855    -0.000205     0.002060 
   93.500000    -0.004230    -0.000205    -0.004025 
   93.600000     0.001850    -0.000205     0.002055 
   93.700000     0.000347    -0.000205     0.000552 
   93.800000     0.009407    -0.000205     0.009612 
   93.900000     0.009059    -0.000205     0.009264 
   94.000000     0.001874    -0.000205     0.002079 
   94.100000     0.006007    -0.000205     0.006212 
   94.200000     0.001109    -0.000205     0.001314 
   94.300000     0.000963    -0.000205     0.001168 
   94.400000     0.007696    -0.000205     0.007901 
   94.500000    -0.001708    -0.000205    -0.001503 
   94.600000     0.001202    -0.000205     0.001407 
   94.700000     0.006716    -0.000205     0.006921 
   94.800000     0.000121    -0.000205     0.000326 
   94.900000    -0.000534    -0.000205    -0.000329 
   95.000000    -0.003235    -0.000205    -0.003030 
   95.100000    -0.001207    -0.000205    -0.001002 
   95.200000    -0.002661    -0.000205    -0.002456 
   95.300000    -0.003910    -0.000205    -0.003705 
   95.400000    -0.008371    -0.000205    -0.008166 
   95.500000    -0.001749    -0.000205    -0.001544 
   95.600000    -0.002188    -0.000205    -0.001983 
   95.700000     0.000552    -0.000205     0.000757 
   95.800000    -0.000987    -0.000205    -0.000782 
   95.900000     0.001831    -0.000205     0.002036 
   96.000000    -0.001749    -0.000205    -0.001544 
   96.100000     0.002279    -0.000205     0.002484 
   96.200000    -0.002966    -0.000205    -0.002761 
   96.300000    -0.001012    -0.000205    -0.000807 
   96.400000     0.004657    -0.000205     0.004862 
   96.500000    -0.000560    -0.000205    -0.000355 
   96.600000    -0.004751    -0.000205    -0.004546 
   96.700000     0.001883    -0.000205     0.002088 
   96.800000     0.007012    -0.000205     0.007217 
   96.900000     0.004664    -0.000205     0.004869 
   97.000000     0.001593    -0.000205     0.001798 
   97.100000    -0.004071    -0.000205    -0.003866 
   97.200000    -0.004221    -0.000205    -0.004016 
   97.300000    -0.007568    -0.000205    -0.007363 
   97.400000    -0.010438    -0.000205    -0.010233 
   97.500000    -0.004916    -0.000205    -0.004711 
   97.600000    -0.003206    -0.000205    -0.003001 
   97.700000    -0.005134    -0.000205    -0.004929 
   97.800000    -0.007196    -0.000205    -0.006991 
   97.900000    -0.004822    -0.000205    -0.004617 
   98.000000     0.001289    -0.000205     0.001494 
   98.100000     0.000495    -0.000205     0.000700 
   98.200000    -0.003609    -0.000205    -0.003404 
   98.300000    -0.008140    -0.000205    -0.007935 
   98.400000    -0.006394    -0.000205    -0.006189 
   98.500000    -0.002535    -0.000205    -0.002330 
   98.600000     0.008349    -0.000205     0.008554 
   98.700000    -0.000838    -0.000205    -0.000633 
   98.800000    -0.003501    -0.000205    -0.003296 
   98.900000    -0.003749    -0.000205    -0.003544 
   99.000000    -0.005416    -0.000205    -0.005211 
   99.100000    -0.010549    -0.000205    -0.010344 
   99.200000    -0.001826    -0.000205    -0.001621 
   99.300000    -0.001488    -0.000205    -0.001283 
   99.400000    -0.003220    -0.000205    -0.003015 
   99.500000    -0.001053    -0.000205    -0.000848 
   99.600000    -0.003369    -0.000205    -0.003164 
   99.700000    -0.000473    -0.000205    -0.000268 
   99.800000    -0.003729    -0.000205    -0.003524 
   99.900000    -0.011230    -0.000205    -0.011025 
  100.000000    -0.010397    -0.000205    -0.010192 
