##fit: rolloffp.out
    0.500000     0.024927     0.024191     0.000736 
    0.600000     0.024064     0.022968     0.001096 
    0.700000     0.025298     0.021808     0.003490 
    0.800000     0.021665     0.020708     0.000957 
    0.900000     0.020535     0.019664     0.000871 
    1.000000     0.017041     0.018673    -0.001632 
    1.100000     0.017740     0.017733     0.000007 
    1.200000     0.014850     0.016842    -0.001992 
    1.300000     0.013253     0.015996    -0.002743 
    1.400000     0.011338     0.015194    -0.003856 
    1.500000     0.014250     0.014433    -0.000183 
    1.600000     0.013929     0.013711     0.000218 
    1.700000     0.010368     0.013026    -0.002658 
    1.800000     0.011263     0.012376    -0.001113 
    1.900000     0.013193     0.011759     0.001434 
    2.000000     0.010903     0.011174    -0.000271 
    2.100000     0.008542     0.010620    -0.002078 
    2.200000     0.005232     0.010093    -0.004861 
    2.300000     0.009852     0.009594     0.000258 
    2.400000     0.006727     0.009120    -0.002393 
    2.500000     0.006942     0.008671    -0.001729 
    2.600000     0.008605     0.008244     0.000361 
    2.700000     0.007915     0.007840     0.000075 
    2.800000     0.010858     0.007456     0.003402 
    2.900000     0.010091     0.007092     0.002999 
    3.000000     0.008006     0.006747     0.001259 
    3.100000     0.005743     0.006419    -0.000676 
    3.200000     0.012068     0.006108     0.005960 
    3.300000     0.009309     0.005813     0.003496 
    3.400000     0.006967     0.005534     0.001433 
    3.500000     0.007440     0.005268     0.002172 
    3.600000     0.009147     0.005017     0.004130 
    3.700000     0.001734     0.004778    -0.003044 
    3.800000     0.008365     0.004551     0.003814 
    3.900000     0.006604     0.004336     0.002268 
    4.000000     0.004587     0.004132     0.000455 
    4.100000     0.001046     0.003939    -0.002893 
    4.200000     0.004762     0.003755     0.001007 
    4.300000     0.000055     0.003581    -0.003526 
    4.400000     0.004080     0.003416     0.000664 
    4.500000     0.003818     0.003259     0.000559 
    4.600000     0.002857     0.003111    -0.000254 
    4.700000     0.007610     0.002970     0.004640 
    4.800000     0.003030     0.002836     0.000194 
    4.900000     0.003620     0.002709     0.000911 
    5.000000     0.000985     0.002588    -0.001603 
    5.100000     0.002224     0.002474    -0.000250 
    5.200000     0.006794     0.002366     0.004428 
    5.300000     0.003668     0.002263     0.001405 
    5.400000     0.004647     0.002166     0.002481 
    5.500000     0.003458     0.002073     0.001385 
    5.600000     0.003291     0.001985     0.001306 
    5.700000     0.002449     0.001902     0.000547 
    5.800000     0.002570     0.001823     0.000747 
    5.900000     0.003772     0.001748     0.002024 
    6.000000     0.006560     0.001677     0.004883 
    6.100000     0.001799     0.001609     0.000190 
    6.200000    -0.000291     0.001546    -0.001837 
    6.300000     0.000357     0.001485    -0.001128 
    6.400000     0.001848     0.001427     0.000421 
    6.500000    -0.000832     0.001373    -0.002205 
    6.600000     0.001023     0.001321    -0.000298 
    6.700000    -0.002116     0.001272    -0.003388 
    6.800000    -0.002611     0.001225    -0.003836 
    6.900000    -0.004023     0.001181    -0.005204 
    7.000000     0.000958     0.001139    -0.000181 
    7.100000    -0.001537     0.001099    -0.002636 
    7.200000     0.002903     0.001061     0.001842 
    7.300000    -0.001987     0.001025    -0.003012 
    7.400000    -0.004774     0.000991    -0.005765 
    7.500000     0.000297     0.000959    -0.000662 
    7.600000     0.000537     0.000928    -0.000391 
    7.700000     0.001005     0.000899     0.000106 
    7.800000    -0.004878     0.000872    -0.005750 
    7.900000    -0.005937     0.000846    -0.006783 
    8.000000    -0.003606     0.000821    -0.004427 
    8.100000    -0.004261     0.000797    -0.005058 
    8.200000    -0.003992     0.000775    -0.004767 
    8.300000     0.001246     0.000754     0.000492 
    8.400000     0.004222     0.000734     0.003488 
    8.500000     0.000901     0.000715     0.000186 
    8.600000     0.003135     0.000697     0.002438 
    8.700000    -0.004042     0.000680    -0.004722 
    8.800000    -0.000063     0.000663    -0.000726 
    8.900000    -0.001743     0.000648    -0.002391 
    9.000000     0.000749     0.000633     0.000116 
    9.100000     0.000004     0.000619    -0.000615 
    9.200000    -0.002006     0.000606    -0.002612 
    9.300000    -0.002126     0.000594    -0.002720 
    9.400000    -0.002877     0.000582    -0.003459 
    9.500000     0.002300     0.000571     0.001729 
    9.600000     0.000355     0.000560    -0.000205 
    9.700000    -0.005339     0.000550    -0.005889 
    9.800000     0.001283     0.000540     0.000743 
    9.900000     0.002426     0.000531     0.001895 
   10.000000     0.002393     0.000522     0.001871 
   10.100000     0.001164     0.000514     0.000650 
   10.200000    -0.002847     0.000506    -0.003353 
   10.300000     0.001882     0.000499     0.001383 
   10.400000    -0.004132     0.000492    -0.004624 
   10.500000    -0.005695     0.000485    -0.006180 
   10.600000     0.003070     0.000479     0.002591 
   10.700000    -0.001338     0.000473    -0.001811 
   10.800000    -0.003744     0.000467    -0.004211 
   10.900000    -0.000956     0.000462    -0.001418 
   11.000000    -0.001072     0.000457    -0.001529 
   11.100000    -0.004532     0.000452    -0.004984 
   11.200000    -0.007054     0.000448    -0.007502 
   11.300000    -0.004005     0.000443    -0.004448 
   11.400000     0.002643     0.000439     0.002204 
   11.500000     0.001797     0.000435     0.001362 
   11.600000     0.003871     0.000431     0.003440 
   11.700000     0.000748     0.000428     0.000320 
   11.800000     0.002242     0.000425     0.001817 
   11.900000    -0.001171     0.000421    -0.001592 
   12.000000     0.000739     0.000418     0.000321 
   12.100000     0.002307     0.000415     0.001892 
   12.200000     0.007075     0.000413     0.006662 
   12.300000     0.002890     0.000410     0.002480 
   12.400000     0.003491     0.000408     0.003083 
   12.500000     0.000282     0.000405    -0.000123 
   12.600000     0.000831     0.000403     0.000428 
   12.700000    -0.002179     0.000401    -0.002580 
   12.800000    -0.002119     0.000399    -0.002518 
   12.900000     0.004471     0.000397     0.004074 
   13.000000     0.004264     0.000396     0.003868 
   13.100000     0.003743     0.000394     0.003349 
   13.200000     0.002169     0.000392     0.001777 
   13.300000     0.007507     0.000391     0.007116 
   13.400000     0.001462     0.000389     0.001073 
   13.500000     0.002628     0.000388     0.002240 
   13.600000     0.004450     0.000387     0.004063 
   13.700000     0.005068     0.000385     0.004683 
   13.800000     0.004669     0.000384     0.004285 
   13.900000     0.004196     0.000383     0.003813 
   14.000000     0.002765     0.000382     0.002383 
   14.100000     0.006609     0.000381     0.006228 
   14.200000     0.003059     0.000380     0.002679 
   14.300000     0.004542     0.000379     0.004163 
   14.400000     0.002934     0.000378     0.002556 
   14.500000     0.003267     0.000378     0.002889 
   14.600000     0.001287     0.000377     0.000910 
   14.700000     0.002805     0.000376     0.002429 
   14.800000     0.003429     0.000375     0.003054 
   14.900000     0.000998     0.000375     0.000623 
   15.000000     0.001353     0.000374     0.000979 
   15.100000    -0.001183     0.000374    -0.001557 
   15.200000     0.005155     0.000373     0.004782 
   15.300000     0.006301     0.000372     0.005929 
   15.400000    -0.003813     0.000372    -0.004185 
   15.500000     0.000560     0.000371     0.000189 
   15.600000     0.001517     0.000371     0.001146 
   15.700000     0.001726     0.000371     0.001355 
   15.800000     0.002178     0.000370     0.001808 
   15.900000     0.000290     0.000370    -0.000080 
   16.000000    -0.000156     0.000369    -0.000525 
   16.100000    -0.000626     0.000369    -0.000995 
   16.200000     0.000353     0.000369    -0.000016 
   16.300000     0.000790     0.000368     0.000422 
   16.400000    -0.000491     0.000368    -0.000859 
   16.500000    -0.000004     0.000368    -0.000372 
   16.600000     0.000164     0.000368    -0.000204 
   16.700000    -0.000746     0.000367    -0.001113 
   16.800000    -0.002510     0.000367    -0.002877 
   16.900000    -0.001463     0.000367    -0.001830 
   17.000000     0.002300     0.000367     0.001933 
   17.100000     0.006528     0.000366     0.006162 
   17.200000     0.001785     0.000366     0.001419 
   17.300000     0.003280     0.000366     0.002914 
   17.400000    -0.004178     0.000366    -0.004544 
   17.500000    -0.001012     0.000366    -0.001378 
   17.600000     0.000741     0.000366     0.000375 
   17.700000     0.001101     0.000365     0.000736 
   17.800000    -0.001967     0.000365    -0.002332 
   17.900000     0.001031     0.000365     0.000666 
   18.000000    -0.000074     0.000365    -0.000439 
   18.100000    -0.000878     0.000365    -0.001243 
   18.200000     0.001333     0.000365     0.000968 
   18.300000     0.000673     0.000365     0.000308 
   18.400000     0.002316     0.000365     0.001951 
   18.500000     0.000235     0.000364    -0.000129 
   18.600000     0.003911     0.000364     0.003547 
   18.700000     0.001374     0.000364     0.001010 
   18.800000    -0.001748     0.000364    -0.002112 
   18.900000     0.001441     0.000364     0.001077 
   19.000000     0.003720     0.000364     0.003356 
   19.100000     0.003444     0.000364     0.003080 
   19.200000     0.001297     0.000364     0.000933 
   19.300000     0.002139     0.000364     0.001775 
   19.400000     0.007297     0.000364     0.006933 
   19.500000    -0.001325     0.000364    -0.001689 
   19.600000     0.000507     0.000364     0.000143 
   19.700000    -0.004145     0.000364    -0.004509 
   19.800000    -0.000751     0.000364    -0.001115 
   19.900000     0.001799     0.000364     0.001435 
   20.000000     0.001887     0.000363     0.001524 
   20.100000    -0.001423     0.000363    -0.001786 
   20.200000     0.002955     0.000363     0.002592 
   20.300000    -0.000118     0.000363    -0.000481 
   20.400000    -0.003374     0.000363    -0.003737 
   20.500000    -0.001479     0.000363    -0.001842 
   20.600000    -0.001342     0.000363    -0.001705 
   20.700000     0.001415     0.000363     0.001052 
   20.800000    -0.000482     0.000363    -0.000845 
   20.900000     0.001448     0.000363     0.001085 
   21.000000    -0.002091     0.000363    -0.002454 
   21.100000    -0.001972     0.000363    -0.002335 
   21.200000     0.001961     0.000363     0.001598 
   21.300000     0.001415     0.000363     0.001052 
   21.400000     0.003409     0.000363     0.003046 
   21.500000    -0.000573     0.000363    -0.000936 
   21.600000    -0.002790     0.000363    -0.003153 
   21.700000    -0.003655     0.000363    -0.004018 
   21.800000    -0.002942     0.000363    -0.003305 
   21.900000    -0.001754     0.000363    -0.002117 
   22.000000    -0.000732     0.000363    -0.001095 
   22.100000    -0.000827     0.000363    -0.001190 
   22.200000     0.004388     0.000363     0.004025 
   22.300000    -0.000658     0.000363    -0.001021 
   22.400000    -0.001782     0.000363    -0.002145 
   22.500000    -0.001041     0.000363    -0.001404 
   22.600000    -0.001373     0.000363    -0.001736 
   22.700000    -0.004749     0.000363    -0.005112 
   22.800000    -0.004228     0.000363    -0.004591 
   22.900000    -0.004382     0.000363    -0.004745 
   23.000000     0.000085     0.000363    -0.000278 
   23.100000    -0.005136     0.000363    -0.005499 
   23.200000    -0.000338     0.000363    -0.000701 
   23.300000     0.001504     0.000363     0.001141 
   23.400000    -0.003403     0.000363    -0.003766 
   23.500000    -0.000117     0.000363    -0.000480 
   23.600000    -0.000828     0.000363    -0.001191 
   23.700000    -0.001376     0.000363    -0.001739 
   23.800000     0.002270     0.000363     0.001907 
   23.900000    -0.001538     0.000363    -0.001901 
   24.000000    -0.003367     0.000363    -0.003730 
   24.100000    -0.001808     0.000363    -0.002171 
   24.200000     0.002869     0.000363     0.002506 
   24.300000    -0.000159     0.000363    -0.000522 
   24.400000     0.002211     0.000363     0.001848 
   24.500000    -0.002079     0.000363    -0.002442 
   24.600000     0.000007     0.000363    -0.000356 
   24.700000    -0.006775     0.000363    -0.007138 
   24.800000    -0.001845     0.000363    -0.002208 
   24.900000    -0.002629     0.000363    -0.002992 
   25.000000    -0.003225     0.000363    -0.003588 
   25.100000    -0.004355     0.000363    -0.004718 
   25.200000    -0.003670     0.000363    -0.004033 
   25.300000     0.001010     0.000363     0.000647 
   25.400000    -0.002143     0.000363    -0.002506 
   25.500000     0.001246     0.000363     0.000883 
   25.600000     0.004276     0.000363     0.003913 
   25.700000     0.003833     0.000363     0.003470 
   25.800000     0.004410     0.000363     0.004047 
   25.900000     0.002529     0.000363     0.002166 
   26.000000    -0.001742     0.000363    -0.002105 
   26.100000     0.002002     0.000363     0.001639 
   26.200000    -0.003819     0.000363    -0.004182 
   26.300000    -0.002656     0.000363    -0.003019 
   26.400000     0.001078     0.000363     0.000715 
   26.500000    -0.000631     0.000363    -0.000994 
   26.600000    -0.000984     0.000363    -0.001347 
   26.700000    -0.002565     0.000363    -0.002928 
   26.800000    -0.001991     0.000363    -0.002354 
   26.900000    -0.002502     0.000363    -0.002865 
   27.000000     0.002239     0.000363     0.001876 
   27.100000     0.003902     0.000363     0.003539 
   27.200000    -0.002654     0.000363    -0.003017 
   27.300000     0.004037     0.000363     0.003674 
   27.400000    -0.000002     0.000363    -0.000365 
   27.500000    -0.001016     0.000363    -0.001379 
   27.600000     0.003972     0.000363     0.003609 
   27.700000     0.006320     0.000363     0.005957 
   27.800000    -0.001062     0.000363    -0.001425 
   27.900000     0.000808     0.000363     0.000445 
   28.000000     0.001862     0.000363     0.001499 
   28.100000     0.001813     0.000363     0.001450 
   28.200000    -0.002759     0.000363    -0.003122 
   28.300000    -0.002790     0.000363    -0.003153 
   28.400000    -0.001129     0.000363    -0.001492 
   28.500000    -0.003749     0.000363    -0.004112 
   28.600000     0.002022     0.000363     0.001659 
   28.700000     0.002045     0.000363     0.001682 
   28.800000    -0.000071     0.000363    -0.000434 
   28.900000    -0.001830     0.000363    -0.002193 
   29.000000     0.000965     0.000363     0.000602 
   29.100000     0.001675     0.000363     0.001312 
   29.200000     0.003160     0.000363     0.002797 
   29.300000     0.002334     0.000363     0.001971 
   29.400000     0.001758     0.000363     0.001395 
   29.500000     0.000704     0.000363     0.000341 
   29.600000     0.003106     0.000363     0.002743 
   29.700000     0.000210     0.000363    -0.000153 
   29.800000    -0.000786     0.000363    -0.001149 
   29.900000    -0.001064     0.000363    -0.001427 
   30.000000     0.003410     0.000363     0.003047 
   30.100000    -0.000808     0.000363    -0.001171 
   30.200000     0.000076     0.000363    -0.000287 
   30.300000    -0.000030     0.000363    -0.000393 
   30.400000     0.003472     0.000363     0.003109 
   30.500000     0.000621     0.000363     0.000258 
   30.600000     0.001115     0.000363     0.000752 
   30.700000    -0.000211     0.000363    -0.000574 
   30.800000    -0.001038     0.000363    -0.001401 
   30.900000     0.002894     0.000363     0.002531 
   31.000000     0.001855     0.000363     0.001492 
   31.100000     0.001307     0.000363     0.000944 
   31.200000     0.002235     0.000363     0.001872 
   31.300000     0.001041     0.000363     0.000678 
   31.400000     0.002354     0.000363     0.001991 
   31.500000     0.001701     0.000363     0.001338 
   31.600000     0.005916     0.000363     0.005553 
   31.700000     0.003892     0.000363     0.003529 
   31.800000     0.003420     0.000363     0.003057 
   31.900000     0.005539     0.000363     0.005176 
   32.000000     0.002781     0.000363     0.002418 
   32.100000    -0.002303     0.000363    -0.002666 
   32.200000     0.004385     0.000363     0.004022 
   32.300000     0.002743     0.000363     0.002380 
   32.400000    -0.002668     0.000363    -0.003031 
   32.500000     0.001112     0.000363     0.000749 
   32.600000     0.004266     0.000363     0.003903 
   32.700000     0.003969     0.000363     0.003606 
   32.800000     0.006286     0.000363     0.005923 
   32.900000     0.003078     0.000363     0.002715 
   33.000000     0.001238     0.000363     0.000875 
   33.100000     0.003065     0.000363     0.002702 
   33.200000     0.002302     0.000363     0.001939 
   33.300000     0.003362     0.000363     0.002999 
   33.400000     0.006187     0.000363     0.005824 
   33.500000     0.007873     0.000363     0.007510 
   33.600000     0.006976     0.000363     0.006613 
   33.700000     0.005295     0.000363     0.004932 
   33.800000     0.005926     0.000363     0.005563 
   33.900000     0.002659     0.000363     0.002296 
   34.000000     0.004877     0.000363     0.004514 
   34.100000     0.002324     0.000363     0.001961 
   34.200000     0.002282     0.000363     0.001919 
   34.300000     0.002906     0.000363     0.002543 
   34.400000     0.002218     0.000363     0.001855 
   34.500000     0.000354     0.000363    -0.000009 
   34.600000     0.004162     0.000363     0.003799 
   34.700000     0.001481     0.000363     0.001118 
   34.800000    -0.000718     0.000363    -0.001081 
   34.900000     0.000719     0.000363     0.000356 
   35.000000    -0.002476     0.000363    -0.002839 
   35.100000     0.002257     0.000363     0.001894 
   35.200000     0.003510     0.000363     0.003147 
   35.300000     0.001020     0.000363     0.000657 
   35.400000    -0.006835     0.000363    -0.007198 
   35.500000     0.001277     0.000363     0.000914 
   35.600000    -0.001478     0.000363    -0.001841 
   35.700000    -0.001391     0.000363    -0.001754 
   35.800000    -0.002489     0.000363    -0.002852 
   35.900000    -0.001417     0.000363    -0.001780 
   36.000000    -0.003406     0.000363    -0.003769 
   36.100000    -0.001497     0.000363    -0.001860 
   36.200000    -0.000522     0.000363    -0.000885 
   36.300000    -0.001490     0.000363    -0.001853 
   36.400000    -0.000461     0.000363    -0.000824 
   36.500000    -0.000768     0.000363    -0.001131 
   36.600000    -0.002267     0.000363    -0.002630 
   36.700000    -0.000336     0.000363    -0.000699 
   36.800000     0.005634     0.000363     0.005271 
   36.900000     0.001869     0.000363     0.001506 
   37.000000     0.001022     0.000363     0.000659 
   37.100000     0.000123     0.000363    -0.000240 
   37.200000    -0.003085     0.000363    -0.003448 
   37.300000     0.001915     0.000363     0.001552 
   37.400000     0.004459     0.000363     0.004096 
   37.500000     0.006514     0.000363     0.006151 
   37.600000     0.000351     0.000363    -0.000012 
   37.700000     0.001894     0.000363     0.001531 
   37.800000     0.002700     0.000363     0.002337 
   37.900000    -0.001537     0.000363    -0.001900 
   38.000000    -0.005540     0.000363    -0.005903 
   38.100000    -0.007359     0.000363    -0.007722 
   38.200000    -0.001435     0.000363    -0.001798 
   38.300000    -0.003265     0.000363    -0.003628 
   38.400000    -0.007376     0.000363    -0.007739 
   38.500000    -0.000593     0.000363    -0.000956 
   38.600000    -0.002623     0.000363    -0.002986 
   38.700000    -0.001313     0.000363    -0.001676 
   38.800000    -0.004547     0.000363    -0.004910 
   38.900000    -0.005414     0.000363    -0.005777 
   39.000000    -0.004069     0.000363    -0.004432 
   39.100000    -0.003669     0.000363    -0.004032 
   39.200000    -0.001433     0.000363    -0.001796 
   39.300000    -0.003795     0.000363    -0.004158 
   39.400000     0.000520     0.000363     0.000157 
   39.500000     0.001605     0.000363     0.001242 
   39.600000     0.002296     0.000363     0.001933 
   39.700000     0.002837     0.000363     0.002474 
   39.800000    -0.002818     0.000363    -0.003181 
   39.900000    -0.002381     0.000363    -0.002744 
   40.000000    -0.006665     0.000363    -0.007028 
   40.100000    -0.005092     0.000363    -0.005455 
   40.200000    -0.003290     0.000363    -0.003653 
   40.300000    -0.005477     0.000363    -0.005840 
   40.400000     0.001466     0.000363     0.001103 
   40.500000    -0.002248     0.000363    -0.002611 
   40.600000    -0.000534     0.000363    -0.000897 
   40.700000     0.000143     0.000363    -0.000220 
   40.800000     0.003507     0.000363     0.003144 
   40.900000     0.005615     0.000363     0.005252 
   41.000000     0.005600     0.000363     0.005237 
   41.100000    -0.000764     0.000363    -0.001127 
   41.200000    -0.001343     0.000363    -0.001706 
   41.300000     0.002926     0.000363     0.002563 
   41.400000     0.001963     0.000363     0.001600 
   41.500000     0.000036     0.000363    -0.000327 
   41.600000    -0.004539     0.000363    -0.004902 
   41.700000    -0.001507     0.000363    -0.001870 
   41.800000     0.000141     0.000363    -0.000222 
   41.900000    -0.003639     0.000363    -0.004002 
   42.000000    -0.004695     0.000363    -0.005058 
   42.100000    -0.002304     0.000363    -0.002667 
   42.200000    -0.004536     0.000363    -0.004899 
   42.300000    -0.006030     0.000363    -0.006393 
   42.400000    -0.001375     0.000363    -0.001738 
   42.500000    -0.002405     0.000363    -0.002768 
   42.600000    -0.003360     0.000363    -0.003723 
   42.700000     0.001287     0.000363     0.000924 
   42.800000     0.003135     0.000363     0.002772 
   42.900000     0.002399     0.000363     0.002036 
   43.000000     0.002492     0.000363     0.002129 
   43.100000    -0.003286     0.000363    -0.003649 
   43.200000     0.001942     0.000363     0.001579 
   43.300000     0.001980     0.000363     0.001617 
   43.400000     0.001236     0.000363     0.000873 
   43.500000    -0.000029     0.000363    -0.000392 
   43.600000    -0.001476     0.000363    -0.001839 
   43.700000     0.000180     0.000363    -0.000183 
   43.800000    -0.001501     0.000363    -0.001864 
   43.900000     0.005349     0.000363     0.004986 
   44.000000     0.003491     0.000363     0.003128 
   44.100000     0.002258     0.000363     0.001895 
   44.200000     0.003364     0.000363     0.003001 
   44.300000     0.003295     0.000363     0.002932 
   44.400000    -0.002593     0.000363    -0.002956 
   44.500000     0.005355     0.000363     0.004992 
   44.600000     0.005206     0.000363     0.004843 
   44.700000     0.010355     0.000363     0.009992 
   44.800000     0.002688     0.000363     0.002325 
   44.900000     0.001621     0.000363     0.001258 
   45.000000    -0.003250     0.000363    -0.003613 
   45.100000     0.003433     0.000363     0.003070 
   45.200000    -0.002328     0.000363    -0.002691 
   45.300000     0.001808     0.000363     0.001445 
   45.400000     0.000707     0.000363     0.000344 
   45.500000     0.002061     0.000363     0.001698 
   45.600000     0.002033     0.000363     0.001670 
   45.700000     0.004752     0.000363     0.004389 
   45.800000     0.000796     0.000363     0.000433 
   45.900000     0.001071     0.000363     0.000708 
   46.000000    -0.000813     0.000363    -0.001176 
   46.100000    -0.005985     0.000363    -0.006348 
   46.200000    -0.005209     0.000363    -0.005572 
   46.300000    -0.001418     0.000363    -0.001781 
   46.400000     0.000570     0.000363     0.000207 
   46.500000    -0.001256     0.000363    -0.001619 
   46.600000     0.001738     0.000363     0.001375 
   46.700000     0.002510     0.000363     0.002147 
   46.800000     0.001969     0.000363     0.001606 
   46.900000     0.004155     0.000363     0.003792 
   47.000000     0.000588     0.000363     0.000225 
   47.100000     0.000225     0.000363    -0.000138 
   47.200000     0.000851     0.000363     0.000488 
   47.300000    -0.000007     0.000363    -0.000370 
   47.400000    -0.002932     0.000363    -0.003295 
   47.500000    -0.001236     0.000363    -0.001599 
   47.600000    -0.004463     0.000363    -0.004826 
   47.700000    -0.007525     0.000363    -0.007888 
   47.800000    -0.001834     0.000363    -0.002197 
   47.900000    -0.004154     0.000363    -0.004517 
   48.000000    -0.008151     0.000363    -0.008514 
   48.100000    -0.004321     0.000363    -0.004684 
   48.200000     0.000512     0.000363     0.000149 
   48.300000     0.000889     0.000363     0.000526 
   48.400000     0.003394     0.000363     0.003031 
   48.500000     0.002211     0.000363     0.001848 
   48.600000     0.002294     0.000363     0.001931 
   48.700000     0.000666     0.000363     0.000303 
   48.800000    -0.001738     0.000363    -0.002101 
   48.900000    -0.000643     0.000363    -0.001006 
   49.000000     0.000875     0.000363     0.000512 
   49.100000     0.000445     0.000363     0.000082 
   49.200000     0.004171     0.000363     0.003808 
   49.300000     0.000945     0.000363     0.000582 
   49.400000     0.000098     0.000363    -0.000265 
   49.500000     0.004652     0.000363     0.004289 
   49.600000    -0.003967     0.000363    -0.004330 
   49.700000    -0.002211     0.000363    -0.002574 
   49.800000    -0.004456     0.000363    -0.004819 
   49.900000    -0.001651     0.000363    -0.002014 
   50.000000     0.002197     0.000363     0.001834 
   50.100000    -0.002873     0.000363    -0.003236 
   50.200000     0.000620     0.000363     0.000257 
   50.300000     0.003194     0.000363     0.002831 
   50.400000    -0.006004     0.000363    -0.006367 
   50.500000    -0.007247     0.000363    -0.007610 
   50.600000    -0.010413     0.000363    -0.010776 
   50.700000    -0.009416     0.000363    -0.009779 
   50.800000    -0.007027     0.000363    -0.007390 
   50.900000    -0.000490     0.000363    -0.000853 
   51.000000    -0.001181     0.000363    -0.001544 
   51.100000    -0.000424     0.000363    -0.000787 
   51.200000    -0.001026     0.000363    -0.001389 
   51.300000    -0.003093     0.000363    -0.003456 
   51.400000    -0.005886     0.000363    -0.006249 
   51.500000    -0.003471     0.000363    -0.003834 
   51.600000    -0.007715     0.000363    -0.008078 
   51.700000    -0.005447     0.000363    -0.005810 
   51.800000    -0.001210     0.000363    -0.001573 
   51.900000    -0.000554     0.000363    -0.000917 
   52.000000    -0.002350     0.000363    -0.002713 
   52.100000    -0.003434     0.000363    -0.003797 
   52.200000    -0.005110     0.000363    -0.005473 
   52.300000    -0.005035     0.000363    -0.005398 
   52.400000    -0.006123     0.000363    -0.006486 
   52.500000    -0.001537     0.000363    -0.001900 
   52.600000    -0.000046     0.000363    -0.000409 
   52.700000    -0.000823     0.000363    -0.001186 
   52.800000     0.002896     0.000363     0.002533 
   52.900000    -0.002341     0.000363    -0.002704 
   53.000000    -0.000237     0.000363    -0.000600 
   53.100000     0.001283     0.000363     0.000920 
   53.200000    -0.003760     0.000363    -0.004123 
   53.300000    -0.000860     0.000363    -0.001223 
   53.400000    -0.007025     0.000363    -0.007388 
   53.500000    -0.004071     0.000363    -0.004434 
   53.600000    -0.003590     0.000363    -0.003953 
   53.700000    -0.006239     0.000363    -0.006602 
   53.800000    -0.006979     0.000363    -0.007342 
   53.900000    -0.004188     0.000363    -0.004551 
   54.000000     0.002707     0.000363     0.002344 
   54.100000     0.002208     0.000363     0.001845 
   54.200000    -0.002123     0.000363    -0.002486 
   54.300000     0.003379     0.000363     0.003016 
   54.400000     0.002222     0.000363     0.001859 
   54.500000    -0.002508     0.000363    -0.002871 
   54.600000     0.000353     0.000363    -0.000010 
   54.700000    -0.001920     0.000363    -0.002283 
   54.800000     0.000884     0.000363     0.000521 
   54.900000     0.001414     0.000363     0.001051 
   55.000000     0.002875     0.000363     0.002512 
   55.100000     0.001064     0.000363     0.000701 
   55.200000    -0.003878     0.000363    -0.004241 
   55.300000    -0.001404     0.000363    -0.001767 
   55.400000    -0.000511     0.000363    -0.000874 
   55.500000     0.001666     0.000363     0.001303 
   55.600000    -0.000946     0.000363    -0.001309 
   55.700000    -0.002871     0.000363    -0.003234 
   55.800000     0.001567     0.000363     0.001204 
   55.900000     0.000170     0.000363    -0.000193 
   56.000000    -0.000883     0.000363    -0.001246 
   56.100000    -0.000514     0.000363    -0.000877 
   56.200000     0.003405     0.000363     0.003042 
   56.300000     0.000688     0.000363     0.000325 
   56.400000    -0.001808     0.000363    -0.002171 
   56.500000    -0.005280     0.000363    -0.005643 
   56.600000     0.000112     0.000363    -0.000251 
   56.700000     0.004566     0.000363     0.004203 
   56.800000     0.000605     0.000363     0.000242 
   56.900000     0.002788     0.000363     0.002425 
   57.000000     0.006455     0.000363     0.006092 
   57.100000     0.006607     0.000363     0.006244 
   57.200000     0.004371     0.000363     0.004008 
   57.300000     0.006825     0.000363     0.006462 
   57.400000     0.005278     0.000363     0.004915 
   57.500000     0.006313     0.000363     0.005950 
   57.600000     0.003378     0.000363     0.003015 
   57.700000    -0.003054     0.000363    -0.003417 
   57.800000     0.004922     0.000363     0.004559 
   57.900000     0.008475     0.000363     0.008112 
   58.000000     0.005687     0.000363     0.005324 
   58.100000     0.001790     0.000363     0.001427 
   58.200000     0.003426     0.000363     0.003063 
   58.300000     0.001286     0.000363     0.000923 
   58.400000     0.002812     0.000363     0.002449 
   58.500000     0.000796     0.000363     0.000433 
   58.600000     0.003920     0.000363     0.003557 
   58.700000     0.006879     0.000363     0.006516 
   58.800000     0.003147     0.000363     0.002784 
   58.900000     0.004897     0.000363     0.004534 
   59.000000     0.001856     0.000363     0.001493 
   59.100000     0.005186     0.000363     0.004823 
   59.200000     0.002702     0.000363     0.002339 
   59.300000    -0.001259     0.000363    -0.001622 
   59.400000    -0.001463     0.000363    -0.001826 
   59.500000    -0.000102     0.000363    -0.000465 
   59.600000    -0.001138     0.000363    -0.001501 
   59.700000     0.005118     0.000363     0.004755 
   59.800000    -0.000356     0.000363    -0.000719 
   59.900000     0.002125     0.000363     0.001762 
   60.000000     0.004561     0.000363     0.004198 
   60.100000     0.002111     0.000363     0.001748 
   60.200000     0.002284     0.000363     0.001921 
   60.300000     0.003221     0.000363     0.002858 
   60.400000     0.001587     0.000363     0.001224 
   60.500000    -0.001110     0.000363    -0.001473 
   60.600000     0.004332     0.000363     0.003969 
   60.700000     0.007793     0.000363     0.007430 
   60.800000     0.003412     0.000363     0.003049 
   60.900000    -0.000820     0.000363    -0.001183 
   61.000000    -0.003320     0.000363    -0.003683 
   61.100000     0.003864     0.000363     0.003501 
   61.200000    -0.002268     0.000363    -0.002631 
   61.300000    -0.000665     0.000363    -0.001028 
   61.400000    -0.003173     0.000363    -0.003536 
   61.500000     0.000922     0.000363     0.000559 
   61.600000     0.004901     0.000363     0.004538 
   61.700000     0.004668     0.000363     0.004305 
   61.800000     0.002587     0.000363     0.002224 
   61.900000     0.003400     0.000363     0.003037 
   62.000000    -0.003580     0.000363    -0.003943 
   62.100000    -0.000280     0.000363    -0.000643 
   62.200000     0.000323     0.000363    -0.000040 
   62.300000     0.003613     0.000363     0.003250 
   62.400000     0.004821     0.000363     0.004458 
   62.500000     0.005788     0.000363     0.005425 
   62.600000     0.009194     0.000363     0.008831 
   62.700000     0.003863     0.000363     0.003500 
   62.800000     0.000502     0.000363     0.000139 
   62.900000    -0.001233     0.000363    -0.001596 
   63.000000     0.001092     0.000363     0.000729 
   63.100000     0.002198     0.000363     0.001835 
   63.200000     0.002904     0.000363     0.002541 
   63.300000     0.006926     0.000363     0.006563 
   63.400000     0.001490     0.000363     0.001127 
   63.500000    -0.002582     0.000363    -0.002945 
   63.600000    -0.003042     0.000363    -0.003405 
   63.700000     0.001526     0.000363     0.001163 
   63.800000    -0.002432     0.000363    -0.002795 
   63.900000    -0.001408     0.000363    -0.001771 
   64.000000    -0.004492     0.000363    -0.004855 
   64.100000    -0.001756     0.000363    -0.002119 
   64.200000    -0.000022     0.000363    -0.000385 
   64.300000     0.003509     0.000363     0.003146 
   64.400000    -0.004885     0.000363    -0.005248 
   64.500000    -0.004512     0.000363    -0.004875 
   64.600000    -0.002301     0.000363    -0.002664 
   64.700000    -0.001608     0.000363    -0.001971 
   64.800000    -0.000948     0.000363    -0.001311 
   64.900000    -0.002945     0.000363    -0.003308 
   65.000000     0.003853     0.000363     0.003490 
   65.100000     0.001608     0.000363     0.001245 
   65.200000    -0.002123     0.000363    -0.002486 
   65.300000    -0.000151     0.000363    -0.000514 
   65.400000    -0.002890     0.000363    -0.003253 
   65.500000     0.001002     0.000363     0.000639 
   65.600000     0.000525     0.000363     0.000162 
   65.700000     0.000741     0.000363     0.000378 
   65.800000     0.003238     0.000363     0.002875 
   65.900000     0.003164     0.000363     0.002801 
   66.000000    -0.000572     0.000363    -0.000935 
   66.100000     0.003515     0.000363     0.003152 
   66.200000     0.004411     0.000363     0.004048 
   66.300000     0.001308     0.000363     0.000945 
   66.400000     0.004054     0.000363     0.003691 
   66.500000     0.001500     0.000363     0.001137 
   66.600000     0.001828     0.000363     0.001465 
   66.700000     0.000880     0.000363     0.000517 
   66.800000     0.002723     0.000363     0.002360 
   66.900000     0.006461     0.000363     0.006098 
   67.000000    -0.000104     0.000363    -0.000467 
   67.100000     0.001470     0.000363     0.001107 
   67.200000     0.001401     0.000363     0.001038 
   67.300000    -0.001032     0.000363    -0.001395 
   67.400000     0.000122     0.000363    -0.000241 
   67.500000     0.001417     0.000363     0.001054 
   67.600000    -0.004031     0.000363    -0.004394 
   67.700000    -0.009549     0.000363    -0.009912 
   67.800000    -0.007640     0.000363    -0.008003 
   67.900000    -0.000566     0.000363    -0.000929 
   68.000000    -0.006659     0.000363    -0.007022 
   68.100000    -0.003741     0.000363    -0.004104 
   68.200000    -0.005655     0.000363    -0.006018 
   68.300000    -0.002432     0.000363    -0.002795 
   68.400000    -0.004428     0.000363    -0.004791 
   68.500000    -0.003991     0.000363    -0.004354 
   68.600000    -0.001663     0.000363    -0.002026 
   68.700000    -0.002257     0.000363    -0.002620 
   68.800000    -0.004084     0.000363    -0.004447 
   68.900000    -0.010042     0.000363    -0.010405 
   69.000000    -0.003170     0.000363    -0.003533 
   69.100000    -0.000636     0.000363    -0.000999 
   69.200000    -0.002940     0.000363    -0.003303 
   69.300000    -0.000265     0.000363    -0.000628 
   69.400000    -0.000879     0.000363    -0.001242 
   69.500000     0.000160     0.000363    -0.000203 
   69.600000    -0.002356     0.000363    -0.002719 
   69.700000    -0.004453     0.000363    -0.004816 
   69.800000    -0.000272     0.000363    -0.000635 
   69.900000    -0.011013     0.000363    -0.011376 
   70.000000    -0.004061     0.000363    -0.004424 
   70.100000     0.003306     0.000363     0.002943 
   70.200000    -0.001912     0.000363    -0.002275 
   70.300000     0.000995     0.000363     0.000632 
   70.400000    -0.000400     0.000363    -0.000763 
   70.500000    -0.001045     0.000363    -0.001408 
   70.600000    -0.001915     0.000363    -0.002278 
   70.700000    -0.002132     0.000363    -0.002495 
   70.800000     0.003132     0.000363     0.002769 
   70.900000     0.000544     0.000363     0.000181 
   71.000000     0.001817     0.000363     0.001454 
   71.100000     0.003259     0.000363     0.002896 
   71.200000     0.001464     0.000363     0.001101 
   71.300000     0.004177     0.000363     0.003814 
   71.400000     0.003627     0.000363     0.003264 
   71.500000     0.007858     0.000363     0.007495 
   71.600000     0.008148     0.000363     0.007785 
   71.700000    -0.000477     0.000363    -0.000840 
   71.800000    -0.000498     0.000363    -0.000861 
   71.900000    -0.003793     0.000363    -0.004156 
   72.000000    -0.000287     0.000363    -0.000650 
   72.100000     0.002684     0.000363     0.002321 
   72.200000    -0.000392     0.000363    -0.000755 
   72.300000     0.003825     0.000363     0.003462 
   72.400000    -0.000154     0.000363    -0.000517 
   72.500000    -0.002383     0.000363    -0.002746 
   72.600000     0.002198     0.000363     0.001835 
   72.700000    -0.001914     0.000363    -0.002277 
   72.800000     0.001184     0.000363     0.000821 
   72.900000    -0.000038     0.000363    -0.000401 
   73.000000     0.005773     0.000363     0.005410 
   73.100000     0.003613     0.000363     0.003250 
   73.200000     0.004494     0.000363     0.004131 
   73.300000     0.004419     0.000363     0.004056 
   73.400000     0.001205     0.000363     0.000842 
   73.500000     0.000759     0.000363     0.000396 
   73.600000     0.005997     0.000363     0.005634 
   73.700000    -0.001979     0.000363    -0.002342 
   73.800000    -0.003048     0.000363    -0.003411 
   73.900000     0.002717     0.000363     0.002354 
   74.000000     0.004854     0.000363     0.004491 
   74.100000     0.007030     0.000363     0.006667 
   74.200000     0.005248     0.000363     0.004885 
   74.300000     0.004071     0.000363     0.003708 
   74.400000     0.000508     0.000363     0.000145 
   74.500000     0.003002     0.000363     0.002639 
   74.600000     0.006300     0.000363     0.005937 
   74.700000     0.004815     0.000363     0.004452 
   74.800000     0.002514     0.000363     0.002151 
   74.900000     0.005643     0.000363     0.005280 
   75.000000     0.002743     0.000363     0.002380 
   75.100000     0.007028     0.000363     0.006665 
   75.200000     0.007045     0.000363     0.006682 
   75.300000     0.005020     0.000363     0.004657 
   75.400000     0.001522     0.000363     0.001159 
   75.500000     0.003167     0.000363     0.002804 
   75.600000    -0.006503     0.000363    -0.006866 
   75.700000    -0.000336     0.000363    -0.000699 
   75.800000     0.004831     0.000363     0.004468 
   75.900000     0.001702     0.000363     0.001339 
   76.000000    -0.000720     0.000363    -0.001083 
   76.100000     0.001075     0.000363     0.000712 
   76.200000     0.003151     0.000363     0.002788 
   76.300000     0.003307     0.000363     0.002944 
   76.400000     0.003737     0.000363     0.003374 
   76.500000     0.006132     0.000363     0.005769 
   76.600000     0.002789     0.000363     0.002426 
   76.700000     0.001448     0.000363     0.001085 
   76.800000    -0.002574     0.000363    -0.002937 
   76.900000    -0.004050     0.000363    -0.004413 
   77.000000    -0.000847     0.000363    -0.001210 
   77.100000     0.001479     0.000363     0.001116 
   77.200000    -0.000036     0.000363    -0.000399 
   77.300000    -0.000831     0.000363    -0.001194 
   77.400000     0.000211     0.000363    -0.000152 
   77.500000    -0.005183     0.000363    -0.005546 
   77.600000    -0.002985     0.000363    -0.003348 
   77.700000     0.001733     0.000363     0.001370 
   77.800000     0.004046     0.000363     0.003683 
   77.900000     0.006770     0.000363     0.006407 
   78.000000     0.005124     0.000363     0.004761 
   78.100000     0.012503     0.000363     0.012140 
   78.200000     0.008005     0.000363     0.007642 
   78.300000     0.007689     0.000363     0.007326 
   78.400000    -0.000227     0.000363    -0.000590 
   78.500000     0.003660     0.000363     0.003297 
   78.600000     0.008913     0.000363     0.008550 
   78.700000     0.007012     0.000363     0.006649 
   78.800000     0.007862     0.000363     0.007499 
   78.900000     0.002262     0.000363     0.001899 
   79.000000     0.001307     0.000363     0.000944 
   79.100000    -0.002776     0.000363    -0.003139 
   79.200000    -0.002644     0.000363    -0.003007 
   79.300000     0.004174     0.000363     0.003811 
   79.400000     0.001196     0.000363     0.000833 
   79.500000     0.003571     0.000363     0.003208 
   79.600000     0.005498     0.000363     0.005135 
   79.700000     0.003950     0.000363     0.003587 
   79.800000    -0.001920     0.000363    -0.002283 
   79.900000     0.005016     0.000363     0.004653 
   80.000000     0.002925     0.000363     0.002562 
   80.100000     0.001667     0.000363     0.001304 
   80.200000     0.000319     0.000363    -0.000044 
   80.300000     0.002582     0.000363     0.002219 
   80.400000    -0.001129     0.000363    -0.001492 
   80.500000     0.003078     0.000363     0.002715 
   80.600000     0.002980     0.000363     0.002617 
   80.700000    -0.001656     0.000363    -0.002019 
   80.800000    -0.000498     0.000363    -0.000861 
   80.900000     0.001001     0.000363     0.000638 
   81.000000     0.001899     0.000363     0.001536 
   81.100000    -0.001698     0.000363    -0.002061 
   81.200000    -0.005806     0.000363    -0.006169 
   81.300000     0.001211     0.000363     0.000848 
   81.400000     0.002462     0.000363     0.002099 
   81.500000     0.004755     0.000363     0.004392 
   81.600000     0.006692     0.000363     0.006329 
   81.700000    -0.002171     0.000363    -0.002534 
   81.800000    -0.003429     0.000363    -0.003792 
   81.900000    -0.001394     0.000363    -0.001757 
   82.000000    -0.007305     0.000363    -0.007668 
   82.100000     0.006419     0.000363     0.006056 
   82.200000     0.001246     0.000363     0.000883 
   82.300000    -0.000443     0.000363    -0.000806 
   82.400000    -0.002788     0.000363    -0.003151 
   82.500000     0.002416     0.000363     0.002053 
   82.600000    -0.005622     0.000363    -0.005985 
   82.700000    -0.000328     0.000363    -0.000691 
   82.800000    -0.001736     0.000363    -0.002099 
   82.900000     0.003161     0.000363     0.002798 
   83.000000     0.001914     0.000363     0.001551 
   83.100000    -0.000773     0.000363    -0.001136 
   83.200000    -0.008835     0.000363    -0.009198 
   83.300000    -0.007413     0.000363    -0.007776 
   83.400000     0.001299     0.000363     0.000936 
   83.500000     0.004308     0.000363     0.003945 
   83.600000     0.004866     0.000363     0.004503 
   83.700000     0.000868     0.000363     0.000505 
   83.800000     0.001460     0.000363     0.001097 
   83.900000    -0.002313     0.000363    -0.002676 
   84.000000     0.001356     0.000363     0.000993 
   84.100000     0.003037     0.000363     0.002674 
   84.200000    -0.002238     0.000363    -0.002601 
   84.300000     0.002869     0.000363     0.002506 
   84.400000    -0.001745     0.000363    -0.002108 
   84.500000    -0.004627     0.000363    -0.004990 
   84.600000     0.001723     0.000363     0.001360 
   84.700000    -0.002512     0.000363    -0.002875 
   84.800000     0.002135     0.000363     0.001772 
   84.900000     0.002240     0.000363     0.001877 
   85.000000    -0.005851     0.000363    -0.006214 
   85.100000    -0.001194     0.000363    -0.001557 
   85.200000     0.002034     0.000363     0.001671 
   85.300000     0.006052     0.000363     0.005689 
   85.400000     0.002819     0.000363     0.002456 
   85.500000    -0.001806     0.000363    -0.002169 
   85.600000     0.003137     0.000363     0.002774 
   85.700000    -0.004793     0.000363    -0.005156 
   85.800000    -0.001977     0.000363    -0.002340 
   85.900000     0.000695     0.000363     0.000332 
   86.000000    -0.006434     0.000363    -0.006797 
   86.100000    -0.001690     0.000363    -0.002053 
   86.200000    -0.007976     0.000363    -0.008339 
   86.300000    -0.005793     0.000363    -0.006156 
   86.400000    -0.001570     0.000363    -0.001933 
   86.500000    -0.006071     0.000363    -0.006434 
   86.600000    -0.000956     0.000363    -0.001319 
   86.700000    -0.001595     0.000363    -0.001958 
   86.800000    -0.002032     0.000363    -0.002395 
   86.900000    -0.004536     0.000363    -0.004899 
   87.000000    -0.004968     0.000363    -0.005331 
   87.100000    -0.000965     0.000363    -0.001328 
   87.200000    -0.001237     0.000363    -0.001600 
   87.300000    -0.007482     0.000363    -0.007845 
   87.400000    -0.001838     0.000363    -0.002201 
   87.500000    -0.004059     0.000363    -0.004422 
   87.600000    -0.000875     0.000363    -0.001238 
   87.700000    -0.001683     0.000363    -0.002046 
   87.800000    -0.002227     0.000363    -0.002590 
   87.900000     0.003642     0.000363     0.003279 
   88.000000     0.000545     0.000363     0.000182 
   88.100000     0.000409     0.000363     0.000046 
   88.200000     0.000492     0.000363     0.000129 
   88.300000    -0.004858     0.000363    -0.005221 
   88.400000    -0.005587     0.000363    -0.005950 
   88.500000     0.001299     0.000363     0.000936 
   88.600000     0.005718     0.000363     0.005355 
   88.700000     0.006408     0.000363     0.006045 
   88.800000     0.001858     0.000363     0.001495 
   88.900000     0.000250     0.000363    -0.000113 
   89.000000     0.001665     0.000363     0.001302 
   89.100000    -0.002247     0.000363    -0.002610 
   89.200000     0.006686     0.000363     0.006323 
   89.300000     0.008059     0.000363     0.007696 
   89.400000     0.001039     0.000363     0.000676 
   89.500000     0.002033     0.000363     0.001670 
   89.600000    -0.000005     0.000363    -0.000368 
   89.700000     0.000666     0.000363     0.000303 
   89.800000     0.004918     0.000363     0.004555 
   89.900000     0.007879     0.000363     0.007516 
   90.000000     0.000364     0.000363     0.000001 
   90.100000     0.002754     0.000363     0.002391 
   90.200000    -0.004509     0.000363    -0.004872 
   90.300000    -0.007388     0.000363    -0.007751 
   90.400000     0.001166     0.000363     0.000803 
   90.500000     0.000561     0.000363     0.000198 
   90.600000     0.000592     0.000363     0.000229 
   90.700000     0.002386     0.000363     0.002023 
   90.800000    -0.002102     0.000363    -0.002465 
   90.900000    -0.000188     0.000363    -0.000551 
   91.000000     0.001632     0.000363     0.001269 
   91.100000    -0.007107     0.000363    -0.007470 
   91.200000     0.002162     0.000363     0.001799 
   91.300000    -0.000840     0.000363    -0.001203 
   91.400000    -0.000188     0.000363    -0.000551 
   91.500000    -0.000565     0.000363    -0.000928 
   91.600000     0.008312     0.000363     0.007949 
   91.700000     0.006789     0.000363     0.006426 
   91.800000     0.006228     0.000363     0.005865 
   91.900000     0.004934     0.000363     0.004571 
   92.000000     0.005549     0.000363     0.005186 
   92.100000    -0.000112     0.000363    -0.000475 
   92.200000     0.005652     0.000363     0.005289 
   92.300000     0.002570     0.000363     0.002207 
   92.400000     0.005423     0.000363     0.005060 
   92.500000     0.009069     0.000363     0.008706 
   92.600000    -0.001986     0.000363    -0.002349 
   92.700000     0.001780     0.000363     0.001417 
   92.800000    -0.000771     0.000363    -0.001134 
   92.900000    -0.003054     0.000363    -0.003417 
   93.000000     0.007512     0.000363     0.007149 
   93.100000     0.006067     0.000363     0.005704 
   93.200000     0.008667     0.000363     0.008304 
   93.300000     0.003388     0.000363     0.003025 
   93.400000    -0.004941     0.000363    -0.005304 
   93.500000     0.005773     0.000363     0.005410 
   93.600000     0.003581     0.000363     0.003218 
   93.700000     0.001316     0.000363     0.000953 
   93.800000    -0.003045     0.000363    -0.003408 
   93.900000     0.001482     0.000363     0.001119 
   94.000000    -0.001781     0.000363    -0.002144 
   94.100000     0.000808     0.000363     0.000445 
   94.200000    -0.004536     0.000363    -0.004899 
   94.300000    -0.000832     0.000363    -0.001195 
   94.400000     0.002058     0.000363     0.001695 
   94.500000    -0.000051     0.000363    -0.000414 
   94.600000     0.005466     0.000363     0.005103 
   94.700000     0.005360     0.000363     0.004997 
   94.800000     0.004762     0.000363     0.004399 
   94.900000     0.001370     0.000363     0.001007 
   95.000000     0.004867     0.000363     0.004504 
   95.100000     0.009274     0.000363     0.008911 
   95.200000     0.000030     0.000363    -0.000333 
   95.300000    -0.000138     0.000363    -0.000501 
   95.400000     0.001741     0.000363     0.001378 
   95.500000     0.000640     0.000363     0.000277 
   95.600000    -0.000984     0.000363    -0.001347 
   95.700000     0.000927     0.000363     0.000564 
   95.800000     0.002199     0.000363     0.001836 
   95.900000    -0.001320     0.000363    -0.001683 
   96.000000    -0.001382     0.000363    -0.001745 
   96.100000    -0.003078     0.000363    -0.003441 
   96.200000    -0.002060     0.000363    -0.002423 
   96.300000    -0.006384     0.000363    -0.006747 
   96.400000     0.002861     0.000363     0.002498 
   96.500000    -0.000581     0.000363    -0.000944 
   96.600000    -0.005443     0.000363    -0.005806 
   96.700000    -0.001916     0.000363    -0.002279 
   96.800000    -0.002874     0.000363    -0.003237 
   96.900000    -0.001253     0.000363    -0.001616 
   97.000000     0.004110     0.000363     0.003747 
   97.100000    -0.002945     0.000363    -0.003308 
   97.200000    -0.008320     0.000363    -0.008683 
   97.300000    -0.009186     0.000363    -0.009549 
   97.400000    -0.004824     0.000363    -0.005187 
   97.500000    -0.007267     0.000363    -0.007630 
   97.600000    -0.000524     0.000363    -0.000887 
   97.700000     0.003137     0.000363     0.002774 
   97.800000    -0.005873     0.000363    -0.006236 
   97.900000    -0.000524     0.000363    -0.000887 
   98.000000     0.003430     0.000363     0.003067 
   98.100000    -0.001985     0.000363    -0.002348 
   98.200000    -0.002767     0.000363    -0.003130 
   98.300000    -0.002661     0.000363    -0.003024 
   98.400000     0.007044     0.000363     0.006681 
   98.500000    -0.001235     0.000363    -0.001598 
   98.600000    -0.003968     0.000363    -0.004331 
   98.700000    -0.000349     0.000363    -0.000712 
   98.800000    -0.004164     0.000363    -0.004527 
   98.900000    -0.009850     0.000363    -0.010213 
   99.000000    -0.008428     0.000363    -0.008791 
   99.100000     0.000687     0.000363     0.000324 
   99.200000     0.003193     0.000363     0.002830 
   99.300000     0.000079     0.000363    -0.000284 
   99.400000     0.002087     0.000363     0.001724 
   99.500000     0.003421     0.000363     0.003058 
   99.600000     0.002962     0.000363     0.002599 
   99.700000     0.005709     0.000363     0.005346 
   99.800000     0.004160     0.000363     0.003797 
   99.900000    -0.003374     0.000363    -0.003737 
  100.000000     0.001146     0.000363     0.000783 
