##fit: rolloffp.out
    0.500000     0.022682     0.020699     0.001983 
    0.600000     0.017212     0.019682    -0.002470 
    0.700000     0.020064     0.018714     0.001350 
    0.800000     0.018634     0.017792     0.000842 
    0.900000     0.016401     0.016914    -0.000513 
    1.000000     0.018793     0.016078     0.002715 
    1.100000     0.014144     0.015282    -0.001138 
    1.200000     0.010904     0.014525    -0.003621 
    1.300000     0.010531     0.013803    -0.003272 
    1.400000     0.009000     0.013116    -0.004116 
    1.500000     0.009941     0.012462    -0.002521 
    1.600000     0.015369     0.011839     0.003530 
    1.700000     0.013940     0.011246     0.002694 
    1.800000     0.009058     0.010682    -0.001624 
    1.900000     0.008772     0.010144    -0.001372 
    2.000000     0.003451     0.009632    -0.006181 
    2.100000     0.007135     0.009145    -0.002010 
    2.200000     0.008577     0.008681    -0.000104 
    2.300000     0.010391     0.008239     0.002152 
    2.400000     0.009820     0.007818     0.002002 
    2.500000     0.011646     0.007417     0.004229 
    2.600000     0.011063     0.007036     0.004027 
    2.700000     0.008862     0.006673     0.002189 
    2.800000     0.010611     0.006327     0.004284 
    2.900000     0.006169     0.005998     0.000171 
    3.000000     0.005341     0.005684    -0.000343 
    3.100000     0.008222     0.005386     0.002836 
    3.200000     0.009623     0.005102     0.004521 
    3.300000     0.004235     0.004831    -0.000596 
    3.400000     0.005478     0.004573     0.000905 
    3.500000     0.003307     0.004328    -0.001021 
    3.600000     0.007111     0.004094     0.003017 
    3.700000     0.006860     0.003872     0.002988 
    3.800000     0.006016     0.003660     0.002356 
    3.900000     0.005099     0.003459     0.001640 
    4.000000     0.003556     0.003267     0.000289 
    4.100000     0.007048     0.003084     0.003964 
    4.200000     0.001854     0.002910    -0.001056 
    4.300000     0.003911     0.002744     0.001167 
    4.400000     0.001451     0.002586    -0.001135 
    4.500000     0.002599     0.002436     0.000163 
    4.600000    -0.000217     0.002293    -0.002510 
    4.700000     0.000370     0.002157    -0.001787 
    4.800000     0.000890     0.002027    -0.001137 
    4.900000    -0.000423     0.001904    -0.002327 
    5.000000     0.002385     0.001786     0.000599 
    5.100000     0.001419     0.001674    -0.000255 
    5.200000    -0.001113     0.001567    -0.002680 
    5.300000    -0.000706     0.001466    -0.002172 
    5.400000     0.002011     0.001369     0.000642 
    5.500000     0.005816     0.001277     0.004539 
    5.600000     0.002763     0.001190     0.001573 
    5.700000     0.001638     0.001106     0.000532 
    5.800000     0.000362     0.001027    -0.000665 
    5.900000    -0.000415     0.000951    -0.001366 
    6.000000    -0.002548     0.000879    -0.003427 
    6.100000     0.001606     0.000811     0.000795 
    6.200000    -0.002678     0.000745    -0.003423 
    6.300000     0.001588     0.000683     0.000905 
    6.400000    -0.000886     0.000624    -0.001510 
    6.500000     0.004642     0.000568     0.004074 
    6.600000     0.003119     0.000514     0.002605 
    6.700000    -0.002924     0.000463    -0.003387 
    6.800000    -0.007387     0.000414    -0.007801 
    6.900000    -0.003965     0.000368    -0.004333 
    7.000000    -0.005075     0.000324    -0.005399 
    7.100000     0.000614     0.000282     0.000332 
    7.200000    -0.000116     0.000242    -0.000358 
    7.300000    -0.003037     0.000204    -0.003241 
    7.400000    -0.002043     0.000168    -0.002211 
    7.500000    -0.000387     0.000133    -0.000520 
    7.600000    -0.000895     0.000100    -0.000995 
    7.700000    -0.001905     0.000069    -0.001974 
    7.800000    -0.003533     0.000039    -0.003572 
    7.900000     0.001090     0.000011     0.001079 
    8.000000    -0.002668    -0.000016    -0.002652 
    8.100000    -0.000218    -0.000042    -0.000176 
    8.200000    -0.001783    -0.000066    -0.001717 
    8.300000    -0.006042    -0.000090    -0.005952 
    8.400000    -0.005430    -0.000112    -0.005318 
    8.500000    -0.004566    -0.000133    -0.004433 
    8.600000     0.000142    -0.000153     0.000295 
    8.700000    -0.001785    -0.000172    -0.001613 
    8.800000     0.000880    -0.000191     0.001071 
    8.900000    -0.000343    -0.000208    -0.000135 
    9.000000     0.001937    -0.000224     0.002161 
    9.100000    -0.003054    -0.000240    -0.002814 
    9.200000     0.000766    -0.000255     0.001021 
    9.300000    -0.003821    -0.000270    -0.003551 
    9.400000    -0.003227    -0.000283    -0.002944 
    9.500000     0.002080    -0.000296     0.002376 
    9.600000    -0.000624    -0.000308    -0.000316 
    9.700000    -0.000996    -0.000320    -0.000676 
    9.800000    -0.004905    -0.000331    -0.004574 
    9.900000    -0.002751    -0.000342    -0.002409 
   10.000000     0.001721    -0.000352     0.002073 
   10.100000     0.001981    -0.000362     0.002343 
   10.200000     0.002280    -0.000371     0.002651 
   10.300000     0.004520    -0.000380     0.004900 
   10.400000     0.000498    -0.000388     0.000886 
   10.500000     0.001988    -0.000396     0.002384 
   10.600000    -0.002285    -0.000403    -0.001882 
   10.700000    -0.003420    -0.000411    -0.003009 
   10.800000     0.000299    -0.000417     0.000716 
   10.900000    -0.000923    -0.000424    -0.000499 
   11.000000    -0.005576    -0.000430    -0.005146 
   11.100000    -0.002350    -0.000436    -0.001914 
   11.200000     0.000371    -0.000442     0.000813 
   11.300000    -0.003394    -0.000447    -0.002947 
   11.400000    -0.004391    -0.000452    -0.003939 
   11.500000     0.000967    -0.000457     0.001424 
   11.600000     0.001544    -0.000462     0.002006 
   11.700000     0.000813    -0.000466     0.001279 
   11.800000     0.001197    -0.000470     0.001667 
   11.900000    -0.001382    -0.000474    -0.000908 
   12.000000    -0.002466    -0.000478    -0.001988 
   12.100000     0.001845    -0.000482     0.002327 
   12.200000     0.002031    -0.000485     0.002516 
   12.300000     0.000331    -0.000488     0.000819 
   12.400000     0.002092    -0.000491     0.002583 
   12.500000    -0.002428    -0.000494    -0.001934 
   12.600000     0.000841    -0.000497     0.001338 
   12.700000     0.001262    -0.000500     0.001762 
   12.800000    -0.001158    -0.000503    -0.000655 
   12.900000     0.000805    -0.000505     0.001310 
   13.000000     0.000380    -0.000507     0.000887 
   13.100000     0.000076    -0.000510     0.000586 
   13.200000    -0.000768    -0.000512    -0.000256 
   13.300000     0.003926    -0.000514     0.004440 
   13.400000    -0.004106    -0.000516    -0.003590 
   13.500000    -0.002605    -0.000517    -0.002088 
   13.600000     0.001729    -0.000519     0.002248 
   13.700000     0.000645    -0.000521     0.001166 
   13.800000    -0.003730    -0.000522    -0.003208 
   13.900000    -0.002942    -0.000524    -0.002418 
   14.000000    -0.002561    -0.000525    -0.002036 
   14.100000    -0.001969    -0.000527    -0.001442 
   14.200000    -0.006282    -0.000528    -0.005754 
   14.300000     0.000993    -0.000529     0.001522 
   14.400000     0.000972    -0.000530     0.001502 
   14.500000     0.001483    -0.000531     0.002014 
   14.600000     0.002547    -0.000532     0.003079 
   14.700000    -0.002366    -0.000534    -0.001832 
   14.800000    -0.000456    -0.000534     0.000078 
   14.900000    -0.002735    -0.000535    -0.002200 
   15.000000    -0.003396    -0.000536    -0.002860 
   15.100000    -0.006520    -0.000537    -0.005983 
   15.200000    -0.002646    -0.000538    -0.002108 
   15.300000     0.000266    -0.000539     0.000805 
   15.400000    -0.000374    -0.000539     0.000165 
   15.500000     0.001039    -0.000540     0.001579 
   15.600000    -0.002329    -0.000541    -0.001788 
   15.700000    -0.003176    -0.000541    -0.002635 
   15.800000    -0.004248    -0.000542    -0.003706 
   15.900000    -0.001108    -0.000542    -0.000566 
   16.000000    -0.004661    -0.000543    -0.004118 
   16.100000     0.003767    -0.000543     0.004310 
   16.200000     0.005537    -0.000544     0.006081 
   16.300000    -0.001353    -0.000544    -0.000809 
   16.400000    -0.000993    -0.000545    -0.000448 
   16.500000     0.004587    -0.000545     0.005132 
   16.600000     0.002461    -0.000546     0.003007 
   16.700000     0.001573    -0.000546     0.002119 
   16.800000    -0.001144    -0.000546    -0.000598 
   16.900000    -0.000069    -0.000547     0.000478 
   17.000000    -0.002802    -0.000547    -0.002255 
   17.100000     0.001584    -0.000547     0.002131 
   17.200000     0.006387    -0.000548     0.006935 
   17.300000     0.006419    -0.000548     0.006967 
   17.400000    -0.000979    -0.000548    -0.000431 
   17.500000    -0.002611    -0.000549    -0.002062 
   17.600000    -0.000372    -0.000549     0.000177 
   17.700000    -0.001238    -0.000549    -0.000689 
   17.800000     0.001301    -0.000549     0.001850 
   17.900000    -0.001630    -0.000549    -0.001081 
   18.000000     0.002317    -0.000550     0.002867 
   18.100000    -0.001041    -0.000550    -0.000491 
   18.200000     0.000057    -0.000550     0.000607 
   18.300000     0.000673    -0.000550     0.001223 
   18.400000     0.001186    -0.000550     0.001736 
   18.500000    -0.004760    -0.000550    -0.004210 
   18.600000    -0.000582    -0.000551    -0.000031 
   18.700000    -0.003048    -0.000551    -0.002497 
   18.800000    -0.000098    -0.000551     0.000453 
   18.900000    -0.001690    -0.000551    -0.001139 
   19.000000    -0.001512    -0.000551    -0.000961 
   19.100000     0.003524    -0.000551     0.004075 
   19.200000     0.000878    -0.000551     0.001429 
   19.300000     0.004174    -0.000552     0.004726 
   19.400000     0.003606    -0.000552     0.004158 
   19.500000     0.000997    -0.000552     0.001549 
   19.600000     0.003563    -0.000552     0.004115 
   19.700000     0.004126    -0.000552     0.004678 
   19.800000     0.000541    -0.000552     0.001093 
   19.900000    -0.001497    -0.000552    -0.000945 
   20.000000     0.002200    -0.000552     0.002752 
   20.100000    -0.001165    -0.000552    -0.000613 
   20.200000    -0.006132    -0.000552    -0.005580 
   20.300000    -0.002449    -0.000552    -0.001897 
   20.400000    -0.003853    -0.000552    -0.003301 
   20.500000     0.000755    -0.000552     0.001307 
   20.600000     0.001266    -0.000553     0.001819 
   20.700000     0.003077    -0.000553     0.003630 
   20.800000     0.005332    -0.000553     0.005885 
   20.900000     0.002150    -0.000553     0.002703 
   21.000000     0.000847    -0.000553     0.001400 
   21.100000     0.000767    -0.000553     0.001320 
   21.200000     0.002210    -0.000553     0.002763 
   21.300000    -0.001029    -0.000553    -0.000476 
   21.400000     0.001673    -0.000553     0.002226 
   21.500000     0.002384    -0.000553     0.002937 
   21.600000     0.001496    -0.000553     0.002049 
   21.700000    -0.000391    -0.000553     0.000162 
   21.800000     0.004608    -0.000553     0.005161 
   21.900000     0.001125    -0.000553     0.001678 
   22.000000    -0.000909    -0.000553    -0.000356 
   22.100000     0.001941    -0.000553     0.002494 
   22.200000     0.000431    -0.000553     0.000984 
   22.300000    -0.001568    -0.000553    -0.001015 
   22.400000    -0.003210    -0.000553    -0.002657 
   22.500000    -0.002205    -0.000553    -0.001652 
   22.600000     0.000854    -0.000553     0.001407 
   22.700000     0.000361    -0.000553     0.000914 
   22.800000     0.003141    -0.000553     0.003694 
   22.900000     0.000237    -0.000553     0.000790 
   23.000000    -0.000783    -0.000553    -0.000230 
   23.100000    -0.003059    -0.000553    -0.002506 
   23.200000     0.003287    -0.000553     0.003840 
   23.300000    -0.001841    -0.000553    -0.001288 
   23.400000    -0.003951    -0.000553    -0.003398 
   23.500000    -0.001977    -0.000553    -0.001424 
   23.600000     0.000393    -0.000553     0.000946 
   23.700000    -0.001897    -0.000553    -0.001344 
   23.800000    -0.000062    -0.000553     0.000491 
   23.900000    -0.001743    -0.000553    -0.001190 
   24.000000     0.002869    -0.000553     0.003422 
   24.100000    -0.000261    -0.000553     0.000292 
   24.200000    -0.002609    -0.000553    -0.002056 
   24.300000    -0.001792    -0.000553    -0.001239 
   24.400000    -0.000818    -0.000553    -0.000265 
   24.500000     0.000549    -0.000553     0.001102 
   24.600000    -0.001273    -0.000553    -0.000720 
   24.700000    -0.003137    -0.000553    -0.002584 
   24.800000    -0.003035    -0.000553    -0.002482 
   24.900000    -0.002864    -0.000553    -0.002311 
   25.000000     0.001327    -0.000553     0.001880 
   25.100000     0.002533    -0.000553     0.003086 
   25.200000    -0.000345    -0.000554     0.000209 
   25.300000     0.001428    -0.000554     0.001982 
   25.400000     0.002322    -0.000554     0.002876 
   25.500000     0.001479    -0.000554     0.002033 
   25.600000    -0.001800    -0.000554    -0.001246 
   25.700000     0.002013    -0.000554     0.002567 
   25.800000    -0.000596    -0.000554    -0.000042 
   25.900000    -0.000146    -0.000554     0.000408 
   26.000000     0.000589    -0.000554     0.001143 
   26.100000    -0.001907    -0.000554    -0.001353 
   26.200000    -0.000492    -0.000554     0.000062 
   26.300000     0.000437    -0.000554     0.000991 
   26.400000     0.001043    -0.000554     0.001597 
   26.500000     0.003498    -0.000554     0.004052 
   26.600000     0.002100    -0.000554     0.002654 
   26.700000     0.000066    -0.000554     0.000620 
   26.800000    -0.003428    -0.000554    -0.002874 
   26.900000     0.000675    -0.000554     0.001229 
   27.000000    -0.001182    -0.000554    -0.000628 
   27.100000    -0.004269    -0.000554    -0.003715 
   27.200000    -0.003498    -0.000554    -0.002944 
   27.300000    -0.001439    -0.000554    -0.000885 
   27.400000    -0.004429    -0.000554    -0.003875 
   27.500000    -0.007417    -0.000554    -0.006863 
   27.600000    -0.007836    -0.000554    -0.007282 
   27.700000    -0.004231    -0.000554    -0.003677 
   27.800000    -0.004942    -0.000554    -0.004388 
   27.900000     0.001697    -0.000554     0.002251 
   28.000000    -0.006008    -0.000554    -0.005454 
   28.100000    -0.001344    -0.000554    -0.000790 
   28.200000    -0.001809    -0.000554    -0.001255 
   28.300000    -0.000567    -0.000554    -0.000013 
   28.400000    -0.000951    -0.000554    -0.000397 
   28.500000    -0.000889    -0.000554    -0.000335 
   28.600000    -0.002851    -0.000554    -0.002297 
   28.700000    -0.004874    -0.000554    -0.004320 
   28.800000    -0.002065    -0.000554    -0.001511 
   28.900000    -0.001014    -0.000554    -0.000460 
   29.000000    -0.000825    -0.000554    -0.000271 
   29.100000    -0.000546    -0.000554     0.000008 
   29.200000     0.002908    -0.000554     0.003462 
   29.300000    -0.000196    -0.000554     0.000358 
   29.400000    -0.002465    -0.000554    -0.001911 
   29.500000     0.000704    -0.000554     0.001258 
   29.600000    -0.001993    -0.000554    -0.001439 
   29.700000    -0.006638    -0.000554    -0.006084 
   29.800000    -0.002290    -0.000554    -0.001736 
   29.900000     0.002903    -0.000554     0.003457 
   30.000000    -0.000237    -0.000554     0.000317 
   30.100000    -0.001733    -0.000554    -0.001179 
   30.200000    -0.004939    -0.000554    -0.004385 
   30.300000    -0.001934    -0.000554    -0.001380 
   30.400000    -0.001787    -0.000554    -0.001233 
   30.500000    -0.003317    -0.000554    -0.002763 
   30.600000    -0.006745    -0.000554    -0.006191 
   30.700000    -0.002514    -0.000554    -0.001960 
   30.800000    -0.001388    -0.000554    -0.000834 
   30.900000    -0.001523    -0.000554    -0.000969 
   31.000000    -0.002972    -0.000554    -0.002418 
   31.100000    -0.003385    -0.000554    -0.002831 
   31.200000    -0.001973    -0.000554    -0.001419 
   31.300000    -0.000931    -0.000554    -0.000377 
   31.400000     0.003054    -0.000554     0.003608 
   31.500000     0.003413    -0.000554     0.003967 
   31.600000     0.004504    -0.000554     0.005058 
   31.700000     0.000494    -0.000554     0.001048 
   31.800000    -0.000086    -0.000554     0.000468 
   31.900000    -0.004402    -0.000554    -0.003848 
   32.000000     0.000358    -0.000554     0.000912 
   32.100000    -0.002040    -0.000554    -0.001486 
   32.200000    -0.003721    -0.000554    -0.003167 
   32.300000    -0.002744    -0.000554    -0.002190 
   32.400000    -0.000309    -0.000554     0.000245 
   32.500000    -0.002150    -0.000554    -0.001596 
   32.600000    -0.002605    -0.000554    -0.002051 
   32.700000    -0.001375    -0.000554    -0.000821 
   32.800000     0.001640    -0.000554     0.002194 
   32.900000    -0.000770    -0.000554    -0.000216 
   33.000000    -0.000851    -0.000554    -0.000297 
   33.100000    -0.000589    -0.000554    -0.000035 
   33.200000     0.000111    -0.000554     0.000665 
   33.300000     0.000215    -0.000554     0.000769 
   33.400000    -0.002852    -0.000554    -0.002298 
   33.500000    -0.001524    -0.000554    -0.000970 
   33.600000     0.002082    -0.000554     0.002636 
   33.700000     0.002752    -0.000554     0.003306 
   33.800000    -0.005912    -0.000554    -0.005358 
   33.900000    -0.001803    -0.000554    -0.001249 
   34.000000     0.001289    -0.000554     0.001843 
   34.100000     0.001873    -0.000554     0.002427 
   34.200000     0.000759    -0.000554     0.001313 
   34.300000     0.000181    -0.000554     0.000735 
   34.400000     0.001512    -0.000554     0.002066 
   34.500000     0.000961    -0.000554     0.001515 
   34.600000     0.001535    -0.000554     0.002089 
   34.700000     0.001685    -0.000554     0.002239 
   34.800000    -0.000600    -0.000554    -0.000046 
   34.900000     0.001457    -0.000554     0.002011 
   35.000000    -0.002365    -0.000554    -0.001811 
   35.100000    -0.001501    -0.000554    -0.000947 
   35.200000    -0.001209    -0.000554    -0.000655 
   35.300000     0.000893    -0.000554     0.001447 
   35.400000     0.003523    -0.000554     0.004077 
   35.500000    -0.000047    -0.000554     0.000507 
   35.600000     0.002627    -0.000554     0.003181 
   35.700000    -0.003130    -0.000554    -0.002576 
   35.800000     0.001786    -0.000554     0.002340 
   35.900000     0.000108    -0.000554     0.000662 
   36.000000    -0.005134    -0.000554    -0.004580 
   36.100000    -0.003825    -0.000554    -0.003271 
   36.200000    -0.000283    -0.000554     0.000271 
   36.300000     0.002337    -0.000554     0.002891 
   36.400000     0.007140    -0.000554     0.007694 
   36.500000     0.000268    -0.000554     0.000822 
   36.600000    -0.004589    -0.000554    -0.004035 
   36.700000    -0.002432    -0.000554    -0.001878 
   36.800000     0.003134    -0.000554     0.003688 
   36.900000    -0.000576    -0.000554    -0.000022 
   37.000000    -0.001050    -0.000554    -0.000496 
   37.100000    -0.001695    -0.000554    -0.001141 
   37.200000    -0.005518    -0.000554    -0.004964 
   37.300000    -0.003839    -0.000554    -0.003285 
   37.400000    -0.001096    -0.000554    -0.000542 
   37.500000    -0.005634    -0.000554    -0.005080 
   37.600000    -0.003079    -0.000554    -0.002525 
   37.700000    -0.004306    -0.000554    -0.003752 
   37.800000    -0.002824    -0.000554    -0.002270 
   37.900000     0.001278    -0.000554     0.001832 
   38.000000     0.002098    -0.000554     0.002652 
   38.100000    -0.004113    -0.000554    -0.003559 
   38.200000    -0.001698    -0.000554    -0.001144 
   38.300000    -0.002637    -0.000554    -0.002083 
   38.400000    -0.000819    -0.000554    -0.000265 
   38.500000     0.001929    -0.000554     0.002483 
   38.600000    -0.000122    -0.000554     0.000432 
   38.700000     0.000035    -0.000554     0.000589 
   38.800000    -0.000248    -0.000554     0.000306 
   38.900000     0.007019    -0.000554     0.007573 
   39.000000     0.008300    -0.000554     0.008854 
   39.100000     0.002059    -0.000554     0.002613 
   39.200000     0.001715    -0.000554     0.002269 
   39.300000    -0.000322    -0.000554     0.000232 
   39.400000    -0.000128    -0.000554     0.000426 
   39.500000    -0.000318    -0.000554     0.000236 
   39.600000     0.000005    -0.000554     0.000559 
   39.700000    -0.000740    -0.000554    -0.000186 
   39.800000    -0.002628    -0.000554    -0.002074 
   39.900000     0.003302    -0.000554     0.003856 
   40.000000     0.004467    -0.000554     0.005021 
   40.100000     0.003048    -0.000554     0.003602 
   40.200000     0.002086    -0.000554     0.002640 
   40.300000     0.005959    -0.000554     0.006513 
   40.400000    -0.000500    -0.000554     0.000054 
   40.500000     0.004052    -0.000554     0.004606 
   40.600000     0.000099    -0.000554     0.000653 
   40.700000     0.001981    -0.000554     0.002535 
   40.800000    -0.002844    -0.000554    -0.002290 
   40.900000     0.001600    -0.000554     0.002154 
   41.000000    -0.001961    -0.000554    -0.001407 
   41.100000     0.003457    -0.000554     0.004011 
   41.200000    -0.001256    -0.000554    -0.000702 
   41.300000     0.000736    -0.000554     0.001290 
   41.400000    -0.001934    -0.000554    -0.001380 
   41.500000    -0.002166    -0.000554    -0.001612 
   41.600000    -0.003785    -0.000554    -0.003231 
   41.700000    -0.000798    -0.000554    -0.000244 
   41.800000    -0.003022    -0.000554    -0.002468 
   41.900000    -0.002395    -0.000554    -0.001841 
   42.000000     0.002607    -0.000554     0.003161 
   42.100000     0.002952    -0.000554     0.003506 
   42.200000    -0.001645    -0.000554    -0.001091 
   42.300000     0.001838    -0.000554     0.002392 
   42.400000     0.003260    -0.000554     0.003814 
   42.500000     0.001935    -0.000554     0.002489 
   42.600000    -0.001268    -0.000554    -0.000714 
   42.700000    -0.001451    -0.000554    -0.000897 
   42.800000     0.001513    -0.000554     0.002067 
   42.900000     0.000599    -0.000554     0.001153 
   43.000000     0.000999    -0.000554     0.001553 
   43.100000     0.000909    -0.000554     0.001463 
   43.200000    -0.000146    -0.000554     0.000408 
   43.300000    -0.000284    -0.000554     0.000270 
   43.400000    -0.000868    -0.000554    -0.000314 
   43.500000     0.002266    -0.000554     0.002820 
   43.600000     0.004105    -0.000554     0.004659 
   43.700000     0.005784    -0.000554     0.006338 
   43.800000     0.000947    -0.000554     0.001501 
   43.900000    -0.003973    -0.000554    -0.003419 
   44.000000     0.000498    -0.000554     0.001052 
   44.100000    -0.003079    -0.000554    -0.002525 
   44.200000     0.003139    -0.000554     0.003693 
   44.300000     0.000542    -0.000554     0.001096 
   44.400000     0.004382    -0.000554     0.004936 
   44.500000     0.001683    -0.000554     0.002237 
   44.600000    -0.000595    -0.000554    -0.000041 
   44.700000    -0.001466    -0.000554    -0.000912 
   44.800000    -0.000840    -0.000554    -0.000286 
   44.900000    -0.000698    -0.000554    -0.000144 
   45.000000     0.000718    -0.000554     0.001272 
   45.100000     0.001206    -0.000554     0.001760 
   45.200000     0.001950    -0.000554     0.002504 
   45.300000     0.003488    -0.000554     0.004042 
   45.400000    -0.000264    -0.000554     0.000290 
   45.500000     0.000199    -0.000554     0.000753 
   45.600000     0.003642    -0.000554     0.004196 
   45.700000    -0.001538    -0.000554    -0.000984 
   45.800000     0.000892    -0.000554     0.001446 
   45.900000     0.001510    -0.000554     0.002064 
   46.000000     0.005413    -0.000554     0.005967 
   46.100000     0.003738    -0.000554     0.004292 
   46.200000     0.001565    -0.000554     0.002119 
   46.300000     0.001212    -0.000554     0.001766 
   46.400000    -0.000349    -0.000554     0.000205 
   46.500000     0.000848    -0.000554     0.001402 
   46.600000     0.000374    -0.000554     0.000928 
   46.700000     0.001254    -0.000554     0.001808 
   46.800000    -0.000476    -0.000554     0.000078 
   46.900000     0.003718    -0.000554     0.004272 
   47.000000    -0.001163    -0.000554    -0.000609 
   47.100000     0.000982    -0.000554     0.001536 
   47.200000    -0.001023    -0.000554    -0.000469 
   47.300000    -0.002907    -0.000554    -0.002353 
   47.400000    -0.001946    -0.000554    -0.001392 
   47.500000     0.001715    -0.000554     0.002269 
   47.600000     0.001951    -0.000554     0.002505 
   47.700000     0.001934    -0.000554     0.002488 
   47.800000     0.001940    -0.000554     0.002494 
   47.900000     0.001877    -0.000554     0.002431 
   48.000000     0.001572    -0.000554     0.002126 
   48.100000     0.001013    -0.000554     0.001567 
   48.200000    -0.004479    -0.000554    -0.003925 
   48.300000    -0.004865    -0.000554    -0.004311 
   48.400000    -0.003398    -0.000554    -0.002844 
   48.500000    -0.003367    -0.000554    -0.002813 
   48.600000    -0.001019    -0.000554    -0.000465 
   48.700000    -0.002352    -0.000554    -0.001798 
   48.800000    -0.003321    -0.000554    -0.002767 
   48.900000    -0.002241    -0.000554    -0.001687 
   49.000000    -0.003195    -0.000554    -0.002641 
   49.100000     0.002025    -0.000554     0.002579 
   49.200000     0.004513    -0.000554     0.005067 
   49.300000    -0.004315    -0.000554    -0.003761 
   49.400000    -0.004064    -0.000554    -0.003510 
   49.500000    -0.000413    -0.000554     0.000141 
   49.600000    -0.002468    -0.000554    -0.001914 
   49.700000    -0.001471    -0.000554    -0.000917 
   49.800000     0.001242    -0.000554     0.001796 
   49.900000    -0.006479    -0.000554    -0.005925 
   50.000000    -0.002527    -0.000554    -0.001973 
   50.100000    -0.005630    -0.000554    -0.005076 
   50.200000    -0.003042    -0.000554    -0.002488 
   50.300000    -0.002092    -0.000554    -0.001538 
   50.400000    -0.001132    -0.000554    -0.000578 
   50.500000    -0.005134    -0.000554    -0.004580 
   50.600000     0.000461    -0.000554     0.001015 
   50.700000     0.001455    -0.000554     0.002009 
   50.800000    -0.000633    -0.000554    -0.000079 
   50.900000    -0.000190    -0.000554     0.000364 
   51.000000    -0.004033    -0.000554    -0.003479 
   51.100000    -0.002108    -0.000554    -0.001554 
   51.200000    -0.004757    -0.000554    -0.004203 
   51.300000     0.000387    -0.000554     0.000941 
   51.400000    -0.003704    -0.000554    -0.003150 
   51.500000    -0.004949    -0.000554    -0.004395 
   51.600000    -0.003756    -0.000554    -0.003202 
   51.700000    -0.008072    -0.000554    -0.007518 
   51.800000    -0.003886    -0.000554    -0.003332 
   51.900000    -0.002075    -0.000554    -0.001521 
   52.000000     0.000155    -0.000554     0.000709 
   52.100000    -0.001991    -0.000554    -0.001437 
   52.200000    -0.000037    -0.000554     0.000517 
   52.300000     0.001168    -0.000554     0.001722 
   52.400000     0.002995    -0.000554     0.003549 
   52.500000    -0.006232    -0.000554    -0.005678 
   52.600000    -0.004143    -0.000554    -0.003589 
   52.700000    -0.000823    -0.000554    -0.000269 
   52.800000    -0.000258    -0.000554     0.000296 
   52.900000     0.003234    -0.000554     0.003788 
   53.000000     0.000393    -0.000554     0.000947 
   53.100000     0.001364    -0.000554     0.001918 
   53.200000     0.005680    -0.000554     0.006234 
   53.300000     0.004310    -0.000554     0.004864 
   53.400000    -0.001722    -0.000554    -0.001168 
   53.500000    -0.003579    -0.000554    -0.003025 
   53.600000     0.002885    -0.000554     0.003439 
   53.700000     0.004186    -0.000554     0.004740 
   53.800000    -0.000950    -0.000554    -0.000396 
   53.900000    -0.000346    -0.000554     0.000208 
   54.000000     0.001289    -0.000554     0.001843 
   54.100000    -0.001500    -0.000554    -0.000946 
   54.200000     0.001236    -0.000554     0.001790 
   54.300000     0.004093    -0.000554     0.004647 
   54.400000     0.001670    -0.000554     0.002224 
   54.500000     0.005632    -0.000554     0.006186 
   54.600000     0.002541    -0.000554     0.003095 
   54.700000     0.001127    -0.000554     0.001681 
   54.800000     0.003077    -0.000554     0.003631 
   54.900000     0.002820    -0.000554     0.003374 
   55.000000    -0.001735    -0.000554    -0.001181 
   55.100000    -0.002533    -0.000554    -0.001979 
   55.200000     0.000417    -0.000554     0.000971 
   55.300000    -0.003098    -0.000554    -0.002544 
   55.400000    -0.004499    -0.000554    -0.003945 
   55.500000    -0.006385    -0.000554    -0.005831 
   55.600000    -0.003955    -0.000554    -0.003401 
   55.700000    -0.005158    -0.000554    -0.004604 
   55.800000    -0.003362    -0.000554    -0.002808 
   55.900000    -0.003012    -0.000554    -0.002458 
   56.000000     0.000435    -0.000554     0.000989 
   56.100000    -0.001309    -0.000554    -0.000755 
   56.200000    -0.006406    -0.000554    -0.005852 
   56.300000    -0.006859    -0.000554    -0.006305 
   56.400000    -0.000696    -0.000554    -0.000142 
   56.500000    -0.001828    -0.000554    -0.001274 
   56.600000     0.000754    -0.000554     0.001308 
   56.700000     0.001237    -0.000554     0.001791 
   56.800000     0.000625    -0.000554     0.001179 
   56.900000     0.002308    -0.000554     0.002862 
   57.000000    -0.000618    -0.000554    -0.000064 
   57.100000     0.002568    -0.000554     0.003122 
   57.200000     0.002401    -0.000554     0.002955 
   57.300000     0.004080    -0.000554     0.004634 
   57.400000     0.002318    -0.000554     0.002872 
   57.500000    -0.004645    -0.000554    -0.004091 
   57.600000    -0.002592    -0.000554    -0.002038 
   57.700000    -0.004418    -0.000554    -0.003864 
   57.800000     0.002830    -0.000554     0.003384 
   57.900000     0.000625    -0.000554     0.001179 
   58.000000    -0.003321    -0.000554    -0.002767 
   58.100000    -0.005030    -0.000554    -0.004476 
   58.200000    -0.004720    -0.000554    -0.004166 
   58.300000    -0.000661    -0.000554    -0.000107 
   58.400000     0.006106    -0.000554     0.006660 
   58.500000    -0.003077    -0.000554    -0.002523 
   58.600000    -0.003029    -0.000554    -0.002475 
   58.700000    -0.002979    -0.000554    -0.002425 
   58.800000     0.001108    -0.000554     0.001662 
   58.900000     0.002347    -0.000554     0.002901 
   59.000000    -0.000451    -0.000554     0.000103 
   59.100000     0.000563    -0.000554     0.001117 
   59.200000    -0.004104    -0.000554    -0.003550 
   59.300000    -0.002538    -0.000554    -0.001984 
   59.400000     0.000832    -0.000554     0.001386 
   59.500000     0.001247    -0.000554     0.001801 
   59.600000     0.003479    -0.000554     0.004033 
   59.700000    -0.003595    -0.000554    -0.003041 
   59.800000    -0.005016    -0.000554    -0.004462 
   59.900000    -0.005270    -0.000554    -0.004716 
   60.000000    -0.006434    -0.000554    -0.005880 
   60.100000    -0.003372    -0.000554    -0.002818 
   60.200000    -0.004379    -0.000554    -0.003825 
   60.300000    -0.002796    -0.000554    -0.002242 
   60.400000     0.000421    -0.000554     0.000975 
   60.500000     0.000255    -0.000554     0.000809 
   60.600000    -0.003380    -0.000554    -0.002826 
   60.700000    -0.003295    -0.000554    -0.002741 
   60.800000     0.000476    -0.000554     0.001030 
   60.900000    -0.001347    -0.000554    -0.000793 
   61.000000    -0.001207    -0.000554    -0.000653 
   61.100000    -0.003092    -0.000554    -0.002538 
   61.200000    -0.000580    -0.000554    -0.000026 
   61.300000     0.004090    -0.000554     0.004644 
   61.400000    -0.000818    -0.000554    -0.000264 
   61.500000    -0.001764    -0.000554    -0.001210 
   61.600000    -0.004532    -0.000554    -0.003978 
   61.700000    -0.002556    -0.000554    -0.002002 
   61.800000     0.000805    -0.000554     0.001359 
   61.900000    -0.002493    -0.000554    -0.001939 
   62.000000     0.001324    -0.000554     0.001878 
   62.100000     0.004333    -0.000554     0.004887 
   62.200000     0.001949    -0.000554     0.002503 
   62.300000     0.005252    -0.000554     0.005806 
   62.400000     0.000443    -0.000554     0.000997 
   62.500000    -0.000875    -0.000554    -0.000321 
   62.600000    -0.000651    -0.000554    -0.000097 
   62.700000    -0.000119    -0.000554     0.000435 
   62.800000     0.001413    -0.000554     0.001967 
   62.900000     0.002272    -0.000554     0.002826 
   63.000000     0.001404    -0.000554     0.001958 
   63.100000     0.000843    -0.000554     0.001397 
   63.200000     0.004084    -0.000554     0.004638 
   63.300000    -0.000031    -0.000554     0.000523 
   63.400000     0.001253    -0.000554     0.001807 
   63.500000    -0.004504    -0.000554    -0.003950 
   63.600000    -0.004547    -0.000554    -0.003993 
   63.700000    -0.006305    -0.000554    -0.005751 
   63.800000    -0.007325    -0.000554    -0.006771 
   63.900000    -0.001729    -0.000554    -0.001175 
   64.000000    -0.002307    -0.000554    -0.001753 
   64.100000     0.004362    -0.000554     0.004916 
   64.200000     0.002665    -0.000554     0.003219 
   64.300000     0.004141    -0.000554     0.004695 
   64.400000     0.002834    -0.000554     0.003388 
   64.500000    -0.000990    -0.000554    -0.000436 
   64.600000     0.006133    -0.000554     0.006687 
   64.700000     0.004044    -0.000554     0.004598 
   64.800000     0.001444    -0.000554     0.001998 
   64.900000    -0.000094    -0.000554     0.000460 
   65.000000     0.000966    -0.000554     0.001520 
   65.100000     0.002400    -0.000554     0.002954 
   65.200000     0.000079    -0.000554     0.000633 
   65.300000    -0.001125    -0.000554    -0.000571 
   65.400000     0.000794    -0.000554     0.001348 
   65.500000    -0.008316    -0.000554    -0.007762 
   65.600000    -0.005664    -0.000554    -0.005110 
   65.700000    -0.000796    -0.000554    -0.000242 
   65.800000    -0.001927    -0.000554    -0.001373 
   65.900000    -0.000688    -0.000554    -0.000134 
   66.000000    -0.003521    -0.000554    -0.002967 
   66.100000    -0.000732    -0.000554    -0.000178 
   66.200000     0.004881    -0.000554     0.005435 
   66.300000     0.000144    -0.000554     0.000698 
   66.400000     0.003692    -0.000554     0.004246 
   66.500000     0.000737    -0.000554     0.001291 
   66.600000     0.001000    -0.000554     0.001554 
   66.700000    -0.001696    -0.000554    -0.001142 
   66.800000    -0.000020    -0.000554     0.000534 
   66.900000    -0.003731    -0.000554    -0.003177 
   67.000000    -0.000460    -0.000554     0.000094 
   67.100000     0.000720    -0.000554     0.001274 
   67.200000    -0.000767    -0.000554    -0.000213 
   67.300000    -0.001448    -0.000554    -0.000894 
   67.400000     0.003980    -0.000554     0.004534 
   67.500000     0.007644    -0.000554     0.008198 
   67.600000     0.004560    -0.000554     0.005114 
   67.700000    -0.002787    -0.000554    -0.002233 
   67.800000    -0.002842    -0.000554    -0.002288 
   67.900000     0.001606    -0.000554     0.002160 
   68.000000     0.007117    -0.000554     0.007671 
   68.100000     0.003755    -0.000554     0.004309 
   68.200000    -0.000036    -0.000554     0.000518 
   68.300000    -0.001898    -0.000554    -0.001344 
   68.400000     0.001351    -0.000554     0.001905 
   68.500000    -0.000818    -0.000554    -0.000264 
   68.600000     0.003209    -0.000554     0.003763 
   68.700000     0.002476    -0.000554     0.003030 
   68.800000     0.001890    -0.000554     0.002444 
   68.900000     0.008835    -0.000554     0.009389 
   69.000000     0.003971    -0.000554     0.004525 
   69.100000     0.006235    -0.000554     0.006789 
   69.200000     0.000638    -0.000554     0.001192 
   69.300000    -0.003023    -0.000554    -0.002469 
   69.400000     0.001606    -0.000554     0.002160 
   69.500000     0.000196    -0.000554     0.000750 
   69.600000     0.001907    -0.000554     0.002461 
   69.700000    -0.000542    -0.000554     0.000012 
   69.800000     0.002534    -0.000554     0.003088 
   69.900000     0.005294    -0.000554     0.005848 
   70.000000     0.004701    -0.000554     0.005255 
   70.100000     0.005352    -0.000554     0.005906 
   70.200000     0.005895    -0.000554     0.006449 
   70.300000    -0.000206    -0.000554     0.000348 
   70.400000    -0.000126    -0.000554     0.000428 
   70.500000    -0.001423    -0.000554    -0.000869 
   70.600000     0.002070    -0.000554     0.002624 
   70.700000     0.000676    -0.000554     0.001230 
   70.800000     0.002033    -0.000554     0.002587 
   70.900000     0.004086    -0.000554     0.004640 
   71.000000     0.003930    -0.000554     0.004484 
   71.100000    -0.001234    -0.000554    -0.000680 
   71.200000     0.001314    -0.000554     0.001868 
   71.300000     0.001805    -0.000554     0.002359 
   71.400000     0.001581    -0.000554     0.002135 
   71.500000     0.001347    -0.000554     0.001901 
   71.600000     0.005247    -0.000554     0.005801 
   71.700000     0.003140    -0.000554     0.003694 
   71.800000    -0.000123    -0.000554     0.000431 
   71.900000     0.002016    -0.000554     0.002570 
   72.000000     0.007169    -0.000554     0.007723 
   72.100000     0.002355    -0.000554     0.002909 
   72.200000    -0.000222    -0.000554     0.000332 
   72.300000     0.003326    -0.000554     0.003880 
   72.400000     0.005877    -0.000554     0.006431 
   72.500000     0.006688    -0.000554     0.007242 
   72.600000     0.007220    -0.000554     0.007774 
   72.700000     0.004075    -0.000554     0.004629 
   72.800000    -0.003406    -0.000554    -0.002852 
   72.900000    -0.001449    -0.000554    -0.000895 
   73.000000    -0.001555    -0.000554    -0.001001 
   73.100000    -0.000826    -0.000554    -0.000272 
   73.200000     0.002392    -0.000554     0.002946 
   73.300000    -0.001667    -0.000554    -0.001113 
   73.400000    -0.002887    -0.000554    -0.002333 
   73.500000    -0.003258    -0.000554    -0.002704 
   73.600000     0.004547    -0.000554     0.005101 
   73.700000    -0.000298    -0.000554     0.000256 
   73.800000     0.002078    -0.000554     0.002632 
   73.900000     0.004759    -0.000554     0.005313 
   74.000000     0.003183    -0.000554     0.003737 
   74.100000     0.006215    -0.000554     0.006769 
   74.200000     0.002552    -0.000554     0.003106 
   74.300000    -0.000478    -0.000554     0.000076 
   74.400000     0.000267    -0.000554     0.000821 
   74.500000     0.002344    -0.000554     0.002898 
   74.600000    -0.000637    -0.000554    -0.000083 
   74.700000    -0.004854    -0.000554    -0.004300 
   74.800000    -0.003319    -0.000554    -0.002765 
   74.900000    -0.002578    -0.000554    -0.002024 
   75.000000     0.001943    -0.000554     0.002497 
   75.100000     0.003305    -0.000554     0.003859 
   75.200000     0.005009    -0.000554     0.005563 
   75.300000     0.002831    -0.000554     0.003385 
   75.400000     0.005462    -0.000554     0.006016 
   75.500000    -0.002817    -0.000554    -0.002263 
   75.600000    -0.000538    -0.000554     0.000016 
   75.700000    -0.002256    -0.000554    -0.001702 
   75.800000     0.002603    -0.000554     0.003157 
   75.900000     0.003777    -0.000554     0.004331 
   76.000000    -0.001287    -0.000554    -0.000733 
   76.100000    -0.004248    -0.000554    -0.003694 
   76.200000    -0.003435    -0.000554    -0.002881 
   76.300000    -0.000683    -0.000554    -0.000129 
   76.400000     0.002354    -0.000554     0.002908 
   76.500000     0.004011    -0.000554     0.004565 
   76.600000     0.002983    -0.000554     0.003537 
   76.700000    -0.001200    -0.000554    -0.000646 
   76.800000    -0.003128    -0.000554    -0.002574 
   76.900000    -0.003623    -0.000554    -0.003069 
   77.000000    -0.002647    -0.000554    -0.002093 
   77.100000    -0.001052    -0.000554    -0.000498 
   77.200000    -0.002481    -0.000554    -0.001927 
   77.300000     0.003264    -0.000554     0.003818 
   77.400000     0.005487    -0.000554     0.006041 
   77.500000    -0.000884    -0.000554    -0.000330 
   77.600000     0.001017    -0.000554     0.001571 
   77.700000     0.001942    -0.000554     0.002496 
   77.800000    -0.000272    -0.000554     0.000282 
   77.900000     0.002886    -0.000554     0.003440 
   78.000000     0.002674    -0.000554     0.003228 
   78.100000     0.005064    -0.000554     0.005618 
   78.200000     0.001252    -0.000554     0.001806 
   78.300000     0.000779    -0.000554     0.001333 
   78.400000     0.002972    -0.000554     0.003526 
   78.500000    -0.000709    -0.000554    -0.000155 
   78.600000     0.000657    -0.000554     0.001211 
   78.700000    -0.002598    -0.000554    -0.002044 
   78.800000     0.002133    -0.000554     0.002687 
   78.900000    -0.000594    -0.000554    -0.000040 
   79.000000     0.006366    -0.000554     0.006920 
   79.100000     0.002800    -0.000554     0.003354 
   79.200000    -0.000088    -0.000554     0.000466 
   79.300000     0.003623    -0.000554     0.004177 
   79.400000    -0.005468    -0.000554    -0.004914 
   79.500000    -0.000878    -0.000554    -0.000324 
   79.600000     0.003872    -0.000554     0.004426 
   79.700000     0.002279    -0.000554     0.002833 
   79.800000     0.003492    -0.000554     0.004046 
   79.900000     0.004824    -0.000554     0.005378 
   80.000000    -0.002154    -0.000554    -0.001600 
   80.100000    -0.003234    -0.000554    -0.002680 
   80.200000     0.002405    -0.000554     0.002959 
   80.300000    -0.001792    -0.000554    -0.001238 
   80.400000     0.002623    -0.000554     0.003177 
   80.500000     0.009097    -0.000554     0.009651 
   80.600000    -0.006006    -0.000554    -0.005452 
   80.700000    -0.001911    -0.000554    -0.001357 
   80.800000    -0.009086    -0.000554    -0.008532 
   80.900000    -0.004909    -0.000554    -0.004355 
   81.000000    -0.005815    -0.000554    -0.005261 
   81.100000    -0.003180    -0.000554    -0.002626 
   81.200000    -0.004926    -0.000554    -0.004372 
   81.300000     0.002535    -0.000554     0.003089 
   81.400000     0.000260    -0.000554     0.000814 
   81.500000    -0.003223    -0.000554    -0.002669 
   81.600000    -0.005685    -0.000554    -0.005131 
   81.700000    -0.007587    -0.000554    -0.007033 
   81.800000    -0.000642    -0.000554    -0.000088 
   81.900000    -0.003809    -0.000554    -0.003255 
   82.000000    -0.002471    -0.000554    -0.001917 
   82.100000    -0.003053    -0.000554    -0.002499 
   82.200000    -0.003861    -0.000554    -0.003307 
   82.300000     0.000228    -0.000554     0.000782 
   82.400000     0.002817    -0.000554     0.003371 
   82.500000     0.000215    -0.000554     0.000769 
   82.600000    -0.003691    -0.000554    -0.003137 
   82.700000    -0.006443    -0.000554    -0.005889 
   82.800000    -0.002883    -0.000554    -0.002329 
   82.900000    -0.003899    -0.000554    -0.003345 
   83.000000    -0.003842    -0.000554    -0.003288 
   83.100000    -0.007091    -0.000554    -0.006537 
   83.200000    -0.007013    -0.000554    -0.006459 
   83.300000    -0.007255    -0.000554    -0.006701 
   83.400000    -0.003682    -0.000554    -0.003128 
   83.500000    -0.003098    -0.000554    -0.002544 
   83.600000    -0.006463    -0.000554    -0.005909 
   83.700000    -0.009458    -0.000554    -0.008904 
   83.800000    -0.000583    -0.000554    -0.000029 
   83.900000    -0.000530    -0.000554     0.000024 
   84.000000     0.001071    -0.000554     0.001625 
   84.100000    -0.003780    -0.000554    -0.003226 
   84.200000    -0.006938    -0.000554    -0.006384 
   84.300000    -0.003624    -0.000554    -0.003070 
   84.400000     0.001742    -0.000554     0.002296 
   84.500000    -0.002797    -0.000554    -0.002243 
   84.600000    -0.001778    -0.000554    -0.001224 
   84.700000     0.000470    -0.000554     0.001024 
   84.800000    -0.004973    -0.000554    -0.004419 
   84.900000    -0.005234    -0.000554    -0.004680 
   85.000000    -0.007275    -0.000554    -0.006721 
   85.100000    -0.006565    -0.000554    -0.006011 
   85.200000    -0.002322    -0.000554    -0.001768 
   85.300000    -0.008832    -0.000554    -0.008278 
   85.400000    -0.002990    -0.000554    -0.002436 
   85.500000     0.001609    -0.000554     0.002163 
   85.600000    -0.007824    -0.000554    -0.007270 
   85.700000     0.001634    -0.000554     0.002188 
   85.800000    -0.002088    -0.000554    -0.001534 
   85.900000    -0.007077    -0.000554    -0.006523 
   86.000000    -0.009882    -0.000554    -0.009328 
   86.100000    -0.005917    -0.000554    -0.005363 
   86.200000    -0.007457    -0.000554    -0.006903 
   86.300000    -0.003895    -0.000554    -0.003341 
   86.400000    -0.001502    -0.000554    -0.000948 
   86.500000     0.001680    -0.000554     0.002234 
   86.600000     0.003975    -0.000554     0.004529 
   86.700000     0.000711    -0.000554     0.001265 
   86.800000     0.000015    -0.000554     0.000569 
   86.900000    -0.000203    -0.000554     0.000351 
   87.000000    -0.001556    -0.000554    -0.001002 
   87.100000    -0.002027    -0.000554    -0.001473 
   87.200000    -0.004482    -0.000554    -0.003928 
   87.300000     0.002830    -0.000554     0.003384 
   87.400000    -0.000687    -0.000554    -0.000133 
   87.500000    -0.003710    -0.000554    -0.003156 
   87.600000     0.001014    -0.000554     0.001568 
   87.700000    -0.005639    -0.000554    -0.005085 
   87.800000    -0.001583    -0.000554    -0.001029 
   87.900000    -0.003801    -0.000554    -0.003247 
   88.000000    -0.002607    -0.000554    -0.002053 
   88.100000    -0.002820    -0.000554    -0.002266 
   88.200000    -0.006810    -0.000554    -0.006256 
   88.300000    -0.007555    -0.000554    -0.007001 
   88.400000    -0.007942    -0.000554    -0.007388 
   88.500000    -0.001077    -0.000554    -0.000523 
   88.600000    -0.006894    -0.000554    -0.006340 
   88.700000     0.001742    -0.000554     0.002296 
   88.800000     0.000914    -0.000554     0.001468 
   88.900000     0.003382    -0.000554     0.003936 
   89.000000    -0.001277    -0.000554    -0.000723 
   89.100000    -0.004084    -0.000554    -0.003530 
   89.200000    -0.005072    -0.000554    -0.004518 
   89.300000    -0.005051    -0.000554    -0.004497 
   89.400000    -0.008350    -0.000554    -0.007796 
   89.500000    -0.001255    -0.000554    -0.000701 
   89.600000    -0.002026    -0.000554    -0.001472 
   89.700000     0.000529    -0.000554     0.001083 
   89.800000    -0.001872    -0.000554    -0.001318 
   89.900000    -0.000497    -0.000554     0.000057 
   90.000000    -0.002188    -0.000554    -0.001634 
   90.100000    -0.006802    -0.000554    -0.006248 
   90.200000    -0.007879    -0.000554    -0.007325 
   90.300000    -0.013394    -0.000554    -0.012840 
   90.400000    -0.007574    -0.000554    -0.007020 
   90.500000    -0.007077    -0.000554    -0.006523 
   90.600000    -0.004676    -0.000554    -0.004122 
   90.700000    -0.007664    -0.000554    -0.007110 
   90.800000    -0.008241    -0.000554    -0.007687 
   90.900000    -0.005839    -0.000554    -0.005285 
   91.000000    -0.004348    -0.000554    -0.003794 
   91.100000    -0.006476    -0.000554    -0.005922 
   91.200000    -0.000570    -0.000554    -0.000016 
   91.300000     0.005524    -0.000554     0.006078 
   91.400000     0.004459    -0.000554     0.005013 
   91.500000    -0.001670    -0.000554    -0.001116 
   91.600000    -0.002800    -0.000554    -0.002246 
   91.700000    -0.000254    -0.000554     0.000300 
   91.800000     0.001095    -0.000554     0.001649 
   91.900000     0.000161    -0.000554     0.000715 
   92.000000    -0.000708    -0.000554    -0.000154 
   92.100000    -0.003455    -0.000554    -0.002901 
   92.200000    -0.005163    -0.000554    -0.004609 
   92.300000    -0.004943    -0.000554    -0.004389 
   92.400000    -0.002804    -0.000554    -0.002250 
   92.500000    -0.003240    -0.000554    -0.002686 
   92.600000    -0.001537    -0.000554    -0.000983 
   92.700000     0.003435    -0.000554     0.003989 
   92.800000     0.000224    -0.000554     0.000778 
   92.900000     0.000991    -0.000554     0.001545 
   93.000000    -0.002207    -0.000554    -0.001653 
   93.100000    -0.000693    -0.000554    -0.000139 
   93.200000     0.006630    -0.000554     0.007184 
   93.300000     0.003741    -0.000554     0.004295 
   93.400000     0.000759    -0.000554     0.001313 
   93.500000     0.001686    -0.000554     0.002240 
   93.600000     0.009947    -0.000554     0.010501 
   93.700000     0.000207    -0.000554     0.000761 
   93.800000    -0.000421    -0.000554     0.000133 
   93.900000    -0.003809    -0.000554    -0.003255 
   94.000000     0.002990    -0.000554     0.003544 
   94.100000    -0.000712    -0.000554    -0.000158 
   94.200000     0.000764    -0.000554     0.001318 
   94.300000     0.001339    -0.000554     0.001893 
   94.400000     0.007680    -0.000554     0.008234 
   94.500000     0.003131    -0.000554     0.003685 
   94.600000     0.000470    -0.000554     0.001024 
   94.700000    -0.000727    -0.000554    -0.000173 
   94.800000    -0.003880    -0.000554    -0.003326 
   94.900000    -0.001622    -0.000554    -0.001068 
   95.000000    -0.000665    -0.000554    -0.000111 
   95.100000     0.004254    -0.000554     0.004808 
   95.200000     0.004478    -0.000554     0.005032 
   95.300000    -0.005903    -0.000554    -0.005349 
   95.400000    -0.002170    -0.000554    -0.001616 
   95.500000     0.000454    -0.000554     0.001008 
   95.600000     0.001572    -0.000554     0.002126 
   95.700000     0.004085    -0.000554     0.004639 
   95.800000     0.005583    -0.000554     0.006137 
   95.900000     0.002257    -0.000554     0.002811 
   96.000000     0.005826    -0.000554     0.006380 
   96.100000    -0.003754    -0.000554    -0.003200 
   96.200000     0.001135    -0.000554     0.001689 
   96.300000    -0.003098    -0.000554    -0.002544 
   96.400000     0.003083    -0.000554     0.003637 
   96.500000    -0.002554    -0.000554    -0.002000 
   96.600000    -0.002935    -0.000554    -0.002381 
   96.700000     0.001118    -0.000554     0.001672 
   96.800000     0.000576    -0.000554     0.001130 
   96.900000    -0.003911    -0.000554    -0.003357 
   97.000000    -0.005914    -0.000554    -0.005360 
   97.100000    -0.002296    -0.000554    -0.001742 
   97.200000    -0.005393    -0.000554    -0.004839 
   97.300000     0.001311    -0.000554     0.001865 
   97.400000     0.001616    -0.000554     0.002170 
   97.500000    -0.003849    -0.000554    -0.003295 
   97.600000     0.001690    -0.000554     0.002244 
   97.700000     0.003898    -0.000554     0.004452 
   97.800000    -0.002971    -0.000554    -0.002417 
   97.900000    -0.001407    -0.000554    -0.000853 
   98.000000    -0.000966    -0.000554    -0.000412 
   98.100000    -0.008994    -0.000554    -0.008440 
   98.200000    -0.001290    -0.000554    -0.000736 
   98.300000    -0.001849    -0.000554    -0.001295 
   98.400000     0.010505    -0.000554     0.011059 
   98.500000    -0.002347    -0.000554    -0.001793 
   98.600000    -0.001744    -0.000554    -0.001190 
   98.700000    -0.002573    -0.000554    -0.002019 
   98.800000     0.000214    -0.000554     0.000768 
   98.900000    -0.006829    -0.000554    -0.006275 
   99.000000    -0.002853    -0.000554    -0.002299 
   99.100000    -0.004883    -0.000554    -0.004329 
   99.200000    -0.006855    -0.000554    -0.006301 
   99.300000    -0.005572    -0.000554    -0.005018 
   99.400000     0.006147    -0.000554     0.006701 
   99.500000     0.001661    -0.000554     0.002215 
   99.600000    -0.000435    -0.000554     0.000119 
   99.700000    -0.001610    -0.000554    -0.001056 
   99.800000    -0.002486    -0.000554    -0.001932 
   99.900000     0.003632    -0.000554     0.004186 
  100.000000    -0.000611    -0.000554    -0.000057 
