##fit: rolloffp.out
    0.500000     0.031268     0.026448     0.004820 
    0.600000     0.022590     0.025720    -0.003130 
    0.700000     0.022689     0.025011    -0.002322 
    0.800000     0.023330     0.024321    -0.000991 
    0.900000     0.017751     0.023650    -0.005899 
    1.000000     0.017373     0.022998    -0.005625 
    1.100000     0.018268     0.022363    -0.004095 
    1.200000     0.019889     0.021746    -0.001857 
    1.300000     0.021912     0.021146     0.000766 
    1.400000     0.020952     0.020562     0.000390 
    1.500000     0.023323     0.019993     0.003330 
    1.600000     0.019368     0.019441    -0.000073 
    1.700000     0.020206     0.018903     0.001303 
    1.800000     0.020440     0.018380     0.002060 
    1.900000     0.018359     0.017872     0.000487 
    2.000000     0.020272     0.017377     0.002895 
    2.100000     0.021920     0.016896     0.005024 
    2.200000     0.024544     0.016428     0.008116 
    2.300000     0.021669     0.015972     0.005697 
    2.400000     0.020149     0.015529     0.004620 
    2.500000     0.018182     0.015098     0.003084 
    2.600000     0.018371     0.014679     0.003692 
    2.700000     0.011956     0.014272    -0.002316 
    2.800000     0.015602     0.013875     0.001727 
    2.900000     0.010296     0.013489    -0.003193 
    3.000000     0.008498     0.013114    -0.004616 
    3.100000     0.007631     0.012749    -0.005118 
    3.200000     0.007289     0.012394    -0.005105 
    3.300000     0.009212     0.012049    -0.002837 
    3.400000     0.008199     0.011713    -0.003514 
    3.500000     0.011388     0.011386     0.000002 
    3.600000     0.015741     0.011068     0.004673 
    3.700000     0.013164     0.010759     0.002405 
    3.800000     0.008735     0.010459    -0.001724 
    3.900000     0.012354     0.010166     0.002188 
    4.000000     0.014612     0.009882     0.004730 
    4.100000     0.008964     0.009605    -0.000641 
    4.200000     0.007906     0.009336    -0.001430 
    4.300000     0.009508     0.009074     0.000434 
    4.400000     0.010155     0.008819     0.001336 
    4.500000     0.010184     0.008571     0.001613 
    4.600000     0.009307     0.008330     0.000977 
    4.700000     0.002984     0.008096    -0.005112 
    4.800000     0.007484     0.007868    -0.000384 
    4.900000     0.009609     0.007646     0.001963 
    5.000000     0.008355     0.007430     0.000925 
    5.100000     0.007178     0.007220    -0.000042 
    5.200000     0.007783     0.007016     0.000767 
    5.300000     0.009575     0.006818     0.002757 
    5.400000     0.009216     0.006624     0.002592 
    5.500000     0.005197     0.006436    -0.001239 
    5.600000     0.007370     0.006254     0.001116 
    5.700000     0.004300     0.006076    -0.001776 
    5.800000     0.004533     0.005903    -0.001370 
    5.900000     0.006805     0.005735     0.001070 
    6.000000     0.004894     0.005571    -0.000677 
    6.100000     0.004624     0.005412    -0.000788 
    6.200000     0.004465     0.005257    -0.000792 
    6.300000     0.002841     0.005107    -0.002266 
    6.400000     0.006427     0.004960     0.001467 
    6.500000     0.005365     0.004818     0.000547 
    6.600000    -0.001193     0.004679    -0.005872 
    6.700000     0.007152     0.004544     0.002608 
    6.800000     0.004179     0.004413    -0.000234 
    6.900000     0.003623     0.004285    -0.000662 
    7.000000     0.002900     0.004161    -0.001261 
    7.100000    -0.000440     0.004041    -0.004481 
    7.200000    -0.000324     0.003923    -0.004247 
    7.300000     0.003635     0.003809    -0.000174 
    7.400000     0.005403     0.003698     0.001705 
    7.500000     0.006332     0.003590     0.002742 
    7.600000     0.003411     0.003485    -0.000074 
    7.700000    -0.000092     0.003383    -0.003475 
    7.800000     0.002777     0.003283    -0.000506 
    7.900000     0.002407     0.003186    -0.000779 
    8.000000     0.002058     0.003092    -0.001034 
    8.100000     0.002766     0.003001    -0.000235 
    8.200000     0.006325     0.002912     0.003413 
    8.300000     0.006865     0.002825     0.004040 
    8.400000     0.002471     0.002741    -0.000270 
    8.500000     0.004990     0.002659     0.002331 
    8.600000     0.000544     0.002579    -0.002035 
    8.700000     0.002515     0.002502     0.000013 
    8.800000     0.004715     0.002426     0.002289 
    8.900000     0.006912     0.002353     0.004559 
    9.000000     0.000532     0.002282    -0.001750 
    9.100000    -0.000870     0.002212    -0.003082 
    9.200000    -0.002567     0.002145    -0.004712 
    9.300000    -0.002699     0.002079    -0.004778 
    9.400000    -0.001576     0.002015    -0.003591 
    9.500000     0.001760     0.001953    -0.000193 
    9.600000     0.000628     0.001893    -0.001265 
    9.700000     0.002799     0.001834     0.000965 
    9.800000     0.002747     0.001777     0.000970 
    9.900000    -0.001302     0.001721    -0.003023 
   10.000000     0.001083     0.001667    -0.000584 
   10.100000    -0.003869     0.001614    -0.005483 
   10.200000    -0.001042     0.001563    -0.002605 
   10.300000    -0.002859     0.001513    -0.004372 
   10.400000    -0.000380     0.001465    -0.001845 
   10.500000     0.002747     0.001418     0.001329 
   10.600000     0.004364     0.001372     0.002992 
   10.700000     0.006755     0.001327     0.005428 
   10.800000     0.004481     0.001284     0.003197 
   10.900000     0.003298     0.001242     0.002056 
   11.000000     0.000956     0.001201    -0.000245 
   11.100000    -0.000143     0.001161    -0.001304 
   11.200000     0.000699     0.001122    -0.000423 
   11.300000     0.000140     0.001084    -0.000944 
   11.400000    -0.002629     0.001047    -0.003676 
   11.500000    -0.000345     0.001012    -0.001357 
   11.600000    -0.000903     0.000977    -0.001880 
   11.700000    -0.001271     0.000943    -0.002214 
   11.800000     0.001722     0.000910     0.000812 
   11.900000     0.000223     0.000878    -0.000655 
   12.000000    -0.001283     0.000847    -0.002130 
   12.100000     0.003951     0.000817     0.003134 
   12.200000     0.006470     0.000787     0.005683 
   12.300000     0.003871     0.000759     0.003112 
   12.400000     0.001164     0.000731     0.000433 
   12.500000     0.002452     0.000704     0.001748 
   12.600000     0.000891     0.000677     0.000214 
   12.700000    -0.005010     0.000652    -0.005662 
   12.800000     0.003788     0.000627     0.003161 
   12.900000     0.002140     0.000602     0.001538 
   13.000000     0.002455     0.000579     0.001876 
   13.100000     0.000204     0.000556    -0.000352 
   13.200000     0.003928     0.000534     0.003394 
   13.300000     0.001805     0.000512     0.001293 
   13.400000     0.004031     0.000491     0.003540 
   13.500000    -0.002163     0.000470    -0.002633 
   13.600000    -0.002006     0.000450    -0.002456 
   13.700000    -0.004473     0.000431    -0.004904 
   13.800000    -0.003403     0.000412    -0.003815 
   13.900000    -0.001541     0.000393    -0.001934 
   14.000000     0.000191     0.000376    -0.000185 
   14.100000    -0.002668     0.000358    -0.003026 
   14.200000    -0.000674     0.000341    -0.001015 
   14.300000     0.000554     0.000325     0.000229 
   14.400000    -0.000497     0.000309    -0.000806 
   14.500000    -0.000567     0.000293    -0.000860 
   14.600000    -0.000223     0.000278    -0.000501 
   14.700000     0.001579     0.000263     0.001316 
   14.800000    -0.000577     0.000249    -0.000826 
   14.900000    -0.001187     0.000235    -0.001422 
   15.000000    -0.002818     0.000221    -0.003039 
   15.100000    -0.001256     0.000208    -0.001464 
   15.200000    -0.004232     0.000195    -0.004427 
   15.300000    -0.006264     0.000183    -0.006447 
   15.400000    -0.000097     0.000171    -0.000268 
   15.500000     0.004007     0.000159     0.003848 
   15.600000     0.004406     0.000147     0.004259 
   15.700000     0.001473     0.000136     0.001337 
   15.800000    -0.001525     0.000125    -0.001650 
   15.900000     0.002519     0.000115     0.002404 
   16.000000     0.002447     0.000104     0.002343 
   16.100000    -0.000263     0.000094    -0.000357 
   16.200000     0.001393     0.000085     0.001308 
   16.300000     0.001333     0.000075     0.001258 
   16.400000     0.000538     0.000066     0.000472 
   16.500000    -0.000136     0.000057    -0.000193 
   16.600000     0.005722     0.000048     0.005674 
   16.700000     0.004785     0.000040     0.004745 
   16.800000     0.002507     0.000032     0.002475 
   16.900000    -0.001511     0.000024    -0.001535 
   17.000000    -0.000969     0.000016    -0.000985 
   17.100000     0.003727     0.000008     0.003719 
   17.200000     0.002064     0.000001     0.002063 
   17.300000    -0.001521    -0.000006    -0.001515 
   17.400000     0.002403    -0.000013     0.002416 
   17.500000    -0.000570    -0.000020    -0.000550 
   17.600000    -0.000113    -0.000027    -0.000086 
   17.700000     0.003480    -0.000033     0.003513 
   17.800000     0.000342    -0.000039     0.000381 
   17.900000     0.003144    -0.000046     0.003190 
   18.000000     0.000457    -0.000052     0.000509 
   18.100000     0.000846    -0.000057     0.000903 
   18.200000    -0.001830    -0.000063    -0.001767 
   18.300000    -0.002019    -0.000068    -0.001951 
   18.400000     0.001895    -0.000074     0.001969 
   18.500000    -0.002033    -0.000079    -0.001954 
   18.600000     0.003818    -0.000084     0.003902 
   18.700000    -0.000999    -0.000089    -0.000910 
   18.800000     0.002200    -0.000093     0.002293 
   18.900000    -0.003089    -0.000098    -0.002991 
   19.000000     0.000439    -0.000102     0.000541 
   19.100000    -0.000294    -0.000107    -0.000187 
   19.200000    -0.001106    -0.000111    -0.000995 
   19.300000    -0.001809    -0.000115    -0.001694 
   19.400000    -0.002225    -0.000119    -0.002106 
   19.500000     0.002701    -0.000123     0.002824 
   19.600000     0.002974    -0.000127     0.003101 
   19.700000     0.001706    -0.000131     0.001837 
   19.800000     0.002999    -0.000134     0.003133 
   19.900000     0.001290    -0.000138     0.001428 
   20.000000    -0.003520    -0.000141    -0.003379 
   20.100000     0.000025    -0.000144     0.000169 
   20.200000     0.000260    -0.000148     0.000408 
   20.300000     0.001289    -0.000151     0.001440 
   20.400000     0.001658    -0.000154     0.001812 
   20.500000     0.000622    -0.000157     0.000779 
   20.600000     0.003315    -0.000160     0.003475 
   20.700000     0.005491    -0.000163     0.005654 
   20.800000     0.003325    -0.000165     0.003490 
   20.900000     0.000424    -0.000168     0.000592 
   21.000000    -0.000283    -0.000170    -0.000113 
   21.100000     0.004688    -0.000173     0.004861 
   21.200000    -0.000134    -0.000175     0.000041 
   21.300000    -0.002963    -0.000178    -0.002785 
   21.400000     0.002346    -0.000180     0.002526 
   21.500000     0.003792    -0.000182     0.003974 
   21.600000     0.004704    -0.000185     0.004889 
   21.700000     0.000185    -0.000187     0.000372 
   21.800000     0.002464    -0.000189     0.002653 
   21.900000     0.000359    -0.000191     0.000550 
   22.000000     0.001804    -0.000193     0.001997 
   22.100000     0.000483    -0.000195     0.000678 
   22.200000     0.000631    -0.000196     0.000827 
   22.300000    -0.001400    -0.000198    -0.001202 
   22.400000    -0.001263    -0.000200    -0.001063 
   22.500000     0.000033    -0.000202     0.000235 
   22.600000    -0.004175    -0.000203    -0.003972 
   22.700000     0.002957    -0.000205     0.003162 
   22.800000     0.000914    -0.000207     0.001121 
   22.900000     0.001038    -0.000208     0.001246 
   23.000000    -0.002107    -0.000210    -0.001897 
   23.100000     0.001032    -0.000211     0.001243 
   23.200000    -0.000133    -0.000212     0.000079 
   23.300000     0.002703    -0.000214     0.002917 
   23.400000    -0.001029    -0.000215    -0.000814 
   23.500000    -0.003230    -0.000216    -0.003014 
   23.600000    -0.002421    -0.000218    -0.002203 
   23.700000    -0.001104    -0.000219    -0.000885 
   23.800000    -0.001529    -0.000220    -0.001309 
   23.900000    -0.000027    -0.000221     0.000194 
   24.000000     0.004931    -0.000222     0.005153 
   24.100000     0.003449    -0.000223     0.003672 
   24.200000    -0.001448    -0.000225    -0.001223 
   24.300000    -0.005420    -0.000226    -0.005194 
   24.400000     0.002316    -0.000227     0.002543 
   24.500000     0.000779    -0.000228     0.001007 
   24.600000     0.002876    -0.000229     0.003105 
   24.700000     0.001136    -0.000229     0.001365 
   24.800000     0.002623    -0.000230     0.002853 
   24.900000     0.007081    -0.000231     0.007312 
   25.000000     0.001283    -0.000232     0.001515 
   25.100000    -0.002941    -0.000233    -0.002708 
   25.200000     0.000212    -0.000234     0.000446 
   25.300000     0.000675    -0.000235     0.000910 
   25.400000     0.002116    -0.000235     0.002351 
   25.500000    -0.000685    -0.000236    -0.000449 
   25.600000    -0.000321    -0.000237    -0.000084 
   25.700000    -0.001623    -0.000237    -0.001386 
   25.800000    -0.001357    -0.000238    -0.001119 
   25.900000     0.001063    -0.000239     0.001302 
   26.000000    -0.004404    -0.000239    -0.004165 
   26.100000    -0.004393    -0.000240    -0.004153 
   26.200000     0.000153    -0.000241     0.000394 
   26.300000    -0.002752    -0.000241    -0.002511 
   26.400000    -0.003697    -0.000242    -0.003455 
   26.500000     0.001769    -0.000242     0.002011 
   26.600000     0.004395    -0.000243     0.004638 
   26.700000     0.003624    -0.000244     0.003868 
   26.800000    -0.001744    -0.000244    -0.001500 
   26.900000     0.000325    -0.000245     0.000570 
   27.000000    -0.001588    -0.000245    -0.001343 
   27.100000    -0.001979    -0.000245    -0.001734 
   27.200000    -0.000197    -0.000246     0.000049 
   27.300000     0.000057    -0.000246     0.000303 
   27.400000    -0.000593    -0.000247    -0.000346 
   27.500000     0.000522    -0.000247     0.000769 
   27.600000     0.001700    -0.000248     0.001948 
   27.700000    -0.003686    -0.000248    -0.003438 
   27.800000    -0.003224    -0.000248    -0.002976 
   27.900000     0.001802    -0.000249     0.002051 
   28.000000    -0.001588    -0.000249    -0.001339 
   28.100000    -0.002385    -0.000250    -0.002135 
   28.200000    -0.003740    -0.000250    -0.003490 
   28.300000    -0.002617    -0.000250    -0.002367 
   28.400000    -0.003049    -0.000251    -0.002798 
   28.500000    -0.000656    -0.000251    -0.000405 
   28.600000    -0.006669    -0.000251    -0.006418 
   28.700000    -0.001966    -0.000252    -0.001714 
   28.800000    -0.004224    -0.000252    -0.003972 
   28.900000    -0.002777    -0.000252    -0.002525 
   29.000000    -0.006547    -0.000252    -0.006295 
   29.100000    -0.004107    -0.000253    -0.003854 
   29.200000     0.001131    -0.000253     0.001384 
   29.300000    -0.004537    -0.000253    -0.004284 
   29.400000    -0.004021    -0.000254    -0.003767 
   29.500000    -0.003970    -0.000254    -0.003716 
   29.600000     0.002412    -0.000254     0.002666 
   29.700000     0.003495    -0.000254     0.003749 
   29.800000     0.005471    -0.000254     0.005725 
   29.900000     0.002688    -0.000255     0.002943 
   30.000000    -0.000196    -0.000255     0.000059 
   30.100000     0.003694    -0.000255     0.003949 
   30.200000     0.000875    -0.000255     0.001130 
   30.300000    -0.002207    -0.000255    -0.001952 
   30.400000    -0.000309    -0.000256    -0.000053 
   30.500000     0.004703    -0.000256     0.004959 
   30.600000     0.000718    -0.000256     0.000974 
   30.700000     0.000230    -0.000256     0.000486 
   30.800000     0.000066    -0.000256     0.000322 
   30.900000    -0.002145    -0.000257    -0.001888 
   31.000000     0.000579    -0.000257     0.000836 
   31.100000    -0.002342    -0.000257    -0.002085 
   31.200000    -0.002148    -0.000257    -0.001891 
   31.300000     0.002644    -0.000257     0.002901 
   31.400000     0.002072    -0.000257     0.002329 
   31.500000     0.005884    -0.000257     0.006141 
   31.600000     0.002601    -0.000258     0.002859 
   31.700000    -0.000708    -0.000258    -0.000450 
   31.800000    -0.004597    -0.000258    -0.004339 
   31.900000    -0.006757    -0.000258    -0.006499 
   32.000000    -0.002722    -0.000258    -0.002464 
   32.100000    -0.000557    -0.000258    -0.000299 
   32.200000     0.002962    -0.000258     0.003220 
   32.300000    -0.001672    -0.000258    -0.001414 
   32.400000    -0.002803    -0.000259    -0.002544 
   32.500000    -0.001707    -0.000259    -0.001448 
   32.600000     0.001078    -0.000259     0.001337 
   32.700000     0.000318    -0.000259     0.000577 
   32.800000     0.000325    -0.000259     0.000584 
   32.900000    -0.004310    -0.000259    -0.004051 
   33.000000    -0.002380    -0.000259    -0.002121 
   33.100000    -0.002731    -0.000259    -0.002472 
   33.200000     0.000711    -0.000259     0.000970 
   33.300000    -0.001159    -0.000259    -0.000900 
   33.400000     0.002523    -0.000260     0.002783 
   33.500000    -0.002881    -0.000260    -0.002621 
   33.600000    -0.003121    -0.000260    -0.002861 
   33.700000     0.005634    -0.000260     0.005894 
   33.800000     0.001293    -0.000260     0.001553 
   33.900000     0.000950    -0.000260     0.001210 
   34.000000    -0.001548    -0.000260    -0.001288 
   34.100000    -0.003448    -0.000260    -0.003188 
   34.200000    -0.005689    -0.000260    -0.005429 
   34.300000    -0.002550    -0.000260    -0.002290 
   34.400000    -0.000939    -0.000260    -0.000679 
   34.500000     0.001539    -0.000260     0.001799 
   34.600000    -0.000695    -0.000260    -0.000435 
   34.700000    -0.002195    -0.000260    -0.001935 
   34.800000     0.000425    -0.000260     0.000685 
   34.900000    -0.001339    -0.000261    -0.001078 
   35.000000    -0.006033    -0.000261    -0.005772 
   35.100000    -0.003040    -0.000261    -0.002779 
   35.200000    -0.002181    -0.000261    -0.001920 
   35.300000     0.001096    -0.000261     0.001357 
   35.400000    -0.001785    -0.000261    -0.001524 
   35.500000    -0.000209    -0.000261     0.000052 
   35.600000     0.002578    -0.000261     0.002839 
   35.700000    -0.000219    -0.000261     0.000042 
   35.800000    -0.000134    -0.000261     0.000127 
   35.900000    -0.008497    -0.000261    -0.008236 
   36.000000    -0.010788    -0.000261    -0.010527 
   36.100000    -0.005349    -0.000261    -0.005088 
   36.200000    -0.002744    -0.000261    -0.002483 
   36.300000    -0.000109    -0.000261     0.000152 
   36.400000    -0.003812    -0.000261    -0.003551 
   36.500000    -0.003827    -0.000261    -0.003566 
   36.600000    -0.006285    -0.000261    -0.006024 
   36.700000    -0.007643    -0.000261    -0.007382 
   36.800000    -0.003814    -0.000261    -0.003553 
   36.900000    -0.003873    -0.000261    -0.003612 
   37.000000    -0.002382    -0.000261    -0.002121 
   37.100000    -0.003158    -0.000261    -0.002897 
   37.200000    -0.004074    -0.000261    -0.003813 
   37.300000    -0.002649    -0.000262    -0.002387 
   37.400000    -0.000441    -0.000262    -0.000179 
   37.500000    -0.006574    -0.000262    -0.006312 
   37.600000    -0.003395    -0.000262    -0.003133 
   37.700000     0.001677    -0.000262     0.001939 
   37.800000     0.001105    -0.000262     0.001367 
   37.900000     0.000693    -0.000262     0.000955 
   38.000000    -0.000943    -0.000262    -0.000681 
   38.100000    -0.002558    -0.000262    -0.002296 
   38.200000    -0.006512    -0.000262    -0.006250 
   38.300000    -0.003657    -0.000262    -0.003395 
   38.400000    -0.006427    -0.000262    -0.006165 
   38.500000    -0.008242    -0.000262    -0.007980 
   38.600000    -0.005997    -0.000262    -0.005735 
   38.700000    -0.004082    -0.000262    -0.003820 
   38.800000    -0.004877    -0.000262    -0.004615 
   38.900000    -0.004745    -0.000262    -0.004483 
   39.000000    -0.001936    -0.000262    -0.001674 
   39.100000    -0.002673    -0.000262    -0.002411 
   39.200000    -0.004608    -0.000262    -0.004346 
   39.300000    -0.002522    -0.000262    -0.002260 
   39.400000    -0.001426    -0.000262    -0.001164 
   39.500000     0.000247    -0.000262     0.000509 
   39.600000    -0.003228    -0.000262    -0.002966 
   39.700000    -0.004232    -0.000262    -0.003970 
   39.800000    -0.002221    -0.000262    -0.001959 
   39.900000    -0.006438    -0.000262    -0.006176 
   40.000000    -0.001095    -0.000262    -0.000833 
   40.100000    -0.003311    -0.000262    -0.003049 
   40.200000    -0.002631    -0.000262    -0.002369 
   40.300000    -0.001101    -0.000262    -0.000839 
   40.400000    -0.000990    -0.000262    -0.000728 
   40.500000    -0.000714    -0.000262    -0.000452 
   40.600000    -0.002084    -0.000262    -0.001822 
   40.700000     0.000376    -0.000262     0.000638 
   40.800000    -0.000593    -0.000262    -0.000331 
   40.900000    -0.004889    -0.000262    -0.004627 
   41.000000    -0.005173    -0.000262    -0.004911 
   41.100000    -0.003834    -0.000262    -0.003572 
   41.200000    -0.003750    -0.000262    -0.003488 
   41.300000    -0.000924    -0.000262    -0.000662 
   41.400000    -0.002074    -0.000262    -0.001812 
   41.500000     0.001542    -0.000262     0.001804 
   41.600000     0.001523    -0.000262     0.001785 
   41.700000     0.001821    -0.000262     0.002083 
   41.800000     0.004375    -0.000262     0.004637 
   41.900000    -0.000407    -0.000262    -0.000145 
   42.000000    -0.004250    -0.000262    -0.003988 
   42.100000    -0.005061    -0.000262    -0.004799 
   42.200000    -0.002442    -0.000262    -0.002180 
   42.300000    -0.003403    -0.000262    -0.003141 
   42.400000    -0.003997    -0.000262    -0.003735 
   42.500000    -0.003803    -0.000262    -0.003541 
   42.600000    -0.000616    -0.000262    -0.000354 
   42.700000     0.002087    -0.000262     0.002349 
   42.800000    -0.005461    -0.000262    -0.005199 
   42.900000    -0.003225    -0.000262    -0.002963 
   43.000000    -0.001003    -0.000262    -0.000741 
   43.100000    -0.000399    -0.000262    -0.000137 
   43.200000    -0.003580    -0.000262    -0.003318 
   43.300000    -0.002840    -0.000262    -0.002578 
   43.400000    -0.001594    -0.000262    -0.001332 
   43.500000     0.001365    -0.000262     0.001627 
   43.600000     0.004353    -0.000262     0.004615 
   43.700000    -0.002265    -0.000262    -0.002003 
   43.800000    -0.001533    -0.000262    -0.001271 
   43.900000    -0.000548    -0.000262    -0.000286 
   44.000000    -0.003311    -0.000262    -0.003049 
   44.100000    -0.001850    -0.000262    -0.001588 
   44.200000    -0.004241    -0.000262    -0.003979 
   44.300000    -0.001810    -0.000262    -0.001548 
   44.400000    -0.001215    -0.000262    -0.000953 
   44.500000    -0.006760    -0.000262    -0.006498 
   44.600000    -0.003741    -0.000262    -0.003479 
   44.700000    -0.001175    -0.000262    -0.000913 
   44.800000    -0.004317    -0.000262    -0.004055 
   44.900000    -0.005697    -0.000262    -0.005435 
   45.000000    -0.003093    -0.000262    -0.002831 
   45.100000    -0.002534    -0.000262    -0.002272 
   45.200000    -0.000179    -0.000262     0.000083 
   45.300000    -0.001237    -0.000262    -0.000975 
   45.400000     0.000045    -0.000262     0.000307 
   45.500000    -0.000166    -0.000262     0.000096 
   45.600000    -0.002827    -0.000262    -0.002565 
   45.700000     0.004258    -0.000262     0.004520 
   45.800000     0.000051    -0.000262     0.000313 
   45.900000     0.000470    -0.000262     0.000732 
   46.000000    -0.000582    -0.000262    -0.000320 
   46.100000     0.003535    -0.000262     0.003797 
   46.200000    -0.002420    -0.000262    -0.002158 
   46.300000    -0.003761    -0.000262    -0.003499 
   46.400000    -0.006005    -0.000262    -0.005743 
   46.500000     0.001067    -0.000262     0.001329 
   46.600000    -0.000653    -0.000262    -0.000391 
   46.700000    -0.003143    -0.000262    -0.002881 
   46.800000    -0.001035    -0.000262    -0.000773 
   46.900000     0.003319    -0.000262     0.003581 
   47.000000     0.003191    -0.000262     0.003453 
   47.100000    -0.002527    -0.000262    -0.002265 
   47.200000    -0.001763    -0.000262    -0.001501 
   47.300000     0.000135    -0.000262     0.000397 
   47.400000     0.004901    -0.000262     0.005163 
   47.500000     0.001387    -0.000262     0.001649 
   47.600000     0.003734    -0.000262     0.003996 
   47.700000     0.007141    -0.000262     0.007403 
   47.800000     0.005918    -0.000262     0.006180 
   47.900000     0.010042    -0.000262     0.010304 
   48.000000     0.007338    -0.000262     0.007600 
   48.100000     0.002049    -0.000262     0.002311 
   48.200000     0.000725    -0.000262     0.000987 
   48.300000    -0.003240    -0.000262    -0.002978 
   48.400000     0.000598    -0.000262     0.000860 
   48.500000    -0.002947    -0.000262    -0.002685 
   48.600000    -0.004862    -0.000262    -0.004600 
   48.700000    -0.003211    -0.000262    -0.002949 
   48.800000    -0.002812    -0.000262    -0.002550 
   48.900000    -0.000146    -0.000262     0.000116 
   49.000000     0.000061    -0.000262     0.000323 
   49.100000    -0.001052    -0.000262    -0.000790 
   49.200000     0.000173    -0.000262     0.000435 
   49.300000    -0.001892    -0.000262    -0.001630 
   49.400000    -0.004390    -0.000262    -0.004128 
   49.500000     0.001529    -0.000262     0.001791 
   49.600000     0.002623    -0.000262     0.002885 
   49.700000     0.001224    -0.000262     0.001486 
   49.800000     0.001043    -0.000262     0.001305 
   49.900000     0.002448    -0.000262     0.002710 
   50.000000     0.008866    -0.000262     0.009128 
   50.100000     0.006213    -0.000262     0.006475 
   50.200000     0.002972    -0.000262     0.003234 
   50.300000    -0.000450    -0.000262    -0.000188 
   50.400000    -0.000443    -0.000262    -0.000181 
   50.500000     0.000729    -0.000262     0.000991 
   50.600000    -0.003063    -0.000262    -0.002801 
   50.700000    -0.000244    -0.000262     0.000018 
   50.800000     0.004199    -0.000262     0.004461 
   50.900000     0.000074    -0.000262     0.000336 
   51.000000    -0.002223    -0.000262    -0.001961 
   51.100000     0.004149    -0.000262     0.004411 
   51.200000     0.002863    -0.000262     0.003125 
   51.300000     0.001508    -0.000262     0.001770 
   51.400000    -0.002803    -0.000262    -0.002541 
   51.500000     0.000897    -0.000262     0.001159 
   51.600000    -0.001573    -0.000262    -0.001311 
   51.700000    -0.003539    -0.000262    -0.003277 
   51.800000    -0.003894    -0.000262    -0.003632 
   51.900000    -0.001053    -0.000262    -0.000791 
   52.000000    -0.000771    -0.000262    -0.000509 
   52.100000    -0.005730    -0.000262    -0.005468 
   52.200000    -0.000287    -0.000263    -0.000024 
   52.300000    -0.000184    -0.000263     0.000079 
   52.400000     0.000252    -0.000263     0.000515 
   52.500000     0.001869    -0.000263     0.002132 
   52.600000     0.002704    -0.000263     0.002967 
   52.700000    -0.000959    -0.000263    -0.000696 
   52.800000    -0.003367    -0.000263    -0.003104 
   52.900000    -0.000002    -0.000263     0.000261 
   53.000000     0.001252    -0.000263     0.001515 
   53.100000    -0.004816    -0.000263    -0.004553 
   53.200000    -0.005699    -0.000263    -0.005436 
   53.300000     0.000606    -0.000263     0.000869 
   53.400000     0.001448    -0.000263     0.001711 
   53.500000    -0.005283    -0.000263    -0.005020 
   53.600000    -0.003800    -0.000263    -0.003537 
   53.700000     0.002794    -0.000263     0.003057 
   53.800000     0.001502    -0.000263     0.001765 
   53.900000     0.003394    -0.000263     0.003657 
   54.000000    -0.003034    -0.000263    -0.002771 
   54.100000    -0.008532    -0.000263    -0.008269 
   54.200000    -0.001476    -0.000263    -0.001213 
   54.300000    -0.000825    -0.000263    -0.000562 
   54.400000     0.002300    -0.000263     0.002563 
   54.500000    -0.004272    -0.000263    -0.004009 
   54.600000    -0.002323    -0.000263    -0.002060 
   54.700000    -0.002145    -0.000263    -0.001882 
   54.800000    -0.001959    -0.000263    -0.001696 
   54.900000    -0.002980    -0.000263    -0.002717 
   55.000000    -0.005829    -0.000263    -0.005566 
   55.100000    -0.001038    -0.000263    -0.000775 
   55.200000    -0.000722    -0.000263    -0.000459 
   55.300000    -0.000760    -0.000263    -0.000497 
   55.400000     0.004233    -0.000263     0.004496 
   55.500000     0.001741    -0.000263     0.002004 
   55.600000     0.001287    -0.000263     0.001550 
   55.700000    -0.002315    -0.000263    -0.002052 
   55.800000    -0.003250    -0.000263    -0.002987 
   55.900000    -0.001899    -0.000263    -0.001636 
   56.000000     0.001041    -0.000263     0.001304 
   56.100000     0.000804    -0.000263     0.001067 
   56.200000    -0.000505    -0.000263    -0.000242 
   56.300000    -0.003149    -0.000263    -0.002886 
   56.400000     0.001168    -0.000263     0.001431 
   56.500000    -0.000116    -0.000263     0.000147 
   56.600000    -0.003659    -0.000263    -0.003396 
   56.700000    -0.004733    -0.000263    -0.004470 
   56.800000    -0.001105    -0.000263    -0.000842 
   56.900000    -0.004316    -0.000263    -0.004053 
   57.000000    -0.008192    -0.000263    -0.007929 
   57.100000    -0.004527    -0.000263    -0.004264 
   57.200000    -0.004580    -0.000263    -0.004317 
   57.300000    -0.002488    -0.000263    -0.002225 
   57.400000    -0.003492    -0.000263    -0.003229 
   57.500000    -0.003602    -0.000263    -0.003339 
   57.600000    -0.001175    -0.000263    -0.000912 
   57.700000    -0.002122    -0.000263    -0.001859 
   57.800000    -0.001693    -0.000263    -0.001430 
   57.900000    -0.006893    -0.000263    -0.006630 
   58.000000    -0.007644    -0.000263    -0.007381 
   58.100000    -0.006193    -0.000263    -0.005930 
   58.200000    -0.003392    -0.000263    -0.003129 
   58.300000    -0.005697    -0.000263    -0.005434 
   58.400000    -0.002433    -0.000263    -0.002170 
   58.500000    -0.000343    -0.000263    -0.000080 
   58.600000    -0.003952    -0.000263    -0.003689 
   58.700000    -0.001080    -0.000263    -0.000817 
   58.800000    -0.003419    -0.000263    -0.003156 
   58.900000    -0.000845    -0.000263    -0.000582 
   59.000000    -0.002374    -0.000263    -0.002111 
   59.100000    -0.002212    -0.000263    -0.001949 
   59.200000    -0.006168    -0.000263    -0.005905 
   59.300000    -0.006108    -0.000263    -0.005845 
   59.400000    -0.003598    -0.000263    -0.003335 
   59.500000    -0.003197    -0.000263    -0.002934 
   59.600000    -0.000187    -0.000263     0.000076 
   59.700000     0.001011    -0.000263     0.001274 
   59.800000    -0.001293    -0.000263    -0.001030 
   59.900000    -0.001201    -0.000263    -0.000938 
   60.000000    -0.003914    -0.000263    -0.003651 
   60.100000    -0.000632    -0.000263    -0.000369 
   60.200000    -0.003865    -0.000263    -0.003602 
   60.300000    -0.007202    -0.000263    -0.006939 
   60.400000    -0.006060    -0.000263    -0.005797 
   60.500000    -0.008710    -0.000263    -0.008447 
   60.600000    -0.011216    -0.000263    -0.010953 
   60.700000    -0.007621    -0.000263    -0.007358 
   60.800000    -0.000153    -0.000263     0.000110 
   60.900000    -0.002144    -0.000263    -0.001881 
   61.000000    -0.002020    -0.000263    -0.001757 
   61.100000    -0.001822    -0.000263    -0.001559 
   61.200000    -0.003088    -0.000263    -0.002825 
   61.300000    -0.003637    -0.000263    -0.003374 
   61.400000     0.001011    -0.000263     0.001274 
   61.500000    -0.000456    -0.000263    -0.000193 
   61.600000    -0.004245    -0.000263    -0.003982 
   61.700000    -0.008304    -0.000263    -0.008041 
   61.800000    -0.003786    -0.000263    -0.003523 
   61.900000     0.000964    -0.000263     0.001227 
   62.000000    -0.002552    -0.000263    -0.002289 
   62.100000    -0.001883    -0.000263    -0.001620 
   62.200000     0.002875    -0.000263     0.003138 
   62.300000     0.000643    -0.000263     0.000906 
   62.400000     0.002376    -0.000263     0.002639 
   62.500000    -0.004488    -0.000263    -0.004225 
   62.600000    -0.004507    -0.000263    -0.004244 
   62.700000    -0.002787    -0.000263    -0.002524 
   62.800000    -0.001187    -0.000263    -0.000924 
   62.900000    -0.005269    -0.000263    -0.005006 
   63.000000    -0.002052    -0.000263    -0.001789 
   63.100000    -0.005353    -0.000263    -0.005090 
   63.200000    -0.000601    -0.000263    -0.000338 
   63.300000    -0.003504    -0.000263    -0.003241 
   63.400000    -0.007915    -0.000263    -0.007652 
   63.500000    -0.000983    -0.000263    -0.000720 
   63.600000    -0.001556    -0.000263    -0.001293 
   63.700000    -0.001196    -0.000263    -0.000933 
   63.800000    -0.001093    -0.000263    -0.000830 
   63.900000    -0.002441    -0.000263    -0.002178 
   64.000000    -0.003609    -0.000263    -0.003346 
   64.100000    -0.001329    -0.000263    -0.001066 
   64.200000     0.000439    -0.000263     0.000702 
   64.300000     0.000047    -0.000263     0.000310 
   64.400000     0.004291    -0.000263     0.004554 
   64.500000     0.001104    -0.000263     0.001367 
   64.600000    -0.001212    -0.000263    -0.000949 
   64.700000     0.001447    -0.000263     0.001710 
   64.800000     0.002257    -0.000263     0.002520 
   64.900000     0.004369    -0.000263     0.004632 
   65.000000     0.003794    -0.000263     0.004057 
   65.100000     0.003649    -0.000263     0.003912 
   65.200000     0.005856    -0.000263     0.006119 
   65.300000    -0.000003    -0.000263     0.000260 
   65.400000     0.000964    -0.000263     0.001227 
   65.500000     0.002870    -0.000263     0.003133 
   65.600000     0.000157    -0.000263     0.000420 
   65.700000     0.002420    -0.000263     0.002683 
   65.800000     0.004964    -0.000263     0.005227 
   65.900000     0.003032    -0.000263     0.003295 
   66.000000     0.008209    -0.000263     0.008472 
   66.100000     0.004631    -0.000263     0.004894 
   66.200000     0.003172    -0.000263     0.003435 
   66.300000     0.005776    -0.000263     0.006039 
   66.400000     0.005277    -0.000263     0.005540 
   66.500000     0.007699    -0.000263     0.007962 
   66.600000     0.004826    -0.000263     0.005089 
   66.700000     0.003257    -0.000263     0.003520 
   66.800000     0.001610    -0.000263     0.001873 
   66.900000    -0.000006    -0.000263     0.000257 
   67.000000     0.002626    -0.000263     0.002889 
   67.100000     0.002608    -0.000263     0.002871 
   67.200000     0.009334    -0.000263     0.009597 
   67.300000     0.000396    -0.000263     0.000659 
   67.400000    -0.001555    -0.000263    -0.001292 
   67.500000    -0.000885    -0.000263    -0.000622 
   67.600000    -0.003199    -0.000263    -0.002936 
   67.700000    -0.001965    -0.000263    -0.001702 
   67.800000    -0.000114    -0.000263     0.000149 
   67.900000     0.002759    -0.000263     0.003022 
   68.000000     0.003873    -0.000263     0.004136 
   68.100000     0.003189    -0.000263     0.003452 
   68.200000    -0.002867    -0.000263    -0.002604 
   68.300000     0.002555    -0.000263     0.002818 
   68.400000    -0.003790    -0.000263    -0.003527 
   68.500000    -0.000816    -0.000263    -0.000553 
   68.600000    -0.004567    -0.000263    -0.004304 
   68.700000     0.000323    -0.000263     0.000586 
   68.800000     0.000952    -0.000263     0.001215 
   68.900000    -0.003599    -0.000263    -0.003336 
   69.000000    -0.002511    -0.000263    -0.002248 
   69.100000     0.002102    -0.000263     0.002365 
   69.200000    -0.007343    -0.000263    -0.007080 
   69.300000     0.001370    -0.000263     0.001633 
   69.400000    -0.003631    -0.000263    -0.003368 
   69.500000    -0.002730    -0.000263    -0.002467 
   69.600000    -0.001260    -0.000263    -0.000997 
   69.700000     0.003330    -0.000263     0.003593 
   69.800000     0.000848    -0.000263     0.001111 
   69.900000     0.000438    -0.000263     0.000701 
   70.000000    -0.004009    -0.000263    -0.003746 
   70.100000     0.004222    -0.000263     0.004485 
   70.200000     0.004916    -0.000263     0.005179 
   70.300000     0.001628    -0.000263     0.001891 
   70.400000     0.000596    -0.000263     0.000859 
   70.500000     0.001728    -0.000263     0.001991 
   70.600000    -0.001223    -0.000263    -0.000960 
   70.700000    -0.002935    -0.000263    -0.002672 
   70.800000     0.002270    -0.000263     0.002533 
   70.900000     0.001251    -0.000263     0.001514 
   71.000000    -0.003708    -0.000263    -0.003445 
   71.100000    -0.000581    -0.000263    -0.000318 
   71.200000     0.001987    -0.000263     0.002250 
   71.300000     0.001567    -0.000263     0.001830 
   71.400000     0.003401    -0.000263     0.003664 
   71.500000     0.007281    -0.000263     0.007544 
   71.600000     0.002623    -0.000263     0.002886 
   71.700000    -0.002239    -0.000263    -0.001976 
   71.800000     0.000347    -0.000263     0.000610 
   71.900000     0.002272    -0.000263     0.002535 
   72.000000     0.000041    -0.000263     0.000304 
   72.100000    -0.002542    -0.000263    -0.002279 
   72.200000    -0.003151    -0.000263    -0.002888 
   72.300000    -0.000561    -0.000263    -0.000298 
   72.400000     0.003718    -0.000263     0.003981 
   72.500000     0.002098    -0.000263     0.002361 
   72.600000     0.004225    -0.000263     0.004488 
   72.700000     0.004328    -0.000263     0.004591 
   72.800000     0.002504    -0.000263     0.002767 
   72.900000     0.005193    -0.000263     0.005456 
   73.000000     0.006389    -0.000263     0.006652 
   73.100000     0.005579    -0.000263     0.005842 
   73.200000     0.000867    -0.000263     0.001130 
   73.300000    -0.004650    -0.000263    -0.004387 
   73.400000    -0.005159    -0.000263    -0.004896 
   73.500000    -0.007247    -0.000263    -0.006984 
   73.600000    -0.002163    -0.000263    -0.001900 
   73.700000    -0.007334    -0.000263    -0.007071 
   73.800000    -0.006430    -0.000263    -0.006167 
   73.900000    -0.004229    -0.000263    -0.003966 
   74.000000     0.000753    -0.000263     0.001016 
   74.100000    -0.000019    -0.000263     0.000244 
   74.200000     0.002629    -0.000263     0.002892 
   74.300000     0.000205    -0.000263     0.000468 
   74.400000     0.001528    -0.000263     0.001791 
   74.500000    -0.002625    -0.000263    -0.002362 
   74.600000    -0.005689    -0.000263    -0.005426 
   74.700000    -0.002015    -0.000263    -0.001752 
   74.800000     0.001004    -0.000263     0.001267 
   74.900000     0.002014    -0.000263     0.002277 
   75.000000     0.003347    -0.000263     0.003610 
   75.100000     0.000361    -0.000263     0.000624 
   75.200000    -0.001437    -0.000263    -0.001174 
   75.300000     0.004353    -0.000263     0.004616 
   75.400000     0.003182    -0.000263     0.003445 
   75.500000    -0.001817    -0.000263    -0.001554 
   75.600000    -0.002761    -0.000263    -0.002498 
   75.700000    -0.000148    -0.000263     0.000115 
   75.800000    -0.001395    -0.000263    -0.001132 
   75.900000    -0.005309    -0.000263    -0.005046 
   76.000000    -0.001415    -0.000263    -0.001152 
   76.100000     0.004745    -0.000263     0.005008 
   76.200000     0.006148    -0.000263     0.006411 
   76.300000     0.007841    -0.000263     0.008104 
   76.400000     0.003161    -0.000263     0.003424 
   76.500000     0.005794    -0.000263     0.006057 
   76.600000     0.001592    -0.000263     0.001855 
   76.700000     0.000566    -0.000263     0.000829 
   76.800000     0.001653    -0.000263     0.001916 
   76.900000     0.001949    -0.000263     0.002212 
   77.000000     0.004687    -0.000263     0.004950 
   77.100000     0.003683    -0.000263     0.003946 
   77.200000     0.004709    -0.000263     0.004972 
   77.300000     0.002127    -0.000263     0.002390 
   77.400000     0.003732    -0.000263     0.003995 
   77.500000     0.005377    -0.000263     0.005640 
   77.600000     0.003330    -0.000263     0.003593 
   77.700000     0.004081    -0.000263     0.004344 
   77.800000     0.006625    -0.000263     0.006888 
   77.900000     0.012123    -0.000263     0.012386 
   78.000000     0.011298    -0.000263     0.011561 
   78.100000     0.011110    -0.000263     0.011373 
   78.200000     0.006972    -0.000263     0.007235 
   78.300000     0.004647    -0.000263     0.004910 
   78.400000     0.002572    -0.000263     0.002835 
   78.500000     0.003603    -0.000263     0.003866 
   78.600000     0.003472    -0.000263     0.003735 
   78.700000     0.003932    -0.000263     0.004195 
   78.800000     0.004360    -0.000263     0.004623 
   78.900000     0.004894    -0.000263     0.005157 
   79.000000     0.003122    -0.000263     0.003385 
   79.100000     0.005744    -0.000263     0.006007 
   79.200000     0.005188    -0.000263     0.005451 
   79.300000     0.008639    -0.000263     0.008902 
   79.400000     0.011199    -0.000263     0.011462 
   79.500000     0.004974    -0.000263     0.005237 
   79.600000     0.002690    -0.000263     0.002953 
   79.700000     0.001323    -0.000263     0.001586 
   79.800000     0.001833    -0.000263     0.002096 
   79.900000     0.001414    -0.000263     0.001677 
   80.000000     0.008528    -0.000263     0.008791 
   80.100000     0.003307    -0.000263     0.003570 
   80.200000     0.011958    -0.000263     0.012221 
   80.300000     0.002347    -0.000263     0.002610 
   80.400000    -0.004813    -0.000263    -0.004550 
   80.500000    -0.001734    -0.000263    -0.001471 
   80.600000    -0.002721    -0.000263    -0.002458 
   80.700000    -0.001655    -0.000263    -0.001392 
   80.800000     0.002322    -0.000263     0.002585 
   80.900000     0.005545    -0.000263     0.005808 
   81.000000     0.003106    -0.000263     0.003369 
   81.100000     0.004778    -0.000263     0.005041 
   81.200000     0.000033    -0.000263     0.000296 
   81.300000     0.003457    -0.000263     0.003720 
   81.400000     0.004047    -0.000263     0.004310 
   81.500000     0.002938    -0.000263     0.003201 
   81.600000     0.003608    -0.000263     0.003871 
   81.700000     0.001371    -0.000263     0.001634 
   81.800000     0.002576    -0.000263     0.002839 
   81.900000    -0.002581    -0.000263    -0.002318 
   82.000000    -0.002522    -0.000263    -0.002259 
   82.100000    -0.001046    -0.000263    -0.000783 
   82.200000    -0.002257    -0.000263    -0.001994 
   82.300000    -0.004208    -0.000263    -0.003945 
   82.400000    -0.003620    -0.000263    -0.003357 
   82.500000    -0.006757    -0.000263    -0.006494 
   82.600000    -0.005184    -0.000263    -0.004921 
   82.700000    -0.002075    -0.000263    -0.001812 
   82.800000    -0.003888    -0.000263    -0.003625 
   82.900000    -0.004842    -0.000263    -0.004579 
   83.000000    -0.002407    -0.000263    -0.002144 
   83.100000    -0.004024    -0.000263    -0.003761 
   83.200000    -0.003650    -0.000263    -0.003387 
   83.300000    -0.004899    -0.000263    -0.004636 
   83.400000    -0.004667    -0.000263    -0.004404 
   83.500000    -0.000992    -0.000263    -0.000729 
   83.600000    -0.004902    -0.000263    -0.004639 
   83.700000    -0.002977    -0.000263    -0.002714 
   83.800000    -0.001577    -0.000263    -0.001314 
   83.900000    -0.005206    -0.000263    -0.004943 
   84.000000    -0.004743    -0.000263    -0.004480 
   84.100000    -0.008309    -0.000263    -0.008046 
   84.200000    -0.005845    -0.000263    -0.005582 
   84.300000    -0.007183    -0.000263    -0.006920 
   84.400000    -0.010710    -0.000263    -0.010447 
   84.500000    -0.005376    -0.000263    -0.005113 
   84.600000    -0.001780    -0.000263    -0.001517 
   84.700000    -0.008557    -0.000263    -0.008294 
   84.800000    -0.003716    -0.000263    -0.003453 
   84.900000    -0.006046    -0.000263    -0.005783 
   85.000000    -0.000980    -0.000263    -0.000717 
   85.100000    -0.004362    -0.000263    -0.004099 
   85.200000     0.000268    -0.000263     0.000531 
   85.300000     0.000112    -0.000263     0.000375 
   85.400000    -0.002942    -0.000263    -0.002679 
   85.500000    -0.001123    -0.000263    -0.000860 
   85.600000    -0.001114    -0.000263    -0.000851 
   85.700000    -0.002676    -0.000263    -0.002413 
   85.800000     0.004028    -0.000263     0.004291 
   85.900000    -0.001386    -0.000263    -0.001123 
   86.000000    -0.003132    -0.000263    -0.002869 
   86.100000    -0.002375    -0.000263    -0.002112 
   86.200000    -0.003258    -0.000263    -0.002995 
   86.300000    -0.005280    -0.000263    -0.005017 
   86.400000     0.008564    -0.000263     0.008827 
   86.500000     0.003182    -0.000263     0.003445 
   86.600000    -0.003446    -0.000263    -0.003183 
   86.700000    -0.006287    -0.000263    -0.006024 
   86.800000     0.001889    -0.000263     0.002152 
   86.900000     0.003192    -0.000263     0.003455 
   87.000000    -0.001102    -0.000263    -0.000839 
   87.100000     0.002040    -0.000263     0.002303 
   87.200000     0.000352    -0.000263     0.000615 
   87.300000     0.000509    -0.000263     0.000772 
   87.400000    -0.000157    -0.000263     0.000106 
   87.500000     0.002490    -0.000263     0.002753 
   87.600000     0.002134    -0.000263     0.002397 
   87.700000    -0.004179    -0.000263    -0.003916 
   87.800000     0.001744    -0.000263     0.002007 
   87.900000    -0.000813    -0.000263    -0.000550 
   88.000000     0.001872    -0.000263     0.002135 
   88.100000     0.003889    -0.000263     0.004152 
   88.200000     0.002178    -0.000263     0.002441 
   88.300000     0.000948    -0.000263     0.001211 
   88.400000     0.001487    -0.000263     0.001750 
   88.500000    -0.000253    -0.000263     0.000010 
   88.600000    -0.002991    -0.000263    -0.002728 
   88.700000    -0.010892    -0.000263    -0.010629 
   88.800000    -0.000802    -0.000263    -0.000539 
   88.900000     0.000141    -0.000263     0.000404 
   89.000000    -0.002060    -0.000263    -0.001797 
   89.100000    -0.003174    -0.000263    -0.002911 
   89.200000    -0.006612    -0.000263    -0.006349 
   89.300000    -0.004148    -0.000263    -0.003885 
   89.400000    -0.002281    -0.000263    -0.002018 
   89.500000     0.003769    -0.000263     0.004032 
   89.600000     0.001422    -0.000263     0.001685 
   89.700000     0.003122    -0.000263     0.003385 
   89.800000     0.008382    -0.000263     0.008645 
   89.900000     0.000828    -0.000263     0.001091 
   90.000000    -0.001643    -0.000263    -0.001380 
   90.100000    -0.001567    -0.000263    -0.001304 
   90.200000     0.006552    -0.000263     0.006815 
   90.300000    -0.001952    -0.000263    -0.001689 
   90.400000     0.000842    -0.000263     0.001105 
   90.500000     0.002092    -0.000263     0.002355 
   90.600000     0.000591    -0.000263     0.000854 
   90.700000    -0.004518    -0.000263    -0.004255 
   90.800000    -0.002606    -0.000263    -0.002343 
   90.900000     0.001260    -0.000263     0.001523 
   91.000000     0.000900    -0.000263     0.001163 
   91.100000     0.000846    -0.000263     0.001109 
   91.200000     0.003019    -0.000263     0.003282 
   91.300000     0.000514    -0.000263     0.000777 
   91.400000    -0.006842    -0.000263    -0.006579 
   91.500000     0.003120    -0.000263     0.003383 
   91.600000     0.009132    -0.000263     0.009395 
   91.700000     0.002707    -0.000263     0.002970 
   91.800000    -0.003080    -0.000263    -0.002817 
   91.900000    -0.006365    -0.000263    -0.006102 
   92.000000    -0.003213    -0.000263    -0.002950 
   92.100000    -0.002620    -0.000263    -0.002357 
   92.200000    -0.005208    -0.000263    -0.004945 
   92.300000    -0.002413    -0.000263    -0.002150 
   92.400000     0.004160    -0.000263     0.004423 
   92.500000    -0.001100    -0.000263    -0.000837 
   92.600000    -0.000830    -0.000263    -0.000567 
   92.700000     0.003799    -0.000263     0.004062 
   92.800000     0.004209    -0.000263     0.004472 
   92.900000     0.006907    -0.000263     0.007170 
   93.000000    -0.000407    -0.000263    -0.000144 
   93.100000    -0.002955    -0.000263    -0.002692 
   93.200000    -0.007299    -0.000263    -0.007036 
   93.300000     0.003319    -0.000263     0.003582 
   93.400000     0.004924    -0.000263     0.005187 
   93.500000    -0.000123    -0.000263     0.000140 
   93.600000     0.001668    -0.000263     0.001931 
   93.700000     0.004730    -0.000263     0.004993 
   93.800000    -0.000744    -0.000263    -0.000481 
   93.900000    -0.001728    -0.000263    -0.001465 
   94.000000    -0.002480    -0.000263    -0.002217 
   94.100000     0.003450    -0.000263     0.003713 
   94.200000     0.002863    -0.000263     0.003126 
   94.300000    -0.003419    -0.000263    -0.003156 
   94.400000    -0.002671    -0.000263    -0.002408 
   94.500000     0.002500    -0.000263     0.002763 
   94.600000     0.007435    -0.000263     0.007698 
   94.700000     0.002461    -0.000263     0.002724 
   94.800000     0.004422    -0.000263     0.004685 
   94.900000    -0.002866    -0.000263    -0.002603 
   95.000000    -0.009719    -0.000263    -0.009456 
   95.100000    -0.008060    -0.000263    -0.007797 
   95.200000    -0.001572    -0.000263    -0.001309 
   95.300000     0.004235    -0.000263     0.004498 
   95.400000     0.000123    -0.000263     0.000386 
   95.500000     0.002340    -0.000263     0.002603 
   95.600000     0.001091    -0.000263     0.001354 
   95.700000     0.002251    -0.000263     0.002514 
   95.800000     0.001501    -0.000263     0.001764 
   95.900000     0.006756    -0.000263     0.007019 
   96.000000     0.008098    -0.000263     0.008361 
   96.100000     0.003443    -0.000263     0.003706 
   96.200000     0.000376    -0.000263     0.000639 
   96.300000     0.004813    -0.000263     0.005076 
   96.400000     0.004733    -0.000263     0.004996 
   96.500000     0.003401    -0.000263     0.003664 
   96.600000     0.002375    -0.000263     0.002638 
   96.700000     0.010417    -0.000263     0.010680 
   96.800000     0.000863    -0.000263     0.001126 
   96.900000     0.007094    -0.000263     0.007357 
   97.000000    -0.000729    -0.000263    -0.000466 
   97.100000     0.007730    -0.000263     0.007993 
   97.200000     0.002667    -0.000263     0.002930 
   97.300000     0.001039    -0.000263     0.001302 
   97.400000    -0.002218    -0.000263    -0.001955 
   97.500000    -0.002059    -0.000263    -0.001796 
   97.600000     0.007577    -0.000263     0.007840 
   97.700000     0.003600    -0.000263     0.003863 
   97.800000     0.006880    -0.000263     0.007143 
   97.900000     0.003569    -0.000263     0.003832 
   98.000000     0.003328    -0.000263     0.003591 
   98.100000     0.007320    -0.000263     0.007583 
   98.200000     0.007604    -0.000263     0.007867 
   98.300000     0.000930    -0.000263     0.001193 
   98.400000     0.003704    -0.000263     0.003967 
   98.500000     0.005348    -0.000263     0.005611 
   98.600000     0.006169    -0.000263     0.006432 
   98.700000     0.004294    -0.000263     0.004557 
   98.800000    -0.000123    -0.000263     0.000140 
   98.900000     0.004980    -0.000263     0.005243 
   99.000000     0.008547    -0.000263     0.008810 
   99.100000     0.002533    -0.000263     0.002796 
   99.200000     0.002941    -0.000263     0.003204 
   99.300000     0.001044    -0.000263     0.001307 
   99.400000     0.004105    -0.000263     0.004368 
   99.500000     0.005802    -0.000263     0.006065 
   99.600000     0.000445    -0.000263     0.000708 
   99.700000     0.002187    -0.000263     0.002450 
   99.800000     0.008220    -0.000263     0.008483 
   99.900000     0.004377    -0.000263     0.004640 
  100.000000     0.002841    -0.000263     0.003104 
