##fit: rolloffp.out
    0.500000     0.016836     0.013967     0.002869 
    0.600000     0.012913     0.012602     0.000311 
    0.700000     0.011047     0.011371    -0.000324 
    0.800000     0.009493     0.010260    -0.000767 
    0.900000     0.008226     0.009257    -0.001031 
    1.000000     0.005668     0.008353    -0.002685 
    1.100000     0.006955     0.007536    -0.000581 
    1.200000     0.008835     0.006800     0.002035 
    1.300000     0.008169     0.006136     0.002033 
    1.400000     0.004609     0.005536    -0.000927 
    1.500000     0.004140     0.004996    -0.000856 
    1.600000     0.007077     0.004508     0.002569 
    1.700000     0.000208     0.004067    -0.003859 
    1.800000     0.003077     0.003670    -0.000593 
    1.900000     0.001045     0.003312    -0.002267 
    2.000000     0.004395     0.002988     0.001407 
    2.100000    -0.001655     0.002697    -0.004352 
    2.200000    -0.000646     0.002433    -0.003079 
    2.300000     0.000217     0.002196    -0.001979 
    2.400000     0.001642     0.001982    -0.000340 
    2.500000    -0.002511     0.001788    -0.004299 
    2.600000     0.001913     0.001614     0.000299 
    2.700000     0.005096     0.001456     0.003640 
    2.800000     0.002067     0.001314     0.000753 
    2.900000     0.002210     0.001186     0.001024 
    3.000000     0.003297     0.001071     0.002226 
    3.100000     0.005368     0.000967     0.004401 
    3.200000     0.007822     0.000872     0.006950 
    3.300000     0.003981     0.000788     0.003193 
    3.400000    -0.001565     0.000711    -0.002276 
    3.500000     0.001226     0.000642     0.000584 
    3.600000     0.001100     0.000579     0.000521 
    3.700000     0.001921     0.000523     0.001398 
    3.800000     0.003964     0.000472     0.003492 
    3.900000     0.001019     0.000427     0.000592 
    4.000000     0.001574     0.000385     0.001189 
    4.100000     0.002458     0.000348     0.002110 
    4.200000     0.002743     0.000314     0.002429 
    4.300000     0.001397     0.000284     0.001113 
    4.400000     0.000055     0.000257    -0.000202 
    4.500000    -0.001214     0.000232    -0.001446 
    4.600000     0.000356     0.000210     0.000146 
    4.700000     0.002978     0.000190     0.002788 
    4.800000     0.005349     0.000171     0.005178 
    4.900000     0.003597     0.000155     0.003442 
    5.000000    -0.001179     0.000140    -0.001319 
    5.100000    -0.004022     0.000127    -0.004149 
    5.200000    -0.001804     0.000115    -0.001919 
    5.300000     0.001641     0.000104     0.001537 
    5.400000     0.000570     0.000094     0.000476 
    5.500000     0.001360     0.000085     0.001275 
    5.600000     0.002327     0.000077     0.002250 
    5.700000     0.001184     0.000070     0.001114 
    5.800000     0.002512     0.000064     0.002448 
    5.900000    -0.001277     0.000058    -0.001335 
    6.000000     0.005773     0.000053     0.005720 
    6.100000     0.004952     0.000048     0.004904 
    6.200000    -0.001797     0.000044    -0.001841 
    6.300000     0.000710     0.000040     0.000670 
    6.400000    -0.000776     0.000036    -0.000812 
    6.500000    -0.000356     0.000033    -0.000389 
    6.600000    -0.002394     0.000030    -0.002424 
    6.700000    -0.001237     0.000028    -0.001265 
    6.800000    -0.000800     0.000025    -0.000825 
    6.900000    -0.001014     0.000023    -0.001037 
    7.000000     0.000544     0.000021     0.000523 
    7.100000     0.003618     0.000020     0.003598 
    7.200000     0.002248     0.000018     0.002230 
    7.300000    -0.002326     0.000017    -0.002343 
    7.400000     0.001840     0.000015     0.001825 
    7.500000    -0.005711     0.000014    -0.005725 
    7.600000    -0.000528     0.000013    -0.000541 
    7.700000     0.000858     0.000012     0.000846 
    7.800000    -0.007160     0.000012    -0.007172 
    7.900000    -0.005291     0.000011    -0.005302 
    8.000000    -0.002261     0.000010    -0.002271 
    8.100000    -0.004055     0.000010    -0.004065 
    8.200000    -0.000393     0.000009    -0.000402 
    8.300000    -0.001580     0.000009    -0.001589 
    8.400000    -0.001057     0.000008    -0.001065 
    8.500000     0.002920     0.000008     0.002912 
    8.600000    -0.002438     0.000007    -0.002445 
    8.700000     0.000376     0.000007     0.000369 
    8.800000    -0.001921     0.000007    -0.001928 
    8.900000    -0.002529     0.000006    -0.002535 
    9.000000    -0.000281     0.000006    -0.000287 
    9.100000     0.000613     0.000006     0.000607 
    9.200000     0.002494     0.000006     0.002488 
    9.300000    -0.001986     0.000006    -0.001992 
    9.400000    -0.002518     0.000005    -0.002523 
    9.500000     0.001264     0.000005     0.001259 
    9.600000     0.000678     0.000005     0.000673 
    9.700000     0.003464     0.000005     0.003459 
    9.800000     0.001858     0.000005     0.001853 
    9.900000     0.002044     0.000005     0.002039 
   10.000000     0.004712     0.000005     0.004707 
   10.100000     0.002406     0.000005     0.002401 
   10.200000     0.000155     0.000005     0.000150 
   10.300000     0.002915     0.000005     0.002910 
   10.400000     0.002658     0.000004     0.002654 
   10.500000    -0.000013     0.000004    -0.000017 
   10.600000     0.002355     0.000004     0.002351 
   10.700000     0.004269     0.000004     0.004265 
   10.800000     0.001210     0.000004     0.001206 
   10.900000    -0.001390     0.000004    -0.001394 
   11.000000    -0.002882     0.000004    -0.002886 
   11.100000    -0.002345     0.000004    -0.002349 
   11.200000     0.002996     0.000004     0.002992 
   11.300000     0.001901     0.000004     0.001897 
   11.400000    -0.000550     0.000004    -0.000554 
   11.500000     0.001647     0.000004     0.001643 
   11.600000     0.003054     0.000004     0.003050 
   11.700000     0.002332     0.000004     0.002328 
   11.800000     0.000128     0.000004     0.000124 
   11.900000     0.002914     0.000004     0.002910 
   12.000000    -0.000591     0.000004    -0.000595 
   12.100000    -0.001151     0.000004    -0.001155 
   12.200000    -0.002384     0.000004    -0.002388 
   12.300000     0.001435     0.000004     0.001431 
   12.400000    -0.001438     0.000004    -0.001442 
   12.500000    -0.000988     0.000004    -0.000992 
   12.600000    -0.000891     0.000004    -0.000895 
   12.700000    -0.003206     0.000004    -0.003210 
   12.800000    -0.000952     0.000004    -0.000956 
   12.900000     0.003000     0.000004     0.002996 
   13.000000     0.000996     0.000004     0.000992 
   13.100000     0.004473     0.000004     0.004469 
   13.200000     0.001181     0.000004     0.001177 
   13.300000    -0.001274     0.000004    -0.001278 
   13.400000    -0.001639     0.000004    -0.001643 
   13.500000    -0.002698     0.000004    -0.002702 
   13.600000    -0.002635     0.000004    -0.002639 
   13.700000     0.000592     0.000004     0.000588 
   13.800000     0.002537     0.000004     0.002533 
   13.900000     0.000383     0.000004     0.000379 
   14.000000     0.002764     0.000004     0.002760 
   14.100000     0.001273     0.000004     0.001269 
   14.200000     0.001142     0.000004     0.001138 
   14.300000     0.000277     0.000004     0.000273 
   14.400000     0.002029     0.000004     0.002025 
   14.500000     0.000748     0.000004     0.000744 
   14.600000    -0.001525     0.000004    -0.001529 
   14.700000    -0.000464     0.000004    -0.000468 
   14.800000     0.000602     0.000004     0.000598 
   14.900000     0.000478     0.000004     0.000474 
   15.000000     0.002641     0.000004     0.002637 
   15.100000    -0.001534     0.000004    -0.001538 
   15.200000    -0.001636     0.000004    -0.001640 
   15.300000    -0.001701     0.000004    -0.001705 
   15.400000     0.003528     0.000004     0.003524 
   15.500000    -0.000868     0.000004    -0.000872 
   15.600000    -0.000664     0.000004    -0.000668 
   15.700000    -0.000404     0.000004    -0.000408 
   15.800000     0.002139     0.000004     0.002135 
   15.900000     0.002444     0.000004     0.002440 
   16.000000    -0.001798     0.000004    -0.001802 
   16.100000     0.003266     0.000004     0.003262 
   16.200000     0.004842     0.000004     0.004838 
   16.300000     0.001641     0.000004     0.001637 
   16.400000    -0.003414     0.000004    -0.003418 
   16.500000    -0.005935     0.000004    -0.005939 
   16.600000    -0.002655     0.000004    -0.002659 
   16.700000    -0.003158     0.000004    -0.003162 
   16.800000    -0.000555     0.000004    -0.000559 
   16.900000    -0.002234     0.000004    -0.002238 
   17.000000    -0.000498     0.000004    -0.000502 
   17.100000     0.001371     0.000004     0.001367 
   17.200000    -0.004017     0.000004    -0.004021 
   17.300000    -0.004308     0.000004    -0.004312 
   17.400000    -0.000980     0.000004    -0.000984 
   17.500000     0.000578     0.000004     0.000574 
   17.600000     0.001821     0.000004     0.001817 
   17.700000     0.001760     0.000004     0.001756 
   17.800000    -0.001360     0.000004    -0.001364 
   17.900000    -0.005270     0.000004    -0.005274 
   18.000000    -0.001263     0.000004    -0.001267 
   18.100000     0.001117     0.000004     0.001113 
   18.200000     0.004090     0.000004     0.004086 
   18.300000    -0.000807     0.000004    -0.000811 
   18.400000    -0.000525     0.000004    -0.000529 
   18.500000    -0.000912     0.000004    -0.000916 
   18.600000    -0.000509     0.000004    -0.000513 
   18.700000    -0.001745     0.000004    -0.001749 
   18.800000     0.002889     0.000004     0.002885 
   18.900000     0.003038     0.000004     0.003034 
   19.000000    -0.000744     0.000004    -0.000748 
   19.100000    -0.000381     0.000004    -0.000385 
   19.200000    -0.001986     0.000004    -0.001990 
   19.300000    -0.001142     0.000004    -0.001146 
   19.400000     0.002021     0.000004     0.002017 
   19.500000     0.000702     0.000004     0.000698 
   19.600000     0.000662     0.000004     0.000658 
   19.700000     0.000391     0.000004     0.000387 
   19.800000    -0.000212     0.000004    -0.000216 
   19.900000    -0.002743     0.000004    -0.002747 
   20.000000     0.006047     0.000004     0.006043 
   20.100000     0.004183     0.000004     0.004179 
   20.200000     0.002553     0.000004     0.002549 
   20.300000     0.001304     0.000004     0.001300 
   20.400000    -0.003439     0.000004    -0.003443 
   20.500000    -0.001983     0.000004    -0.001987 
   20.600000     0.003427     0.000004     0.003423 
   20.700000    -0.000065     0.000004    -0.000069 
   20.800000    -0.000871     0.000004    -0.000875 
   20.900000    -0.003033     0.000004    -0.003037 
   21.000000    -0.000487     0.000004    -0.000491 
   21.100000     0.000913     0.000004     0.000909 
   21.200000     0.003281     0.000004     0.003277 
   21.300000     0.001408     0.000004     0.001404 
   21.400000     0.002705     0.000004     0.002701 
   21.500000    -0.001972     0.000004    -0.001976 
   21.600000     0.003053     0.000004     0.003049 
   21.700000     0.000244     0.000004     0.000240 
   21.800000    -0.001328     0.000004    -0.001332 
   21.900000    -0.000020     0.000004    -0.000024 
   22.000000     0.006049     0.000004     0.006045 
   22.100000     0.000172     0.000004     0.000168 
   22.200000     0.000748     0.000004     0.000744 
   22.300000     0.000863     0.000004     0.000859 
   22.400000    -0.002499     0.000004    -0.002503 
   22.500000    -0.004882     0.000004    -0.004886 
   22.600000     0.000176     0.000004     0.000172 
   22.700000     0.000301     0.000004     0.000297 
   22.800000     0.002214     0.000004     0.002210 
   22.900000    -0.004418     0.000004    -0.004422 
   23.000000    -0.002858     0.000004    -0.002862 
   23.100000    -0.003352     0.000004    -0.003356 
   23.200000    -0.002314     0.000004    -0.002318 
   23.300000     0.002634     0.000004     0.002630 
   23.400000    -0.001022     0.000004    -0.001026 
   23.500000    -0.002255     0.000004    -0.002259 
   23.600000    -0.001920     0.000004    -0.001924 
   23.700000     0.000430     0.000004     0.000426 
   23.800000    -0.000855     0.000004    -0.000859 
   23.900000     0.000357     0.000004     0.000353 
   24.000000    -0.001895     0.000004    -0.001899 
   24.100000    -0.002787     0.000004    -0.002791 
   24.200000    -0.001655     0.000004    -0.001659 
   24.300000    -0.003990     0.000004    -0.003994 
   24.400000     0.000546     0.000004     0.000542 
   24.500000    -0.003088     0.000004    -0.003092 
   24.600000     0.002012     0.000004     0.002008 
   24.700000     0.006821     0.000004     0.006817 
   24.800000     0.001011     0.000004     0.001007 
   24.900000    -0.002077     0.000004    -0.002081 
   25.000000    -0.004581     0.000004    -0.004585 
   25.100000    -0.004246     0.000004    -0.004250 
   25.200000    -0.005107     0.000004    -0.005111 
   25.300000     0.001088     0.000004     0.001084 
   25.400000     0.002315     0.000004     0.002311 
   25.500000     0.001534     0.000004     0.001530 
   25.600000    -0.001841     0.000004    -0.001845 
   25.700000     0.002454     0.000004     0.002450 
   25.800000     0.000109     0.000004     0.000105 
   25.900000     0.003292     0.000004     0.003288 
   26.000000     0.003028     0.000004     0.003024 
   26.100000     0.000469     0.000004     0.000465 
   26.200000    -0.000827     0.000004    -0.000831 
   26.300000    -0.002901     0.000004    -0.002905 
   26.400000    -0.005574     0.000004    -0.005578 
   26.500000    -0.005750     0.000004    -0.005754 
   26.600000    -0.001139     0.000004    -0.001143 
   26.700000    -0.002578     0.000004    -0.002582 
   26.800000    -0.004143     0.000004    -0.004147 
   26.900000    -0.001270     0.000004    -0.001274 
   27.000000    -0.003978     0.000004    -0.003982 
   27.100000    -0.001344     0.000004    -0.001348 
   27.200000     0.002003     0.000004     0.001999 
   27.300000     0.004052     0.000004     0.004048 
   27.400000     0.005781     0.000004     0.005777 
   27.500000    -0.000175     0.000004    -0.000179 
   27.600000     0.003149     0.000004     0.003145 
   27.700000     0.002348     0.000004     0.002344 
   27.800000     0.001322     0.000004     0.001318 
   27.900000     0.004941     0.000004     0.004937 
   28.000000    -0.001291     0.000004    -0.001295 
   28.100000     0.000783     0.000004     0.000779 
   28.200000     0.000567     0.000004     0.000563 
   28.300000     0.003060     0.000004     0.003056 
   28.400000     0.002976     0.000004     0.002972 
   28.500000     0.004209     0.000004     0.004205 
   28.600000     0.001809     0.000004     0.001805 
   28.700000     0.000938     0.000004     0.000934 
   28.800000     0.000702     0.000004     0.000698 
   28.900000     0.002624     0.000004     0.002620 
   29.000000     0.001849     0.000004     0.001845 
   29.100000     0.007223     0.000004     0.007219 
   29.200000     0.004388     0.000004     0.004384 
   29.300000     0.004924     0.000004     0.004920 
   29.400000     0.002256     0.000004     0.002252 
   29.500000     0.000319     0.000004     0.000315 
   29.600000    -0.000309     0.000004    -0.000313 
   29.700000    -0.002411     0.000004    -0.002415 
   29.800000    -0.002623     0.000004    -0.002627 
   29.900000     0.003032     0.000004     0.003028 
   30.000000     0.002918     0.000004     0.002914 
   30.100000     0.003928     0.000004     0.003924 
   30.200000    -0.002164     0.000004    -0.002168 
   30.300000     0.000979     0.000004     0.000975 
   30.400000     0.003140     0.000004     0.003136 
   30.500000    -0.000100     0.000004    -0.000104 
   30.600000    -0.001384     0.000004    -0.001388 
   30.700000    -0.003290     0.000004    -0.003294 
   30.800000     0.002890     0.000004     0.002886 
   30.900000     0.001074     0.000004     0.001070 
   31.000000    -0.001388     0.000004    -0.001392 
   31.100000    -0.002910     0.000004    -0.002914 
   31.200000     0.001621     0.000004     0.001617 
   31.300000    -0.001149     0.000004    -0.001153 
   31.400000    -0.006756     0.000004    -0.006760 
   31.500000     0.001283     0.000004     0.001279 
   31.600000    -0.004305     0.000004    -0.004309 
   31.700000     0.001280     0.000004     0.001276 
   31.800000     0.001053     0.000004     0.001049 
   31.900000     0.002792     0.000004     0.002788 
   32.000000     0.006539     0.000004     0.006535 
   32.100000     0.003342     0.000004     0.003338 
   32.200000     0.002151     0.000004     0.002147 
   32.300000     0.002190     0.000004     0.002186 
   32.400000     0.000917     0.000004     0.000913 
   32.500000     0.000369     0.000004     0.000365 
   32.600000     0.002859     0.000004     0.002855 
   32.700000     0.006757     0.000004     0.006753 
   32.800000     0.003116     0.000004     0.003112 
   32.900000     0.001308     0.000004     0.001304 
   33.000000     0.002427     0.000004     0.002423 
   33.100000     0.001542     0.000004     0.001538 
   33.200000     0.003200     0.000004     0.003196 
   33.300000    -0.006217     0.000004    -0.006221 
   33.400000     0.001089     0.000004     0.001085 
   33.500000    -0.002500     0.000004    -0.002504 
   33.600000    -0.000113     0.000004    -0.000117 
   33.700000     0.000535     0.000004     0.000531 
   33.800000     0.000904     0.000004     0.000900 
   33.900000    -0.002607     0.000004    -0.002611 
   34.000000     0.000642     0.000004     0.000638 
   34.100000     0.002657     0.000004     0.002653 
   34.200000     0.003241     0.000004     0.003237 
   34.300000     0.006607     0.000004     0.006603 
   34.400000     0.003325     0.000004     0.003321 
   34.500000     0.000268     0.000004     0.000264 
   34.600000    -0.001829     0.000004    -0.001833 
   34.700000     0.000030     0.000004     0.000026 
   34.800000    -0.002605     0.000004    -0.002609 
   34.900000    -0.001093     0.000004    -0.001097 
   35.000000     0.000690     0.000004     0.000686 
   35.100000     0.002287     0.000004     0.002283 
   35.200000     0.000018     0.000004     0.000014 
   35.300000    -0.000609     0.000004    -0.000613 
   35.400000    -0.002266     0.000004    -0.002270 
   35.500000    -0.002367     0.000004    -0.002371 
   35.600000    -0.000318     0.000004    -0.000322 
   35.700000    -0.001523     0.000004    -0.001527 
   35.800000    -0.002630     0.000004    -0.002634 
   35.900000    -0.004999     0.000004    -0.005003 
   36.000000     0.001297     0.000004     0.001293 
   36.100000     0.002346     0.000004     0.002342 
   36.200000     0.000631     0.000004     0.000627 
   36.300000    -0.002837     0.000004    -0.002841 
   36.400000     0.003260     0.000004     0.003256 
   36.500000     0.004414     0.000004     0.004410 
   36.600000     0.000639     0.000004     0.000635 
   36.700000     0.003198     0.000004     0.003194 
   36.800000     0.001229     0.000004     0.001225 
   36.900000    -0.000173     0.000004    -0.000177 
   37.000000     0.001357     0.000004     0.001353 
   37.100000    -0.001473     0.000004    -0.001477 
   37.200000    -0.004086     0.000004    -0.004090 
   37.300000    -0.001754     0.000004    -0.001758 
   37.400000    -0.000675     0.000004    -0.000679 
   37.500000    -0.002115     0.000004    -0.002119 
   37.600000     0.000849     0.000004     0.000845 
   37.700000    -0.002678     0.000004    -0.002682 
   37.800000     0.001465     0.000004     0.001461 
   37.900000    -0.001305     0.000004    -0.001309 
   38.000000     0.000031     0.000004     0.000027 
   38.100000    -0.004177     0.000004    -0.004181 
   38.200000    -0.001111     0.000004    -0.001115 
   38.300000     0.000296     0.000004     0.000292 
   38.400000     0.003947     0.000004     0.003943 
   38.500000     0.004649     0.000004     0.004645 
   38.600000    -0.000005     0.000004    -0.000009 
   38.700000     0.002815     0.000004     0.002811 
   38.800000    -0.001015     0.000004    -0.001019 
   38.900000    -0.005438     0.000004    -0.005442 
   39.000000     0.000494     0.000004     0.000490 
   39.100000     0.000482     0.000004     0.000478 
   39.200000    -0.000922     0.000004    -0.000926 
   39.300000    -0.002470     0.000004    -0.002474 
   39.400000    -0.000014     0.000004    -0.000018 
   39.500000     0.000563     0.000004     0.000559 
   39.600000    -0.002721     0.000004    -0.002725 
   39.700000    -0.001234     0.000004    -0.001238 
   39.800000    -0.004124     0.000004    -0.004128 
   39.900000     0.001361     0.000004     0.001357 
   40.000000     0.001142     0.000004     0.001138 
   40.100000    -0.000669     0.000004    -0.000673 
   40.200000    -0.000319     0.000004    -0.000323 
   40.300000     0.003150     0.000004     0.003146 
   40.400000     0.001204     0.000004     0.001200 
   40.500000    -0.002566     0.000004    -0.002570 
   40.600000    -0.003524     0.000004    -0.003528 
   40.700000     0.000497     0.000004     0.000493 
   40.800000    -0.002218     0.000004    -0.002222 
   40.900000    -0.001735     0.000004    -0.001739 
   41.000000     0.000062     0.000004     0.000058 
   41.100000     0.003156     0.000004     0.003152 
   41.200000     0.002604     0.000004     0.002600 
   41.300000    -0.002390     0.000004    -0.002394 
   41.400000    -0.000248     0.000004    -0.000252 
   41.500000    -0.004636     0.000004    -0.004640 
   41.600000    -0.005695     0.000004    -0.005699 
   41.700000    -0.003207     0.000004    -0.003211 
   41.800000    -0.006288     0.000004    -0.006292 
   41.900000     0.001866     0.000004     0.001862 
   42.000000    -0.002862     0.000004    -0.002866 
   42.100000    -0.005144     0.000004    -0.005148 
   42.200000    -0.005039     0.000004    -0.005043 
   42.300000     0.002495     0.000004     0.002491 
   42.400000    -0.002432     0.000004    -0.002436 
   42.500000    -0.000487     0.000004    -0.000491 
   42.600000    -0.003809     0.000004    -0.003813 
   42.700000     0.000849     0.000004     0.000845 
   42.800000    -0.001623     0.000004    -0.001627 
   42.900000    -0.000731     0.000004    -0.000735 
   43.000000     0.006709     0.000004     0.006705 
   43.100000     0.001610     0.000004     0.001606 
   43.200000     0.004393     0.000004     0.004389 
   43.300000     0.000864     0.000004     0.000860 
   43.400000     0.007933     0.000004     0.007929 
   43.500000     0.004347     0.000004     0.004343 
   43.600000     0.000998     0.000004     0.000994 
   43.700000    -0.003803     0.000004    -0.003807 
   43.800000    -0.002014     0.000004    -0.002018 
   43.900000    -0.001324     0.000004    -0.001328 
   44.000000     0.002420     0.000004     0.002416 
   44.100000     0.003228     0.000004     0.003224 
   44.200000    -0.002384     0.000004    -0.002388 
   44.300000    -0.003307     0.000004    -0.003311 
   44.400000    -0.000821     0.000004    -0.000825 
   44.500000     0.004171     0.000004     0.004167 
   44.600000     0.004263     0.000004     0.004259 
   44.700000     0.003753     0.000004     0.003749 
   44.800000    -0.001212     0.000004    -0.001216 
   44.900000    -0.001245     0.000004    -0.001249 
   45.000000    -0.002414     0.000004    -0.002418 
   45.100000    -0.004586     0.000004    -0.004590 
   45.200000    -0.003486     0.000004    -0.003490 
   45.300000    -0.003059     0.000004    -0.003063 
   45.400000    -0.001633     0.000004    -0.001637 
   45.500000    -0.005403     0.000004    -0.005407 
   45.600000    -0.004755     0.000004    -0.004759 
   45.700000    -0.000955     0.000004    -0.000959 
   45.800000     0.001398     0.000004     0.001394 
   45.900000     0.004770     0.000004     0.004766 
   46.000000     0.004991     0.000004     0.004987 
   46.100000     0.007505     0.000004     0.007501 
   46.200000     0.005657     0.000004     0.005653 
   46.300000     0.003796     0.000004     0.003792 
   46.400000     0.001289     0.000004     0.001285 
   46.500000     0.004431     0.000004     0.004427 
   46.600000     0.005495     0.000004     0.005491 
   46.700000     0.003776     0.000004     0.003772 
   46.800000    -0.000710     0.000004    -0.000714 
   46.900000     0.002460     0.000004     0.002456 
   47.000000     0.003781     0.000004     0.003777 
   47.100000     0.003247     0.000004     0.003243 
   47.200000     0.002896     0.000004     0.002892 
   47.300000    -0.001570     0.000004    -0.001574 
   47.400000     0.000625     0.000004     0.000621 
   47.500000     0.004429     0.000004     0.004425 
   47.600000     0.002637     0.000004     0.002633 
   47.700000     0.000780     0.000004     0.000776 
   47.800000     0.004692     0.000004     0.004688 
   47.900000     0.004285     0.000004     0.004281 
   48.000000     0.000552     0.000004     0.000548 
   48.100000     0.000784     0.000004     0.000780 
   48.200000     0.002717     0.000004     0.002713 
   48.300000     0.001887     0.000004     0.001883 
   48.400000     0.003741     0.000004     0.003737 
   48.500000     0.001070     0.000004     0.001066 
   48.600000    -0.001004     0.000004    -0.001008 
   48.700000    -0.002894     0.000004    -0.002898 
   48.800000     0.001939     0.000004     0.001935 
   48.900000     0.000941     0.000004     0.000937 
   49.000000     0.000431     0.000004     0.000427 
   49.100000    -0.000050     0.000004    -0.000054 
   49.200000    -0.001992     0.000004    -0.001996 
   49.300000    -0.001836     0.000004    -0.001840 
   49.400000    -0.005573     0.000004    -0.005577 
   49.500000    -0.004679     0.000004    -0.004683 
   49.600000    -0.001143     0.000004    -0.001147 
   49.700000    -0.000480     0.000004    -0.000484 
   49.800000     0.002176     0.000004     0.002172 
   49.900000    -0.000025     0.000004    -0.000029 
   50.000000     0.001676     0.000004     0.001672 
   50.100000     0.004503     0.000004     0.004499 
   50.200000     0.003147     0.000004     0.003143 
   50.300000     0.002827     0.000004     0.002823 
   50.400000     0.002579     0.000004     0.002575 
   50.500000     0.005344     0.000004     0.005340 
   50.600000     0.008562     0.000004     0.008558 
   50.700000    -0.000067     0.000004    -0.000071 
   50.800000     0.004124     0.000004     0.004120 
   50.900000     0.002995     0.000004     0.002991 
   51.000000     0.003208     0.000004     0.003204 
   51.100000     0.003955     0.000004     0.003951 
   51.200000     0.001277     0.000004     0.001273 
   51.300000     0.002882     0.000004     0.002878 
   51.400000     0.001363     0.000004     0.001359 
   51.500000     0.000102     0.000004     0.000098 
   51.600000     0.001081     0.000004     0.001077 
   51.700000     0.005231     0.000004     0.005227 
   51.800000     0.004678     0.000004     0.004674 
   51.900000     0.004472     0.000004     0.004468 
   52.000000     0.005389     0.000004     0.005385 
   52.100000     0.000759     0.000004     0.000755 
   52.200000    -0.000240     0.000004    -0.000244 
   52.300000     0.003972     0.000004     0.003968 
   52.400000    -0.001119     0.000004    -0.001123 
   52.500000     0.000126     0.000004     0.000122 
   52.600000     0.008654     0.000004     0.008650 
   52.700000     0.003890     0.000004     0.003886 
   52.800000     0.000158     0.000004     0.000154 
   52.900000     0.001527     0.000004     0.001523 
   53.000000    -0.000680     0.000004    -0.000684 
   53.100000    -0.001530     0.000004    -0.001534 
   53.200000     0.003465     0.000004     0.003461 
   53.300000    -0.002522     0.000004    -0.002526 
   53.400000    -0.003999     0.000004    -0.004003 
   53.500000     0.003906     0.000004     0.003902 
   53.600000    -0.000812     0.000004    -0.000816 
   53.700000    -0.002951     0.000004    -0.002955 
   53.800000     0.002126     0.000004     0.002122 
   53.900000     0.004801     0.000004     0.004797 
   54.000000    -0.001542     0.000004    -0.001546 
   54.100000    -0.005343     0.000004    -0.005347 
   54.200000     0.000356     0.000004     0.000352 
   54.300000     0.000010     0.000004     0.000006 
   54.400000    -0.003196     0.000004    -0.003200 
   54.500000    -0.002896     0.000004    -0.002900 
   54.600000    -0.001829     0.000004    -0.001833 
   54.700000    -0.000699     0.000004    -0.000703 
   54.800000     0.000760     0.000004     0.000756 
   54.900000    -0.000836     0.000004    -0.000840 
   55.000000     0.002276     0.000004     0.002272 
   55.100000    -0.001463     0.000004    -0.001467 
   55.200000    -0.002161     0.000004    -0.002165 
   55.300000     0.003077     0.000004     0.003073 
   55.400000    -0.001289     0.000004    -0.001293 
   55.500000     0.002484     0.000004     0.002480 
   55.600000     0.001359     0.000004     0.001355 
   55.700000    -0.003144     0.000004    -0.003148 
   55.800000     0.000841     0.000004     0.000837 
   55.900000     0.003589     0.000004     0.003585 
   56.000000     0.000903     0.000004     0.000899 
   56.100000     0.003047     0.000004     0.003043 
   56.200000     0.000102     0.000004     0.000098 
   56.300000     0.002435     0.000004     0.002431 
   56.400000     0.000518     0.000004     0.000514 
   56.500000     0.002773     0.000004     0.002769 
   56.600000    -0.000971     0.000004    -0.000975 
   56.700000    -0.003052     0.000004    -0.003056 
   56.800000    -0.001115     0.000004    -0.001119 
   56.900000    -0.001422     0.000004    -0.001426 
   57.000000    -0.001898     0.000004    -0.001902 
   57.100000    -0.004595     0.000004    -0.004599 
   57.200000    -0.002632     0.000004    -0.002636 
   57.300000    -0.001132     0.000004    -0.001136 
   57.400000     0.000104     0.000004     0.000100 
   57.500000    -0.000373     0.000004    -0.000377 
   57.600000     0.002407     0.000004     0.002403 
   57.700000    -0.003128     0.000004    -0.003132 
   57.800000    -0.003276     0.000004    -0.003280 
   57.900000     0.000198     0.000004     0.000194 
   58.000000     0.004517     0.000004     0.004513 
   58.100000     0.004247     0.000004     0.004243 
   58.200000     0.000740     0.000004     0.000736 
   58.300000    -0.000745     0.000004    -0.000749 
   58.400000     0.003315     0.000004     0.003311 
   58.500000     0.006521     0.000004     0.006517 
   58.600000     0.005926     0.000004     0.005922 
   58.700000     0.002010     0.000004     0.002006 
   58.800000     0.001674     0.000004     0.001670 
   58.900000     0.002860     0.000004     0.002856 
   59.000000     0.003983     0.000004     0.003979 
   59.100000     0.000422     0.000004     0.000418 
   59.200000    -0.001303     0.000004    -0.001307 
   59.300000     0.002923     0.000004     0.002919 
   59.400000    -0.003846     0.000004    -0.003850 
   59.500000    -0.003048     0.000004    -0.003052 
   59.600000     0.001093     0.000004     0.001089 
   59.700000    -0.004409     0.000004    -0.004413 
   59.800000    -0.005460     0.000004    -0.005464 
   59.900000    -0.002107     0.000004    -0.002111 
   60.000000    -0.001722     0.000004    -0.001726 
   60.100000    -0.004494     0.000004    -0.004498 
   60.200000     0.000384     0.000004     0.000380 
   60.300000    -0.000698     0.000004    -0.000702 
   60.400000    -0.003731     0.000004    -0.003735 
   60.500000    -0.000197     0.000004    -0.000201 
   60.600000    -0.004527     0.000004    -0.004531 
   60.700000    -0.003337     0.000004    -0.003341 
   60.800000    -0.002383     0.000004    -0.002387 
   60.900000    -0.000303     0.000004    -0.000307 
   61.000000    -0.002007     0.000004    -0.002011 
   61.100000    -0.002942     0.000004    -0.002946 
   61.200000    -0.004099     0.000004    -0.004103 
   61.300000     0.003524     0.000004     0.003520 
   61.400000     0.001036     0.000004     0.001032 
   61.500000    -0.004376     0.000004    -0.004380 
   61.600000     0.002674     0.000004     0.002670 
   61.700000     0.002947     0.000004     0.002943 
   61.800000    -0.002385     0.000004    -0.002389 
   61.900000    -0.006375     0.000004    -0.006379 
   62.000000     0.000593     0.000004     0.000589 
   62.100000    -0.002861     0.000004    -0.002865 
   62.200000     0.000531     0.000004     0.000527 
   62.300000    -0.000716     0.000004    -0.000720 
   62.400000    -0.002894     0.000004    -0.002898 
   62.500000    -0.001530     0.000004    -0.001534 
   62.600000    -0.002685     0.000004    -0.002689 
   62.700000    -0.001311     0.000004    -0.001315 
   62.800000     0.000760     0.000004     0.000756 
   62.900000    -0.001955     0.000004    -0.001959 
   63.000000    -0.008209     0.000004    -0.008213 
   63.100000    -0.002981     0.000004    -0.002985 
   63.200000    -0.003061     0.000004    -0.003065 
   63.300000     0.000207     0.000004     0.000203 
   63.400000    -0.000543     0.000004    -0.000547 
   63.500000     0.002856     0.000004     0.002852 
   63.600000     0.001915     0.000004     0.001911 
   63.700000    -0.002709     0.000004    -0.002713 
   63.800000    -0.003682     0.000004    -0.003686 
   63.900000    -0.000512     0.000004    -0.000516 
   64.000000    -0.000735     0.000004    -0.000739 
   64.100000     0.003936     0.000004     0.003932 
   64.200000     0.006895     0.000004     0.006891 
   64.300000     0.006631     0.000004     0.006627 
   64.400000     0.000872     0.000004     0.000868 
   64.500000    -0.000920     0.000004    -0.000924 
   64.600000     0.002250     0.000004     0.002246 
   64.700000     0.001006     0.000004     0.001002 
   64.800000    -0.000821     0.000004    -0.000825 
   64.900000     0.003695     0.000004     0.003691 
   65.000000     0.001395     0.000004     0.001391 
   65.100000    -0.003082     0.000004    -0.003086 
   65.200000    -0.001681     0.000004    -0.001685 
   65.300000    -0.001340     0.000004    -0.001344 
   65.400000     0.002588     0.000004     0.002584 
   65.500000    -0.001978     0.000004    -0.001982 
   65.600000     0.001541     0.000004     0.001537 
   65.700000     0.000862     0.000004     0.000858 
   65.800000    -0.004420     0.000004    -0.004424 
   65.900000    -0.007099     0.000004    -0.007103 
   66.000000    -0.002208     0.000004    -0.002212 
   66.100000     0.000995     0.000004     0.000991 
   66.200000    -0.006889     0.000004    -0.006893 
   66.300000    -0.005803     0.000004    -0.005807 
   66.400000     0.005228     0.000004     0.005224 
   66.500000    -0.004877     0.000004    -0.004881 
   66.600000     0.001789     0.000004     0.001785 
   66.700000    -0.003747     0.000004    -0.003751 
   66.800000    -0.002662     0.000004    -0.002666 
   66.900000    -0.005454     0.000004    -0.005458 
   67.000000    -0.006496     0.000004    -0.006500 
   67.100000    -0.002812     0.000004    -0.002816 
   67.200000    -0.002794     0.000004    -0.002798 
   67.300000     0.002652     0.000004     0.002648 
   67.400000    -0.003441     0.000004    -0.003445 
   67.500000     0.006250     0.000004     0.006246 
   67.600000     0.005831     0.000004     0.005827 
   67.700000     0.000409     0.000004     0.000405 
   67.800000     0.002271     0.000004     0.002267 
   67.900000    -0.001361     0.000004    -0.001365 
   68.000000    -0.001199     0.000004    -0.001203 
   68.100000    -0.001750     0.000004    -0.001754 
   68.200000    -0.001168     0.000004    -0.001172 
   68.300000    -0.001622     0.000004    -0.001626 
   68.400000     0.000597     0.000004     0.000593 
   68.500000    -0.001098     0.000004    -0.001102 
   68.600000    -0.002813     0.000004    -0.002817 
   68.700000     0.005994     0.000004     0.005990 
   68.800000     0.003500     0.000004     0.003496 
   68.900000    -0.002754     0.000004    -0.002758 
   69.000000     0.000889     0.000004     0.000885 
   69.100000     0.002481     0.000004     0.002477 
   69.200000     0.001272     0.000004     0.001268 
   69.300000     0.003552     0.000004     0.003548 
   69.400000    -0.000880     0.000004    -0.000884 
   69.500000    -0.002055     0.000004    -0.002059 
   69.600000    -0.004002     0.000004    -0.004006 
   69.700000    -0.001479     0.000004    -0.001483 
   69.800000    -0.001982     0.000004    -0.001986 
   69.900000    -0.000735     0.000004    -0.000739 
   70.000000    -0.002923     0.000004    -0.002927 
   70.100000    -0.001986     0.000004    -0.001990 
   70.200000     0.002257     0.000004     0.002253 
   70.300000    -0.004398     0.000004    -0.004402 
   70.400000    -0.002720     0.000004    -0.002724 
   70.500000    -0.002636     0.000004    -0.002640 
   70.600000    -0.002784     0.000004    -0.002788 
   70.700000     0.000060     0.000004     0.000056 
   70.800000     0.006200     0.000004     0.006196 
   70.900000     0.001215     0.000004     0.001211 
   71.000000    -0.000935     0.000004    -0.000939 
   71.100000     0.000798     0.000004     0.000794 
   71.200000    -0.000232     0.000004    -0.000236 
   71.300000    -0.001976     0.000004    -0.001980 
   71.400000    -0.002232     0.000004    -0.002236 
   71.500000    -0.003923     0.000004    -0.003927 
   71.600000    -0.000030     0.000004    -0.000034 
   71.700000    -0.001286     0.000004    -0.001290 
   71.800000    -0.001776     0.000004    -0.001780 
   71.900000     0.002168     0.000004     0.002164 
   72.000000     0.000599     0.000004     0.000595 
   72.100000     0.001839     0.000004     0.001835 
   72.200000     0.003224     0.000004     0.003220 
   72.300000     0.003521     0.000004     0.003517 
   72.400000    -0.002235     0.000004    -0.002239 
   72.500000    -0.000526     0.000004    -0.000530 
   72.600000    -0.003555     0.000004    -0.003559 
   72.700000    -0.004625     0.000004    -0.004629 
   72.800000    -0.002098     0.000004    -0.002102 
   72.900000     0.003981     0.000004     0.003977 
   73.000000    -0.000700     0.000004    -0.000704 
   73.100000    -0.008636     0.000004    -0.008640 
   73.200000    -0.001374     0.000004    -0.001378 
   73.300000    -0.006031     0.000004    -0.006035 
   73.400000    -0.005047     0.000004    -0.005051 
   73.500000    -0.001572     0.000004    -0.001576 
   73.600000    -0.003779     0.000004    -0.003783 
   73.700000    -0.003616     0.000004    -0.003620 
   73.800000    -0.001141     0.000004    -0.001145 
   73.900000    -0.000493     0.000004    -0.000497 
   74.000000    -0.002214     0.000004    -0.002218 
   74.100000     0.000027     0.000004     0.000023 
   74.200000     0.002778     0.000004     0.002774 
   74.300000     0.005842     0.000004     0.005838 
   74.400000     0.002720     0.000004     0.002716 
   74.500000    -0.001617     0.000004    -0.001621 
   74.600000    -0.006167     0.000004    -0.006171 
   74.700000     0.000152     0.000004     0.000148 
   74.800000     0.005032     0.000004     0.005028 
   74.900000     0.001724     0.000004     0.001720 
   75.000000    -0.000222     0.000004    -0.000226 
   75.100000     0.002299     0.000004     0.002295 
   75.200000     0.000872     0.000004     0.000868 
   75.300000     0.000419     0.000004     0.000415 
   75.400000     0.001644     0.000004     0.001640 
   75.500000    -0.003674     0.000004    -0.003678 
   75.600000     0.000954     0.000004     0.000950 
   75.700000     0.003302     0.000004     0.003298 
   75.800000     0.008735     0.000004     0.008731 
   75.900000     0.004844     0.000004     0.004840 
   76.000000    -0.000714     0.000004    -0.000718 
   76.100000     0.000227     0.000004     0.000223 
   76.200000    -0.001013     0.000004    -0.001017 
   76.300000    -0.003338     0.000004    -0.003342 
   76.400000     0.000359     0.000004     0.000355 
   76.500000    -0.003548     0.000004    -0.003552 
   76.600000    -0.005552     0.000004    -0.005556 
   76.700000    -0.002521     0.000004    -0.002525 
   76.800000    -0.003716     0.000004    -0.003720 
   76.900000    -0.000240     0.000004    -0.000244 
   77.000000    -0.002942     0.000004    -0.002946 
   77.100000    -0.005905     0.000004    -0.005909 
   77.200000    -0.002064     0.000004    -0.002068 
   77.300000    -0.002182     0.000004    -0.002186 
   77.400000     0.001323     0.000004     0.001319 
   77.500000    -0.001888     0.000004    -0.001892 
   77.600000    -0.003844     0.000004    -0.003848 
   77.700000    -0.001338     0.000004    -0.001342 
   77.800000     0.000102     0.000004     0.000098 
   77.900000    -0.000723     0.000004    -0.000727 
   78.000000    -0.002790     0.000004    -0.002794 
   78.100000    -0.002048     0.000004    -0.002052 
   78.200000    -0.002318     0.000004    -0.002322 
   78.300000     0.001295     0.000004     0.001291 
   78.400000    -0.003538     0.000004    -0.003542 
   78.500000     0.000576     0.000004     0.000572 
   78.600000     0.000048     0.000004     0.000044 
   78.700000    -0.001130     0.000004    -0.001134 
   78.800000    -0.007208     0.000004    -0.007212 
   78.900000    -0.003227     0.000004    -0.003231 
   79.000000    -0.002773     0.000004    -0.002777 
   79.100000    -0.004819     0.000004    -0.004823 
   79.200000    -0.004647     0.000004    -0.004651 
   79.300000     0.003757     0.000004     0.003753 
   79.400000     0.000969     0.000004     0.000965 
   79.500000    -0.000955     0.000004    -0.000959 
   79.600000     0.003931     0.000004     0.003927 
   79.700000    -0.001108     0.000004    -0.001112 
   79.800000    -0.004436     0.000004    -0.004440 
   79.900000    -0.007752     0.000004    -0.007756 
   80.000000    -0.006408     0.000004    -0.006412 
   80.100000    -0.002044     0.000004    -0.002048 
   80.200000    -0.000759     0.000004    -0.000763 
   80.300000     0.000216     0.000004     0.000212 
   80.400000     0.002862     0.000004     0.002858 
   80.500000     0.003910     0.000004     0.003906 
   80.600000     0.000806     0.000004     0.000802 
   80.700000    -0.000786     0.000004    -0.000790 
   80.800000     0.000028     0.000004     0.000024 
   80.900000    -0.003080     0.000004    -0.003084 
   81.000000    -0.005745     0.000004    -0.005749 
   81.100000    -0.005651     0.000004    -0.005655 
   81.200000    -0.000591     0.000004    -0.000595 
   81.300000    -0.005747     0.000004    -0.005751 
   81.400000    -0.000310     0.000004    -0.000314 
   81.500000     0.002553     0.000004     0.002549 
   81.600000     0.002201     0.000004     0.002197 
   81.700000    -0.000390     0.000004    -0.000394 
   81.800000     0.003249     0.000004     0.003245 
   81.900000    -0.005686     0.000004    -0.005690 
   82.000000    -0.005393     0.000004    -0.005397 
   82.100000    -0.002763     0.000004    -0.002767 
   82.200000    -0.000532     0.000004    -0.000536 
   82.300000     0.002462     0.000004     0.002458 
   82.400000     0.003217     0.000004     0.003213 
   82.500000     0.003250     0.000004     0.003246 
   82.600000    -0.001434     0.000004    -0.001438 
   82.700000    -0.005591     0.000004    -0.005595 
   82.800000     0.000362     0.000004     0.000358 
   82.900000     0.002992     0.000004     0.002988 
   83.000000     0.000051     0.000004     0.000047 
   83.100000    -0.002759     0.000004    -0.002763 
   83.200000    -0.005251     0.000004    -0.005255 
   83.300000    -0.000164     0.000004    -0.000168 
   83.400000     0.004924     0.000004     0.004920 
   83.500000     0.003580     0.000004     0.003576 
   83.600000     0.010519     0.000004     0.010515 
   83.700000     0.001534     0.000004     0.001530 
   83.800000     0.004230     0.000004     0.004226 
   83.900000    -0.002226     0.000004    -0.002230 
   84.000000    -0.000689     0.000004    -0.000693 
   84.100000     0.004666     0.000004     0.004662 
   84.200000     0.003842     0.000004     0.003838 
   84.300000    -0.000979     0.000004    -0.000983 
   84.400000     0.004076     0.000004     0.004072 
   84.500000     0.001368     0.000004     0.001364 
   84.600000    -0.001027     0.000004    -0.001031 
   84.700000    -0.004508     0.000004    -0.004512 
   84.800000     0.001564     0.000004     0.001560 
   84.900000     0.001914     0.000004     0.001910 
   85.000000     0.003491     0.000004     0.003487 
   85.100000    -0.003892     0.000004    -0.003896 
   85.200000     0.001596     0.000004     0.001592 
   85.300000    -0.001497     0.000004    -0.001501 
   85.400000     0.003791     0.000004     0.003787 
   85.500000     0.007037     0.000004     0.007033 
   85.600000    -0.004969     0.000004    -0.004973 
   85.700000    -0.005283     0.000004    -0.005287 
   85.800000    -0.004249     0.000004    -0.004253 
   85.900000    -0.004514     0.000004    -0.004518 
   86.000000    -0.004801     0.000004    -0.004805 
   86.100000    -0.004363     0.000004    -0.004367 
   86.200000    -0.004724     0.000004    -0.004728 
   86.300000    -0.000190     0.000004    -0.000194 
   86.400000    -0.001472     0.000004    -0.001476 
   86.500000     0.006062     0.000004     0.006058 
   86.600000     0.005437     0.000004     0.005433 
   86.700000    -0.002084     0.000004    -0.002088 
   86.800000     0.004016     0.000004     0.004012 
   86.900000     0.006098     0.000004     0.006094 
   87.000000     0.002660     0.000004     0.002656 
   87.100000     0.002719     0.000004     0.002715 
   87.200000     0.001499     0.000004     0.001495 
   87.300000    -0.005233     0.000004    -0.005237 
   87.400000    -0.000379     0.000004    -0.000383 
   87.500000     0.002662     0.000004     0.002658 
   87.600000     0.002435     0.000004     0.002431 
   87.700000     0.003720     0.000004     0.003716 
   87.800000    -0.000345     0.000004    -0.000349 
   87.900000    -0.004909     0.000004    -0.004913 
   88.000000     0.001737     0.000004     0.001733 
   88.100000     0.005237     0.000004     0.005233 
   88.200000     0.003043     0.000004     0.003039 
   88.300000    -0.002666     0.000004    -0.002670 
   88.400000     0.000051     0.000004     0.000047 
   88.500000    -0.006652     0.000004    -0.006656 
   88.600000    -0.007362     0.000004    -0.007366 
   88.700000    -0.005552     0.000004    -0.005556 
   88.800000    -0.000634     0.000004    -0.000638 
   88.900000     0.004330     0.000004     0.004326 
   89.000000     0.000167     0.000004     0.000163 
   89.100000    -0.003535     0.000004    -0.003539 
   89.200000    -0.008949     0.000004    -0.008953 
   89.300000    -0.006866     0.000004    -0.006870 
   89.400000    -0.009567     0.000004    -0.009571 
   89.500000    -0.006076     0.000004    -0.006080 
   89.600000    -0.002758     0.000004    -0.002762 
   89.700000    -0.009014     0.000004    -0.009018 
   89.800000    -0.009925     0.000004    -0.009929 
   89.900000    -0.004140     0.000004    -0.004144 
   90.000000     0.002680     0.000004     0.002676 
   90.100000     0.003628     0.000004     0.003624 
   90.200000     0.000741     0.000004     0.000737 
   90.300000     0.002988     0.000004     0.002984 
   90.400000     0.004154     0.000004     0.004150 
   90.500000    -0.001925     0.000004    -0.001929 
   90.600000    -0.006148     0.000004    -0.006152 
   90.700000    -0.001292     0.000004    -0.001296 
   90.800000    -0.004432     0.000004    -0.004436 
   90.900000    -0.005850     0.000004    -0.005854 
   91.000000    -0.001608     0.000004    -0.001612 
   91.100000    -0.002053     0.000004    -0.002057 
   91.200000    -0.003092     0.000004    -0.003096 
   91.300000    -0.002992     0.000004    -0.002996 
   91.400000    -0.004150     0.000004    -0.004154 
   91.500000     0.001153     0.000004     0.001149 
   91.600000     0.003212     0.000004     0.003208 
   91.700000     0.003692     0.000004     0.003688 
   91.800000     0.003993     0.000004     0.003989 
   91.900000     0.003692     0.000004     0.003688 
   92.000000     0.005127     0.000004     0.005123 
   92.100000     0.006182     0.000004     0.006178 
   92.200000     0.001745     0.000004     0.001741 
   92.300000    -0.000777     0.000004    -0.000781 
   92.400000    -0.001245     0.000004    -0.001249 
   92.500000    -0.000815     0.000004    -0.000819 
   92.600000    -0.000288     0.000004    -0.000292 
   92.700000    -0.003823     0.000004    -0.003827 
   92.800000     0.004440     0.000004     0.004436 
   92.900000     0.000649     0.000004     0.000645 
   93.000000     0.003066     0.000004     0.003062 
   93.100000    -0.000436     0.000004    -0.000440 
   93.200000    -0.008645     0.000004    -0.008649 
   93.300000    -0.007969     0.000004    -0.007973 
   93.400000    -0.001907     0.000004    -0.001911 
   93.500000    -0.001103     0.000004    -0.001107 
   93.600000     0.003540     0.000004     0.003536 
   93.700000     0.005411     0.000004     0.005407 
   93.800000    -0.005667     0.000004    -0.005671 
   93.900000     0.003936     0.000004     0.003932 
   94.000000    -0.001919     0.000004    -0.001923 
   94.100000     0.002008     0.000004     0.002004 
   94.200000     0.005838     0.000004     0.005834 
   94.300000     0.002684     0.000004     0.002680 
   94.400000    -0.002079     0.000004    -0.002083 
   94.500000     0.004718     0.000004     0.004714 
   94.600000     0.006509     0.000004     0.006505 
   94.700000     0.004808     0.000004     0.004804 
   94.800000     0.008121     0.000004     0.008117 
   94.900000     0.007495     0.000004     0.007491 
   95.000000     0.004442     0.000004     0.004438 
   95.100000    -0.002440     0.000004    -0.002444 
   95.200000     0.002796     0.000004     0.002792 
   95.300000    -0.001434     0.000004    -0.001438 
   95.400000     0.005808     0.000004     0.005804 
   95.500000     0.008469     0.000004     0.008465 
   95.600000     0.003637     0.000004     0.003633 
   95.700000     0.003653     0.000004     0.003649 
   95.800000     0.002738     0.000004     0.002734 
   95.900000     0.003780     0.000004     0.003776 
   96.000000     0.001085     0.000004     0.001081 
   96.100000    -0.003689     0.000004    -0.003693 
   96.200000     0.003537     0.000004     0.003533 
   96.300000     0.004279     0.000004     0.004275 
   96.400000     0.005555     0.000004     0.005551 
   96.500000     0.008843     0.000004     0.008839 
   96.600000     0.007770     0.000004     0.007766 
   96.700000    -0.001858     0.000004    -0.001862 
   96.800000    -0.004575     0.000004    -0.004579 
   96.900000    -0.004635     0.000004    -0.004639 
   97.000000    -0.005894     0.000004    -0.005898 
   97.100000    -0.007562     0.000004    -0.007566 
   97.200000    -0.004732     0.000004    -0.004736 
   97.300000     0.001260     0.000004     0.001256 
   97.400000    -0.000095     0.000004    -0.000099 
   97.500000    -0.003506     0.000004    -0.003510 
   97.600000     0.000282     0.000004     0.000278 
   97.700000    -0.001327     0.000004    -0.001331 
   97.800000    -0.002411     0.000004    -0.002415 
   97.900000     0.000834     0.000004     0.000830 
   98.000000     0.001238     0.000004     0.001234 
   98.100000     0.002489     0.000004     0.002485 
   98.200000     0.001242     0.000004     0.001238 
   98.300000     0.000528     0.000004     0.000524 
   98.400000    -0.001867     0.000004    -0.001871 
   98.500000    -0.003632     0.000004    -0.003636 
   98.600000    -0.002378     0.000004    -0.002382 
   98.700000    -0.001388     0.000004    -0.001392 
   98.800000     0.000636     0.000004     0.000632 
   98.900000     0.004573     0.000004     0.004569 
   99.000000    -0.001274     0.000004    -0.001278 
   99.100000     0.006642     0.000004     0.006638 
   99.200000     0.004880     0.000004     0.004876 
   99.300000     0.006345     0.000004     0.006341 
   99.400000    -0.001588     0.000004    -0.001592 
   99.500000    -0.001298     0.000004    -0.001302 
   99.600000     0.001641     0.000004     0.001637 
   99.700000    -0.006188     0.000004    -0.006192 
   99.800000    -0.002853     0.000004    -0.002857 
   99.900000    -0.001323     0.000004    -0.001327 
  100.000000    -0.008266     0.000004    -0.008270 
