##fit: rolloffp.out
    0.500000     0.018060     0.018258    -0.000198 
    0.600000     0.017387     0.015590     0.001797 
    0.700000     0.012249     0.013308    -0.001059 
    0.800000     0.013970     0.011355     0.002615 
    0.900000     0.010067     0.009684     0.000383 
    1.000000     0.005509     0.008255    -0.002746 
    1.100000     0.008048     0.007032     0.001016 
    1.200000     0.004257     0.005986    -0.001729 
    1.300000     0.002126     0.005091    -0.002965 
    1.400000     0.001796     0.004325    -0.002529 
    1.500000     0.003607     0.003670    -0.000063 
    1.600000     0.000961     0.003110    -0.002149 
    1.700000     0.003062     0.002631     0.000431 
    1.800000     0.002987     0.002220     0.000767 
    1.900000     0.001675     0.001870    -0.000195 
    2.000000     0.000091     0.001569    -0.001478 
    2.100000    -0.000525     0.001313    -0.001838 
    2.200000    -0.000265     0.001093    -0.001358 
    2.300000     0.005754     0.000905     0.004849 
    2.400000     0.006208     0.000744     0.005464 
    2.500000     0.003559     0.000606     0.002953 
    2.600000     0.005324     0.000489     0.004835 
    2.700000     0.007395     0.000388     0.007007 
    2.800000     0.001055     0.000302     0.000753 
    2.900000     0.001142     0.000228     0.000914 
    3.000000    -0.002264     0.000165    -0.002429 
    3.100000     0.001691     0.000111     0.001580 
    3.200000     0.002332     0.000065     0.002267 
    3.300000    -0.002506     0.000026    -0.002532 
    3.400000    -0.003072    -0.000008    -0.003064 
    3.500000     0.000643    -0.000037     0.000680 
    3.600000    -0.001458    -0.000062    -0.001396 
    3.700000    -0.000544    -0.000083    -0.000461 
    3.800000    -0.000159    -0.000101    -0.000058 
    3.900000    -0.000163    -0.000116    -0.000047 
    4.000000    -0.000792    -0.000130    -0.000662 
    4.100000     0.002892    -0.000141     0.003033 
    4.200000     0.005536    -0.000151     0.005687 
    4.300000     0.000672    -0.000159     0.000831 
    4.400000    -0.000202    -0.000166    -0.000036 
    4.500000     0.002528    -0.000172     0.002700 
    4.600000     0.006350    -0.000177     0.006527 
    4.700000     0.002046    -0.000182     0.002228 
    4.800000     0.002315    -0.000186     0.002501 
    4.900000    -0.000121    -0.000189     0.000068 
    5.000000     0.002408    -0.000192     0.002600 
    5.100000     0.001988    -0.000194     0.002182 
    5.200000     0.004350    -0.000196     0.004546 
    5.300000     0.002087    -0.000198     0.002285 
    5.400000    -0.001620    -0.000199    -0.001421 
    5.500000     0.000519    -0.000201     0.000720 
    5.600000     0.000059    -0.000202     0.000261 
    5.700000     0.000133    -0.000203     0.000336 
    5.800000    -0.004111    -0.000203    -0.003908 
    5.900000    -0.000038    -0.000204     0.000166 
    6.000000    -0.001306    -0.000205    -0.001101 
    6.100000    -0.004608    -0.000205    -0.004403 
    6.200000    -0.002001    -0.000206    -0.001795 
    6.300000    -0.000545    -0.000206    -0.000339 
    6.400000    -0.004112    -0.000206    -0.003906 
    6.500000    -0.002914    -0.000207    -0.002707 
    6.600000     0.000015    -0.000207     0.000222 
    6.700000    -0.002525    -0.000207    -0.002318 
    6.800000    -0.002749    -0.000207    -0.002542 
    6.900000    -0.005241    -0.000207    -0.005034 
    7.000000    -0.003150    -0.000207    -0.002943 
    7.100000    -0.001230    -0.000208    -0.001022 
    7.200000    -0.003279    -0.000208    -0.003071 
    7.300000     0.000528    -0.000208     0.000736 
    7.400000    -0.001962    -0.000208    -0.001754 
    7.500000     0.003031    -0.000208     0.003239 
    7.600000     0.002858    -0.000208     0.003066 
    7.700000    -0.002071    -0.000208    -0.001863 
    7.800000    -0.000889    -0.000208    -0.000681 
    7.900000    -0.001528    -0.000208    -0.001320 
    8.000000    -0.003351    -0.000208    -0.003143 
    8.100000    -0.001726    -0.000208    -0.001518 
    8.200000    -0.002185    -0.000208    -0.001977 
    8.300000    -0.002306    -0.000208    -0.002098 
    8.400000    -0.005543    -0.000208    -0.005335 
    8.500000    -0.003801    -0.000208    -0.003593 
    8.600000    -0.004168    -0.000208    -0.003960 
    8.700000    -0.003283    -0.000208    -0.003075 
    8.800000    -0.002108    -0.000208    -0.001900 
    8.900000     0.001725    -0.000208     0.001933 
    9.000000    -0.002519    -0.000208    -0.002311 
    9.100000    -0.004254    -0.000208    -0.004046 
    9.200000    -0.002110    -0.000208    -0.001902 
    9.300000     0.000650    -0.000208     0.000858 
    9.400000     0.000047    -0.000208     0.000255 
    9.500000    -0.002555    -0.000208    -0.002347 
    9.600000    -0.000750    -0.000208    -0.000542 
    9.700000    -0.001300    -0.000208    -0.001092 
    9.800000     0.002217    -0.000208     0.002425 
    9.900000     0.002116    -0.000208     0.002324 
   10.000000     0.001027    -0.000208     0.001235 
   10.100000     0.001363    -0.000208     0.001571 
   10.200000    -0.000341    -0.000208    -0.000133 
   10.300000     0.001978    -0.000208     0.002186 
   10.400000     0.002274    -0.000208     0.002482 
   10.500000    -0.000625    -0.000208    -0.000417 
   10.600000    -0.000993    -0.000208    -0.000785 
   10.700000    -0.003070    -0.000208    -0.002862 
   10.800000    -0.001174    -0.000208    -0.000966 
   10.900000     0.000748    -0.000208     0.000956 
   11.000000     0.002485    -0.000208     0.002693 
   11.100000     0.001764    -0.000208     0.001972 
   11.200000    -0.000824    -0.000208    -0.000616 
   11.300000    -0.001178    -0.000208    -0.000970 
   11.400000     0.001282    -0.000208     0.001490 
   11.500000     0.003162    -0.000208     0.003370 
   11.600000     0.002915    -0.000208     0.003123 
   11.700000    -0.000193    -0.000208     0.000015 
   11.800000    -0.002487    -0.000208    -0.002279 
   11.900000    -0.004250    -0.000208    -0.004042 
   12.000000    -0.005120    -0.000208    -0.004912 
   12.100000    -0.000343    -0.000208    -0.000135 
   12.200000    -0.001482    -0.000208    -0.001274 
   12.300000    -0.000548    -0.000208    -0.000340 
   12.400000     0.001237    -0.000208     0.001445 
   12.500000    -0.003550    -0.000208    -0.003342 
   12.600000     0.001061    -0.000208     0.001269 
   12.700000     0.000746    -0.000208     0.000954 
   12.800000    -0.000873    -0.000208    -0.000665 
   12.900000     0.003200    -0.000208     0.003408 
   13.000000     0.004365    -0.000208     0.004573 
   13.100000     0.001069    -0.000208     0.001277 
   13.200000    -0.003096    -0.000208    -0.002888 
   13.300000    -0.000402    -0.000208    -0.000194 
   13.400000    -0.001341    -0.000208    -0.001133 
   13.500000    -0.001696    -0.000208    -0.001488 
   13.600000    -0.004380    -0.000208    -0.004172 
   13.700000    -0.000038    -0.000208     0.000170 
   13.800000     0.002329    -0.000208     0.002537 
   13.900000     0.001058    -0.000208     0.001266 
   14.000000     0.001559    -0.000208     0.001767 
   14.100000    -0.001016    -0.000208    -0.000808 
   14.200000     0.001113    -0.000208     0.001321 
   14.300000    -0.001707    -0.000208    -0.001499 
   14.400000    -0.000839    -0.000208    -0.000631 
   14.500000     0.002655    -0.000208     0.002863 
   14.600000     0.003292    -0.000208     0.003500 
   14.700000     0.000700    -0.000208     0.000908 
   14.800000    -0.000831    -0.000208    -0.000623 
   14.900000     0.001853    -0.000208     0.002061 
   15.000000    -0.001764    -0.000208    -0.001556 
   15.100000     0.002425    -0.000208     0.002633 
   15.200000     0.003195    -0.000208     0.003403 
   15.300000    -0.000119    -0.000208     0.000089 
   15.400000    -0.002272    -0.000208    -0.002064 
   15.500000    -0.000790    -0.000208    -0.000582 
   15.600000     0.000729    -0.000208     0.000937 
   15.700000    -0.003779    -0.000208    -0.003571 
   15.800000    -0.002274    -0.000208    -0.002066 
   15.900000    -0.002095    -0.000208    -0.001887 
   16.000000     0.002245    -0.000208     0.002453 
   16.100000     0.002692    -0.000208     0.002900 
   16.200000    -0.000557    -0.000208    -0.000349 
   16.300000    -0.001969    -0.000208    -0.001761 
   16.400000     0.003585    -0.000208     0.003793 
   16.500000     0.002669    -0.000208     0.002877 
   16.600000     0.000853    -0.000208     0.001061 
   16.700000    -0.001752    -0.000208    -0.001544 
   16.800000     0.001151    -0.000208     0.001359 
   16.900000     0.006780    -0.000208     0.006988 
   17.000000     0.004234    -0.000208     0.004442 
   17.100000    -0.002232    -0.000208    -0.002024 
   17.200000     0.003119    -0.000208     0.003327 
   17.300000     0.001987    -0.000208     0.002195 
   17.400000     0.001325    -0.000208     0.001533 
   17.500000     0.001131    -0.000208     0.001339 
   17.600000    -0.001194    -0.000208    -0.000986 
   17.700000    -0.001851    -0.000208    -0.001643 
   17.800000     0.000097    -0.000208     0.000305 
   17.900000    -0.003134    -0.000208    -0.002926 
   18.000000    -0.004449    -0.000208    -0.004241 
   18.100000    -0.003553    -0.000208    -0.003345 
   18.200000     0.000879    -0.000208     0.001087 
   18.300000     0.003337    -0.000208     0.003545 
   18.400000     0.004246    -0.000208     0.004454 
   18.500000     0.001069    -0.000208     0.001277 
   18.600000     0.003608    -0.000208     0.003816 
   18.700000    -0.002029    -0.000208    -0.001821 
   18.800000    -0.000264    -0.000208    -0.000056 
   18.900000     0.002762    -0.000208     0.002970 
   19.000000     0.000771    -0.000208     0.000979 
   19.100000    -0.003220    -0.000208    -0.003012 
   19.200000    -0.000037    -0.000208     0.000171 
   19.300000    -0.002399    -0.000208    -0.002191 
   19.400000     0.000019    -0.000208     0.000227 
   19.500000     0.002191    -0.000208     0.002399 
   19.600000     0.003372    -0.000208     0.003580 
   19.700000    -0.000105    -0.000208     0.000103 
   19.800000    -0.000779    -0.000208    -0.000571 
   19.900000    -0.005505    -0.000208    -0.005297 
   20.000000    -0.004589    -0.000208    -0.004381 
   20.100000     0.000034    -0.000208     0.000242 
   20.200000     0.000346    -0.000208     0.000554 
   20.300000    -0.000034    -0.000208     0.000174 
   20.400000     0.003587    -0.000208     0.003795 
   20.500000    -0.001601    -0.000208    -0.001393 
   20.600000    -0.004548    -0.000208    -0.004340 
   20.700000    -0.001380    -0.000208    -0.001172 
   20.800000    -0.000608    -0.000208    -0.000400 
   20.900000    -0.002903    -0.000208    -0.002695 
   21.000000     0.000516    -0.000208     0.000724 
   21.100000     0.000184    -0.000208     0.000392 
   21.200000    -0.000406    -0.000208    -0.000198 
   21.300000     0.000709    -0.000208     0.000917 
   21.400000     0.005469    -0.000208     0.005677 
   21.500000    -0.001292    -0.000208    -0.001084 
   21.600000    -0.003437    -0.000208    -0.003229 
   21.700000    -0.007536    -0.000208    -0.007328 
   21.800000    -0.004290    -0.000208    -0.004082 
   21.900000    -0.002607    -0.000208    -0.002399 
   22.000000     0.000263    -0.000208     0.000471 
   22.100000    -0.001986    -0.000208    -0.001778 
   22.200000    -0.002503    -0.000208    -0.002295 
   22.300000     0.001196    -0.000208     0.001404 
   22.400000    -0.001393    -0.000208    -0.001185 
   22.500000    -0.002493    -0.000208    -0.002285 
   22.600000    -0.001768    -0.000208    -0.001560 
   22.700000    -0.002099    -0.000208    -0.001891 
   22.800000     0.000299    -0.000208     0.000507 
   22.900000     0.006578    -0.000208     0.006786 
   23.000000    -0.001430    -0.000208    -0.001222 
   23.100000     0.003591    -0.000208     0.003799 
   23.200000    -0.002269    -0.000208    -0.002061 
   23.300000     0.002406    -0.000208     0.002614 
   23.400000     0.003278    -0.000208     0.003486 
   23.500000    -0.003269    -0.000208    -0.003061 
   23.600000    -0.000646    -0.000208    -0.000438 
   23.700000    -0.001815    -0.000208    -0.001607 
   23.800000    -0.001338    -0.000208    -0.001130 
   23.900000     0.000208    -0.000208     0.000416 
   24.000000    -0.004610    -0.000208    -0.004402 
   24.100000    -0.000115    -0.000208     0.000093 
   24.200000    -0.002123    -0.000208    -0.001915 
   24.300000    -0.004964    -0.000208    -0.004756 
   24.400000    -0.003865    -0.000208    -0.003657 
   24.500000     0.001798    -0.000208     0.002006 
   24.600000    -0.000768    -0.000208    -0.000560 
   24.700000    -0.001397    -0.000208    -0.001189 
   24.800000     0.000508    -0.000208     0.000716 
   24.900000     0.004103    -0.000208     0.004311 
   25.000000     0.000154    -0.000208     0.000362 
   25.100000     0.002659    -0.000208     0.002867 
   25.200000     0.001821    -0.000208     0.002029 
   25.300000     0.000444    -0.000208     0.000652 
   25.400000    -0.001108    -0.000208    -0.000900 
   25.500000     0.003992    -0.000208     0.004200 
   25.600000     0.002870    -0.000208     0.003078 
   25.700000     0.001920    -0.000208     0.002128 
   25.800000     0.002572    -0.000208     0.002780 
   25.900000    -0.000191    -0.000208     0.000017 
   26.000000     0.004820    -0.000208     0.005028 
   26.100000    -0.002409    -0.000208    -0.002201 
   26.200000     0.000313    -0.000208     0.000521 
   26.300000    -0.002645    -0.000208    -0.002437 
   26.400000    -0.003431    -0.000208    -0.003223 
   26.500000    -0.002361    -0.000208    -0.002153 
   26.600000     0.001008    -0.000208     0.001216 
   26.700000     0.000762    -0.000208     0.000970 
   26.800000    -0.003264    -0.000208    -0.003056 
   26.900000    -0.007432    -0.000208    -0.007224 
   27.000000    -0.001815    -0.000208    -0.001607 
   27.100000     0.001978    -0.000208     0.002186 
   27.200000    -0.001711    -0.000208    -0.001503 
   27.300000    -0.000066    -0.000208     0.000142 
   27.400000    -0.000975    -0.000208    -0.000767 
   27.500000    -0.002756    -0.000208    -0.002548 
   27.600000    -0.004037    -0.000208    -0.003829 
   27.700000    -0.001519    -0.000208    -0.001311 
   27.800000     0.000457    -0.000208     0.000665 
   27.900000     0.001979    -0.000208     0.002187 
   28.000000    -0.000206    -0.000208     0.000002 
   28.100000    -0.002522    -0.000208    -0.002314 
   28.200000    -0.003669    -0.000208    -0.003461 
   28.300000    -0.004808    -0.000208    -0.004600 
   28.400000    -0.001100    -0.000208    -0.000892 
   28.500000    -0.000659    -0.000208    -0.000451 
   28.600000     0.001763    -0.000208     0.001971 
   28.700000     0.000034    -0.000208     0.000242 
   28.800000    -0.000629    -0.000208    -0.000421 
   28.900000    -0.000265    -0.000208    -0.000057 
   29.000000     0.001091    -0.000208     0.001299 
   29.100000    -0.001516    -0.000208    -0.001308 
   29.200000     0.000734    -0.000208     0.000942 
   29.300000     0.003172    -0.000208     0.003380 
   29.400000    -0.000382    -0.000208    -0.000174 
   29.500000     0.001679    -0.000208     0.001887 
   29.600000     0.000039    -0.000208     0.000247 
   29.700000     0.002563    -0.000208     0.002771 
   29.800000     0.006851    -0.000208     0.007059 
   29.900000     0.003229    -0.000208     0.003437 
   30.000000     0.002461    -0.000208     0.002669 
   30.100000     0.001977    -0.000208     0.002185 
   30.200000    -0.002658    -0.000208    -0.002450 
   30.300000    -0.000929    -0.000208    -0.000721 
   30.400000    -0.000791    -0.000208    -0.000583 
   30.500000    -0.001929    -0.000208    -0.001721 
   30.600000     0.003907    -0.000208     0.004115 
   30.700000     0.003634    -0.000208     0.003842 
   30.800000     0.002782    -0.000208     0.002990 
   30.900000     0.001609    -0.000208     0.001817 
   31.000000    -0.002468    -0.000208    -0.002260 
   31.100000     0.002123    -0.000208     0.002331 
   31.200000     0.001440    -0.000208     0.001648 
   31.300000    -0.000230    -0.000208    -0.000022 
   31.400000     0.000303    -0.000208     0.000511 
   31.500000    -0.001641    -0.000208    -0.001433 
   31.600000    -0.002797    -0.000208    -0.002589 
   31.700000    -0.002976    -0.000208    -0.002768 
   31.800000    -0.007529    -0.000208    -0.007321 
   31.900000    -0.001589    -0.000208    -0.001381 
   32.000000     0.000189    -0.000208     0.000397 
   32.100000     0.001094    -0.000208     0.001302 
   32.200000     0.000863    -0.000208     0.001071 
   32.300000     0.005410    -0.000208     0.005618 
   32.400000     0.003918    -0.000208     0.004126 
   32.500000     0.000372    -0.000208     0.000580 
   32.600000     0.001272    -0.000208     0.001480 
   32.700000     0.001719    -0.000208     0.001927 
   32.800000     0.003128    -0.000208     0.003336 
   32.900000    -0.003482    -0.000208    -0.003274 
   33.000000     0.003409    -0.000208     0.003617 
   33.100000     0.003897    -0.000208     0.004105 
   33.200000     0.004378    -0.000208     0.004586 
   33.300000     0.003145    -0.000208     0.003353 
   33.400000     0.003772    -0.000208     0.003980 
   33.500000     0.001696    -0.000208     0.001904 
   33.600000     0.006769    -0.000208     0.006977 
   33.700000     0.003085    -0.000208     0.003293 
   33.800000     0.000833    -0.000208     0.001041 
   33.900000     0.000627    -0.000208     0.000835 
   34.000000     0.006984    -0.000208     0.007192 
   34.100000    -0.005498    -0.000208    -0.005290 
   34.200000     0.002981    -0.000208     0.003189 
   34.300000     0.000780    -0.000208     0.000988 
   34.400000     0.007439    -0.000208     0.007647 
   34.500000     0.004702    -0.000208     0.004910 
   34.600000     0.000190    -0.000208     0.000398 
   34.700000    -0.002191    -0.000208    -0.001983 
   34.800000     0.001202    -0.000208     0.001410 
   34.900000     0.000306    -0.000208     0.000514 
   35.000000     0.002184    -0.000208     0.002392 
   35.100000    -0.001839    -0.000208    -0.001631 
   35.200000    -0.004039    -0.000208    -0.003831 
   35.300000    -0.000854    -0.000208    -0.000646 
   35.400000     0.000102    -0.000208     0.000310 
   35.500000     0.002055    -0.000208     0.002263 
   35.600000     0.003326    -0.000208     0.003534 
   35.700000    -0.002253    -0.000208    -0.002045 
   35.800000     0.003928    -0.000208     0.004136 
   35.900000     0.002815    -0.000208     0.003023 
   36.000000     0.003650    -0.000208     0.003858 
   36.100000    -0.000662    -0.000208    -0.000454 
   36.200000     0.001707    -0.000208     0.001915 
   36.300000     0.004060    -0.000208     0.004268 
   36.400000     0.000976    -0.000208     0.001184 
   36.500000    -0.001772    -0.000208    -0.001564 
   36.600000    -0.005166    -0.000208    -0.004958 
   36.700000    -0.002321    -0.000208    -0.002113 
   36.800000    -0.000421    -0.000208    -0.000213 
   36.900000     0.001999    -0.000208     0.002207 
   37.000000    -0.001261    -0.000208    -0.001053 
   37.100000     0.001479    -0.000208     0.001687 
   37.200000     0.002441    -0.000208     0.002649 
   37.300000     0.001918    -0.000208     0.002126 
   37.400000     0.002924    -0.000208     0.003132 
   37.500000     0.002225    -0.000208     0.002433 
   37.600000     0.001316    -0.000208     0.001524 
   37.700000     0.001820    -0.000208     0.002028 
   37.800000     0.002329    -0.000208     0.002537 
   37.900000     0.001371    -0.000208     0.001579 
   38.000000    -0.000434    -0.000208    -0.000226 
   38.100000     0.002449    -0.000208     0.002657 
   38.200000     0.000534    -0.000208     0.000742 
   38.300000    -0.003118    -0.000208    -0.002910 
   38.400000    -0.002763    -0.000208    -0.002555 
   38.500000    -0.001360    -0.000208    -0.001152 
   38.600000     0.000552    -0.000208     0.000760 
   38.700000    -0.005325    -0.000208    -0.005117 
   38.800000    -0.003748    -0.000208    -0.003540 
   38.900000     0.000524    -0.000208     0.000732 
   39.000000    -0.000109    -0.000208     0.000099 
   39.100000    -0.002617    -0.000208    -0.002409 
   39.200000    -0.003028    -0.000208    -0.002820 
   39.300000    -0.001844    -0.000208    -0.001636 
   39.400000    -0.002164    -0.000208    -0.001956 
   39.500000    -0.003166    -0.000208    -0.002958 
   39.600000     0.005792    -0.000208     0.006000 
   39.700000    -0.000794    -0.000208    -0.000586 
   39.800000    -0.001701    -0.000208    -0.001493 
   39.900000     0.006181    -0.000208     0.006389 
   40.000000     0.003925    -0.000208     0.004133 
   40.100000     0.005268    -0.000208     0.005476 
   40.200000     0.000823    -0.000208     0.001031 
   40.300000     0.003915    -0.000208     0.004123 
   40.400000     0.001518    -0.000208     0.001726 
   40.500000     0.001582    -0.000208     0.001790 
   40.600000     0.005603    -0.000208     0.005811 
   40.700000     0.002703    -0.000208     0.002911 
   40.800000     0.001963    -0.000208     0.002171 
   40.900000     0.000751    -0.000208     0.000959 
   41.000000     0.001116    -0.000208     0.001324 
   41.100000     0.000307    -0.000208     0.000515 
   41.200000    -0.005742    -0.000208    -0.005534 
   41.300000     0.001053    -0.000208     0.001261 
   41.400000     0.002625    -0.000208     0.002833 
   41.500000     0.005666    -0.000208     0.005874 
   41.600000     0.004892    -0.000208     0.005100 
   41.700000     0.005104    -0.000208     0.005312 
   41.800000     0.004648    -0.000208     0.004856 
   41.900000     0.002601    -0.000208     0.002809 
   42.000000    -0.000318    -0.000208    -0.000110 
   42.100000    -0.001858    -0.000208    -0.001650 
   42.200000     0.004159    -0.000208     0.004367 
   42.300000     0.000326    -0.000208     0.000534 
   42.400000     0.002300    -0.000208     0.002508 
   42.500000     0.001063    -0.000208     0.001271 
   42.600000    -0.004263    -0.000208    -0.004055 
   42.700000    -0.006140    -0.000208    -0.005932 
   42.800000    -0.000983    -0.000208    -0.000775 
   42.900000     0.003977    -0.000208     0.004185 
   43.000000     0.003426    -0.000208     0.003634 
   43.100000     0.004695    -0.000208     0.004903 
   43.200000     0.001484    -0.000208     0.001692 
   43.300000     0.003984    -0.000208     0.004192 
   43.400000     0.002888    -0.000208     0.003096 
   43.500000    -0.000536    -0.000208    -0.000328 
   43.600000    -0.000711    -0.000208    -0.000503 
   43.700000    -0.000007    -0.000208     0.000201 
   43.800000     0.001260    -0.000208     0.001468 
   43.900000    -0.001641    -0.000208    -0.001433 
   44.000000     0.001654    -0.000208     0.001862 
   44.100000     0.001234    -0.000208     0.001442 
   44.200000     0.001457    -0.000208     0.001665 
   44.300000    -0.000160    -0.000208     0.000048 
   44.400000     0.000248    -0.000208     0.000456 
   44.500000     0.003739    -0.000208     0.003947 
   44.600000     0.002972    -0.000208     0.003180 
   44.700000     0.001702    -0.000208     0.001910 
   44.800000     0.003384    -0.000208     0.003592 
   44.900000     0.001229    -0.000208     0.001437 
   45.000000    -0.003628    -0.000208    -0.003420 
   45.100000    -0.004152    -0.000208    -0.003944 
   45.200000     0.000765    -0.000208     0.000973 
   45.300000     0.001894    -0.000208     0.002102 
   45.400000     0.001726    -0.000208     0.001934 
   45.500000     0.001339    -0.000208     0.001547 
   45.600000     0.001422    -0.000208     0.001630 
   45.700000     0.002512    -0.000208     0.002720 
   45.800000    -0.001491    -0.000208    -0.001283 
   45.900000    -0.002064    -0.000208    -0.001856 
   46.000000    -0.001020    -0.000208    -0.000812 
   46.100000     0.000376    -0.000208     0.000584 
   46.200000    -0.000710    -0.000208    -0.000502 
   46.300000     0.002279    -0.000208     0.002487 
   46.400000    -0.000314    -0.000208    -0.000106 
   46.500000    -0.002377    -0.000208    -0.002169 
   46.600000     0.004189    -0.000208     0.004397 
   46.700000    -0.002562    -0.000208    -0.002354 
   46.800000     0.002392    -0.000208     0.002600 
   46.900000     0.000375    -0.000208     0.000583 
   47.000000     0.000461    -0.000208     0.000669 
   47.100000    -0.000441    -0.000208    -0.000233 
   47.200000    -0.000394    -0.000208    -0.000186 
   47.300000    -0.001261    -0.000208    -0.001053 
   47.400000    -0.002767    -0.000208    -0.002559 
   47.500000    -0.002057    -0.000208    -0.001849 
   47.600000     0.000924    -0.000208     0.001132 
   47.700000    -0.003699    -0.000208    -0.003491 
   47.800000    -0.004533    -0.000208    -0.004325 
   47.900000    -0.003960    -0.000208    -0.003752 
   48.000000    -0.003468    -0.000208    -0.003260 
   48.100000    -0.002657    -0.000208    -0.002449 
   48.200000    -0.004055    -0.000208    -0.003847 
   48.300000    -0.005020    -0.000208    -0.004812 
   48.400000    -0.007149    -0.000208    -0.006941 
   48.500000    -0.010072    -0.000208    -0.009864 
   48.600000    -0.004365    -0.000208    -0.004157 
   48.700000    -0.006858    -0.000208    -0.006650 
   48.800000    -0.007856    -0.000208    -0.007648 
   48.900000    -0.002953    -0.000208    -0.002745 
   49.000000     0.004462    -0.000208     0.004670 
   49.100000    -0.000719    -0.000208    -0.000511 
   49.200000    -0.003056    -0.000208    -0.002848 
   49.300000     0.001338    -0.000208     0.001546 
   49.400000    -0.000426    -0.000208    -0.000218 
   49.500000     0.003669    -0.000208     0.003877 
   49.600000     0.002353    -0.000208     0.002561 
   49.700000    -0.000156    -0.000208     0.000052 
   49.800000    -0.003185    -0.000208    -0.002977 
   49.900000    -0.007713    -0.000208    -0.007505 
   50.000000    -0.001060    -0.000208    -0.000852 
   50.100000    -0.001944    -0.000208    -0.001736 
   50.200000    -0.002727    -0.000208    -0.002519 
   50.300000    -0.002738    -0.000208    -0.002530 
   50.400000    -0.003546    -0.000208    -0.003338 
   50.500000     0.001432    -0.000208     0.001640 
   50.600000    -0.001751    -0.000208    -0.001543 
   50.700000     0.001322    -0.000208     0.001530 
   50.800000    -0.000005    -0.000208     0.000203 
   50.900000     0.001877    -0.000208     0.002085 
   51.000000    -0.000974    -0.000208    -0.000766 
   51.100000    -0.003890    -0.000208    -0.003682 
   51.200000    -0.003051    -0.000208    -0.002843 
   51.300000    -0.002290    -0.000208    -0.002082 
   51.400000    -0.003873    -0.000208    -0.003665 
   51.500000    -0.007654    -0.000208    -0.007446 
   51.600000    -0.002760    -0.000208    -0.002552 
   51.700000     0.001284    -0.000208     0.001492 
   51.800000     0.002485    -0.000208     0.002693 
   51.900000    -0.001825    -0.000208    -0.001617 
   52.000000    -0.003655    -0.000208    -0.003447 
   52.100000    -0.002482    -0.000208    -0.002274 
   52.200000    -0.001017    -0.000208    -0.000809 
   52.300000     0.002227    -0.000208     0.002435 
   52.400000    -0.004308    -0.000208    -0.004100 
   52.500000    -0.004966    -0.000208    -0.004758 
   52.600000    -0.000864    -0.000208    -0.000656 
   52.700000    -0.000749    -0.000208    -0.000541 
   52.800000    -0.005420    -0.000208    -0.005212 
   52.900000    -0.005959    -0.000208    -0.005751 
   53.000000    -0.001891    -0.000208    -0.001683 
   53.100000    -0.001782    -0.000208    -0.001574 
   53.200000    -0.007913    -0.000208    -0.007705 
   53.300000    -0.006409    -0.000208    -0.006201 
   53.400000    -0.006326    -0.000208    -0.006118 
   53.500000    -0.002666    -0.000208    -0.002458 
   53.600000    -0.006625    -0.000208    -0.006417 
   53.700000    -0.000280    -0.000208    -0.000072 
   53.800000    -0.000811    -0.000208    -0.000603 
   53.900000     0.000786    -0.000208     0.000994 
   54.000000     0.000772    -0.000208     0.000980 
   54.100000     0.000854    -0.000208     0.001062 
   54.200000     0.000945    -0.000208     0.001153 
   54.300000     0.004836    -0.000208     0.005044 
   54.400000     0.007547    -0.000208     0.007755 
   54.500000     0.004081    -0.000208     0.004289 
   54.600000     0.005321    -0.000208     0.005529 
   54.700000    -0.000547    -0.000208    -0.000339 
   54.800000     0.001267    -0.000208     0.001475 
   54.900000     0.001757    -0.000208     0.001965 
   55.000000     0.000073    -0.000208     0.000281 
   55.100000     0.000042    -0.000208     0.000250 
   55.200000    -0.000939    -0.000208    -0.000731 
   55.300000     0.003358    -0.000208     0.003566 
   55.400000     0.001790    -0.000208     0.001998 
   55.500000     0.001406    -0.000208     0.001614 
   55.600000     0.002764    -0.000208     0.002972 
   55.700000     0.002013    -0.000208     0.002221 
   55.800000     0.005822    -0.000208     0.006030 
   55.900000     0.000463    -0.000208     0.000671 
   56.000000     0.000649    -0.000208     0.000857 
   56.100000     0.004068    -0.000208     0.004276 
   56.200000     0.000568    -0.000208     0.000776 
   56.300000     0.002811    -0.000208     0.003019 
   56.400000     0.002454    -0.000208     0.002662 
   56.500000    -0.000853    -0.000208    -0.000645 
   56.600000    -0.000021    -0.000208     0.000187 
   56.700000     0.001242    -0.000208     0.001450 
   56.800000    -0.003584    -0.000208    -0.003376 
   56.900000     0.002250    -0.000208     0.002458 
   57.000000    -0.003880    -0.000208    -0.003672 
   57.100000    -0.002676    -0.000208    -0.002468 
   57.200000    -0.000831    -0.000208    -0.000623 
   57.300000     0.001700    -0.000208     0.001908 
   57.400000     0.000204    -0.000208     0.000412 
   57.500000    -0.001010    -0.000208    -0.000802 
   57.600000    -0.006718    -0.000208    -0.006510 
   57.700000     0.000147    -0.000208     0.000355 
   57.800000     0.000553    -0.000208     0.000761 
   57.900000     0.001351    -0.000208     0.001559 
   58.000000    -0.001084    -0.000208    -0.000876 
   58.100000    -0.001114    -0.000208    -0.000906 
   58.200000    -0.000915    -0.000208    -0.000707 
   58.300000     0.005182    -0.000208     0.005390 
   58.400000     0.002601    -0.000208     0.002809 
   58.500000     0.004357    -0.000208     0.004565 
   58.600000     0.001671    -0.000208     0.001879 
   58.700000     0.000569    -0.000208     0.000777 
   58.800000     0.001695    -0.000208     0.001903 
   58.900000     0.006933    -0.000208     0.007141 
   59.000000     0.002854    -0.000208     0.003062 
   59.100000     0.003277    -0.000208     0.003485 
   59.200000    -0.000047    -0.000208     0.000161 
   59.300000    -0.000316    -0.000208    -0.000108 
   59.400000    -0.000304    -0.000208    -0.000096 
   59.500000     0.000160    -0.000208     0.000368 
   59.600000    -0.004255    -0.000208    -0.004047 
   59.700000     0.001196    -0.000208     0.001404 
   59.800000    -0.006104    -0.000208    -0.005896 
   59.900000    -0.000924    -0.000208    -0.000716 
   60.000000    -0.000122    -0.000208     0.000086 
   60.100000    -0.003249    -0.000208    -0.003041 
   60.200000    -0.001319    -0.000208    -0.001111 
   60.300000    -0.003032    -0.000208    -0.002824 
   60.400000     0.000449    -0.000208     0.000657 
   60.500000    -0.003633    -0.000208    -0.003425 
   60.600000     0.000778    -0.000208     0.000986 
   60.700000     0.003238    -0.000208     0.003446 
   60.800000     0.000831    -0.000208     0.001039 
   60.900000     0.000900    -0.000208     0.001108 
   61.000000    -0.000009    -0.000208     0.000199 
   61.100000     0.001864    -0.000208     0.002072 
   61.200000    -0.001196    -0.000208    -0.000988 
   61.300000     0.001524    -0.000208     0.001732 
   61.400000    -0.004753    -0.000208    -0.004545 
   61.500000     0.000511    -0.000208     0.000719 
   61.600000    -0.003676    -0.000208    -0.003468 
   61.700000    -0.003639    -0.000208    -0.003431 
   61.800000    -0.003452    -0.000208    -0.003244 
   61.900000    -0.000852    -0.000208    -0.000644 
   62.000000    -0.000244    -0.000208    -0.000036 
   62.100000    -0.001807    -0.000208    -0.001599 
   62.200000    -0.003663    -0.000208    -0.003455 
   62.300000    -0.004560    -0.000208    -0.004352 
   62.400000    -0.004541    -0.000208    -0.004333 
   62.500000    -0.008504    -0.000208    -0.008296 
   62.600000     0.003168    -0.000208     0.003376 
   62.700000    -0.002112    -0.000208    -0.001904 
   62.800000     0.002209    -0.000208     0.002417 
   62.900000     0.006265    -0.000208     0.006473 
   63.000000     0.002878    -0.000208     0.003086 
   63.100000    -0.000688    -0.000208    -0.000480 
   63.200000    -0.003308    -0.000208    -0.003100 
   63.300000    -0.001279    -0.000208    -0.001071 
   63.400000     0.001156    -0.000208     0.001364 
   63.500000     0.000779    -0.000208     0.000987 
   63.600000     0.002543    -0.000208     0.002751 
   63.700000    -0.002624    -0.000208    -0.002416 
   63.800000    -0.004064    -0.000208    -0.003856 
   63.900000    -0.001360    -0.000208    -0.001152 
   64.000000    -0.002258    -0.000208    -0.002050 
   64.100000    -0.002963    -0.000208    -0.002755 
   64.200000    -0.005569    -0.000208    -0.005361 
   64.300000     0.000776    -0.000208     0.000984 
   64.400000    -0.002542    -0.000208    -0.002334 
   64.500000    -0.004125    -0.000208    -0.003917 
   64.600000    -0.004221    -0.000208    -0.004013 
   64.700000    -0.004173    -0.000208    -0.003965 
   64.800000    -0.005591    -0.000208    -0.005383 
   64.900000     0.002706    -0.000208     0.002914 
   65.000000     0.001084    -0.000208     0.001292 
   65.100000    -0.000351    -0.000208    -0.000143 
   65.200000    -0.000126    -0.000208     0.000082 
   65.300000    -0.000945    -0.000208    -0.000737 
   65.400000    -0.001611    -0.000208    -0.001403 
   65.500000    -0.002980    -0.000208    -0.002772 
   65.600000    -0.003298    -0.000208    -0.003090 
   65.700000    -0.001671    -0.000208    -0.001463 
   65.800000     0.000991    -0.000208     0.001199 
   65.900000     0.003706    -0.000208     0.003914 
   66.000000    -0.001492    -0.000208    -0.001284 
   66.100000     0.001551    -0.000208     0.001759 
   66.200000     0.001827    -0.000208     0.002035 
   66.300000    -0.002446    -0.000208    -0.002238 
   66.400000    -0.004572    -0.000208    -0.004364 
   66.500000    -0.004467    -0.000208    -0.004259 
   66.600000    -0.000578    -0.000208    -0.000370 
   66.700000     0.001586    -0.000208     0.001794 
   66.800000     0.003562    -0.000208     0.003770 
   66.900000     0.004794    -0.000208     0.005002 
   67.000000     0.000915    -0.000208     0.001123 
   67.100000    -0.002785    -0.000208    -0.002577 
   67.200000     0.000886    -0.000208     0.001094 
   67.300000     0.005171    -0.000208     0.005379 
   67.400000     0.001525    -0.000208     0.001733 
   67.500000     0.005588    -0.000208     0.005796 
   67.600000     0.001715    -0.000208     0.001923 
   67.700000    -0.000091    -0.000208     0.000117 
   67.800000    -0.000013    -0.000208     0.000195 
   67.900000     0.001572    -0.000208     0.001780 
   68.000000    -0.004607    -0.000208    -0.004399 
   68.100000     0.001623    -0.000208     0.001831 
   68.200000     0.000144    -0.000208     0.000352 
   68.300000    -0.003210    -0.000208    -0.003002 
   68.400000    -0.000134    -0.000208     0.000074 
   68.500000     0.002241    -0.000208     0.002449 
   68.600000    -0.005754    -0.000208    -0.005546 
   68.700000    -0.004665    -0.000208    -0.004457 
   68.800000     0.003294    -0.000208     0.003502 
   68.900000     0.002398    -0.000208     0.002606 
   69.000000    -0.000909    -0.000208    -0.000701 
   69.100000     0.002286    -0.000208     0.002494 
   69.200000    -0.002033    -0.000208    -0.001825 
   69.300000     0.002156    -0.000208     0.002364 
   69.400000     0.001232    -0.000208     0.001440 
   69.500000     0.001450    -0.000208     0.001658 
   69.600000     0.001937    -0.000208     0.002145 
   69.700000    -0.000129    -0.000208     0.000079 
   69.800000    -0.002088    -0.000208    -0.001880 
   69.900000     0.006620    -0.000208     0.006828 
   70.000000     0.000918    -0.000208     0.001126 
   70.100000     0.004556    -0.000208     0.004764 
   70.200000     0.001266    -0.000208     0.001474 
   70.300000     0.002058    -0.000208     0.002266 
   70.400000     0.003499    -0.000208     0.003707 
   70.500000     0.003988    -0.000208     0.004196 
   70.600000    -0.000974    -0.000208    -0.000766 
   70.700000     0.000895    -0.000208     0.001103 
   70.800000     0.004009    -0.000208     0.004217 
   70.900000     0.007731    -0.000208     0.007939 
   71.000000     0.003886    -0.000208     0.004094 
   71.100000     0.003729    -0.000208     0.003937 
   71.200000     0.001971    -0.000208     0.002179 
   71.300000    -0.000017    -0.000208     0.000191 
   71.400000    -0.000706    -0.000208    -0.000498 
   71.500000    -0.001728    -0.000208    -0.001520 
   71.600000     0.001765    -0.000208     0.001973 
   71.700000     0.002327    -0.000208     0.002535 
   71.800000    -0.001746    -0.000208    -0.001538 
   71.900000     0.003229    -0.000208     0.003437 
   72.000000    -0.004959    -0.000208    -0.004751 
   72.100000    -0.004100    -0.000208    -0.003892 
   72.200000     0.003041    -0.000208     0.003249 
   72.300000     0.009735    -0.000208     0.009943 
   72.400000     0.003670    -0.000208     0.003878 
   72.500000     0.001016    -0.000208     0.001224 
   72.600000     0.001153    -0.000208     0.001361 
   72.700000     0.004530    -0.000208     0.004738 
   72.800000    -0.001002    -0.000208    -0.000794 
   72.900000    -0.003681    -0.000208    -0.003473 
   73.000000    -0.002144    -0.000208    -0.001936 
   73.100000    -0.002960    -0.000208    -0.002752 
   73.200000     0.000962    -0.000208     0.001170 
   73.300000     0.002805    -0.000208     0.003013 
   73.400000    -0.001892    -0.000208    -0.001684 
   73.500000    -0.000168    -0.000208     0.000040 
   73.600000    -0.000833    -0.000208    -0.000625 
   73.700000    -0.002589    -0.000208    -0.002381 
   73.800000     0.000820    -0.000208     0.001028 
   73.900000    -0.000015    -0.000208     0.000193 
   74.000000     0.006778    -0.000208     0.006986 
   74.100000     0.007390    -0.000208     0.007598 
   74.200000     0.001603    -0.000208     0.001811 
   74.300000    -0.002241    -0.000208    -0.002033 
   74.400000    -0.002695    -0.000208    -0.002487 
   74.500000     0.003720    -0.000208     0.003928 
   74.600000     0.007268    -0.000208     0.007476 
   74.700000     0.003727    -0.000208     0.003935 
   74.800000    -0.003370    -0.000208    -0.003162 
   74.900000    -0.005144    -0.000208    -0.004936 
   75.000000    -0.004281    -0.000208    -0.004073 
   75.100000    -0.003098    -0.000208    -0.002890 
   75.200000    -0.004818    -0.000208    -0.004610 
   75.300000     0.000798    -0.000208     0.001006 
   75.400000     0.003274    -0.000208     0.003482 
   75.500000     0.005128    -0.000208     0.005336 
   75.600000     0.000728    -0.000208     0.000936 
   75.700000     0.000205    -0.000208     0.000413 
   75.800000     0.002992    -0.000208     0.003200 
   75.900000     0.002428    -0.000208     0.002636 
   76.000000     0.002418    -0.000208     0.002626 
   76.100000     0.001613    -0.000208     0.001821 
   76.200000     0.001224    -0.000208     0.001432 
   76.300000     0.000522    -0.000208     0.000730 
   76.400000     0.002166    -0.000208     0.002374 
   76.500000    -0.003626    -0.000208    -0.003418 
   76.600000    -0.004012    -0.000208    -0.003804 
   76.700000    -0.001745    -0.000208    -0.001537 
   76.800000     0.003398    -0.000208     0.003606 
   76.900000     0.002730    -0.000208     0.002938 
   77.000000    -0.003080    -0.000208    -0.002872 
   77.100000     0.000532    -0.000208     0.000740 
   77.200000    -0.001137    -0.000208    -0.000929 
   77.300000    -0.001435    -0.000208    -0.001227 
   77.400000     0.000055    -0.000208     0.000263 
   77.500000     0.006524    -0.000208     0.006732 
   77.600000     0.005453    -0.000208     0.005661 
   77.700000     0.006428    -0.000208     0.006636 
   77.800000     0.010643    -0.000208     0.010851 
   77.900000     0.001363    -0.000208     0.001571 
   78.000000     0.005847    -0.000208     0.006055 
   78.100000     0.003447    -0.000208     0.003655 
   78.200000     0.002110    -0.000208     0.002318 
   78.300000    -0.002547    -0.000208    -0.002339 
   78.400000     0.002138    -0.000208     0.002346 
   78.500000     0.000343    -0.000208     0.000551 
   78.600000     0.000962    -0.000208     0.001170 
   78.700000     0.000626    -0.000208     0.000834 
   78.800000    -0.000212    -0.000208    -0.000004 
   78.900000     0.000078    -0.000208     0.000286 
   79.000000     0.001711    -0.000208     0.001919 
   79.100000    -0.000710    -0.000208    -0.000502 
   79.200000     0.003955    -0.000208     0.004163 
   79.300000     0.005172    -0.000208     0.005380 
   79.400000    -0.006246    -0.000208    -0.006038 
   79.500000    -0.000019    -0.000208     0.000189 
   79.600000    -0.003545    -0.000208    -0.003337 
   79.700000    -0.001634    -0.000208    -0.001426 
   79.800000    -0.006770    -0.000208    -0.006562 
   79.900000    -0.001959    -0.000208    -0.001751 
   80.000000    -0.001117    -0.000208    -0.000909 
   80.100000    -0.000889    -0.000208    -0.000681 
   80.200000    -0.008881    -0.000208    -0.008673 
   80.300000    -0.003166    -0.000208    -0.002958 
   80.400000    -0.003296    -0.000208    -0.003088 
   80.500000     0.004252    -0.000208     0.004460 
   80.600000    -0.000310    -0.000208    -0.000102 
   80.700000     0.001395    -0.000208     0.001603 
   80.800000    -0.001403    -0.000208    -0.001195 
   80.900000    -0.000008    -0.000208     0.000200 
   81.000000    -0.006728    -0.000208    -0.006520 
   81.100000    -0.004096    -0.000208    -0.003888 
   81.200000    -0.003049    -0.000208    -0.002841 
   81.300000    -0.006562    -0.000208    -0.006354 
   81.400000    -0.003554    -0.000208    -0.003346 
   81.500000    -0.003411    -0.000208    -0.003203 
   81.600000    -0.002538    -0.000208    -0.002330 
   81.700000     0.000019    -0.000208     0.000227 
   81.800000    -0.000303    -0.000208    -0.000095 
   81.900000    -0.003480    -0.000208    -0.003272 
   82.000000    -0.003148    -0.000208    -0.002940 
   82.100000    -0.006407    -0.000208    -0.006199 
   82.200000    -0.006025    -0.000208    -0.005817 
   82.300000    -0.004248    -0.000208    -0.004040 
   82.400000    -0.007317    -0.000208    -0.007109 
   82.500000    -0.006143    -0.000208    -0.005935 
   82.600000    -0.009653    -0.000208    -0.009445 
   82.700000    -0.005935    -0.000208    -0.005727 
   82.800000    -0.001346    -0.000208    -0.001138 
   82.900000    -0.004023    -0.000208    -0.003815 
   83.000000     0.000859    -0.000208     0.001067 
   83.100000     0.003483    -0.000208     0.003691 
   83.200000    -0.004962    -0.000208    -0.004754 
   83.300000    -0.010519    -0.000208    -0.010311 
   83.400000    -0.003737    -0.000208    -0.003529 
   83.500000    -0.007808    -0.000208    -0.007600 
   83.600000    -0.007075    -0.000208    -0.006867 
   83.700000    -0.000025    -0.000208     0.000183 
   83.800000     0.000778    -0.000208     0.000986 
   83.900000     0.000523    -0.000208     0.000731 
   84.000000     0.007438    -0.000208     0.007646 
   84.100000     0.004296    -0.000208     0.004504 
   84.200000     0.004995    -0.000208     0.005203 
   84.300000     0.002129    -0.000208     0.002337 
   84.400000     0.003165    -0.000208     0.003373 
   84.500000     0.000001    -0.000208     0.000209 
   84.600000    -0.002551    -0.000208    -0.002343 
   84.700000     0.000477    -0.000208     0.000685 
   84.800000    -0.003752    -0.000208    -0.003544 
   84.900000    -0.006241    -0.000208    -0.006033 
   85.000000    -0.000455    -0.000208    -0.000247 
   85.100000    -0.000148    -0.000208     0.000060 
   85.200000     0.001315    -0.000208     0.001523 
   85.300000     0.000287    -0.000208     0.000495 
   85.400000     0.001246    -0.000208     0.001454 
   85.500000    -0.002769    -0.000208    -0.002561 
   85.600000    -0.003392    -0.000208    -0.003184 
   85.700000    -0.005700    -0.000208    -0.005492 
   85.800000    -0.009254    -0.000208    -0.009046 
   85.900000    -0.000741    -0.000208    -0.000533 
   86.000000    -0.004923    -0.000208    -0.004715 
   86.100000    -0.001735    -0.000208    -0.001527 
   86.200000     0.000149    -0.000208     0.000357 
   86.300000     0.004286    -0.000208     0.004494 
   86.400000     0.002539    -0.000208     0.002747 
   86.500000    -0.000909    -0.000208    -0.000701 
   86.600000    -0.003457    -0.000208    -0.003249 
   86.700000    -0.005005    -0.000208    -0.004797 
   86.800000    -0.010063    -0.000208    -0.009855 
   86.900000    -0.006795    -0.000208    -0.006587 
   87.000000    -0.008695    -0.000208    -0.008487 
   87.100000    -0.011241    -0.000208    -0.011033 
   87.200000    -0.008252    -0.000208    -0.008044 
   87.300000    -0.009451    -0.000208    -0.009243 
   87.400000     0.003991    -0.000208     0.004199 
   87.500000     0.001933    -0.000208     0.002141 
   87.600000     0.002026    -0.000208     0.002234 
   87.700000    -0.004097    -0.000208    -0.003889 
   87.800000    -0.000235    -0.000208    -0.000027 
   87.900000     0.003906    -0.000208     0.004114 
   88.000000     0.001387    -0.000208     0.001595 
   88.100000     0.001740    -0.000208     0.001948 
   88.200000     0.001369    -0.000208     0.001577 
   88.300000    -0.004009    -0.000208    -0.003801 
   88.400000    -0.000700    -0.000208    -0.000492 
   88.500000     0.002767    -0.000208     0.002975 
   88.600000    -0.004891    -0.000208    -0.004683 
   88.700000    -0.000718    -0.000208    -0.000510 
   88.800000     0.001775    -0.000208     0.001983 
   88.900000    -0.002817    -0.000208    -0.002609 
   89.000000    -0.006466    -0.000208    -0.006258 
   89.100000    -0.009607    -0.000208    -0.009399 
   89.200000    -0.003522    -0.000208    -0.003314 
   89.300000    -0.003085    -0.000208    -0.002877 
   89.400000    -0.001480    -0.000208    -0.001272 
   89.500000    -0.002436    -0.000208    -0.002228 
   89.600000    -0.002339    -0.000208    -0.002131 
   89.700000    -0.002216    -0.000208    -0.002008 
   89.800000    -0.003189    -0.000208    -0.002981 
   89.900000    -0.005755    -0.000208    -0.005547 
   90.000000     0.002989    -0.000208     0.003197 
   90.100000    -0.001038    -0.000208    -0.000830 
   90.200000    -0.000974    -0.000208    -0.000766 
   90.300000    -0.008010    -0.000208    -0.007802 
   90.400000    -0.004201    -0.000208    -0.003993 
   90.500000    -0.001211    -0.000208    -0.001003 
   90.600000    -0.000181    -0.000208     0.000027 
   90.700000     0.002465    -0.000208     0.002673 
   90.800000    -0.004583    -0.000208    -0.004375 
   90.900000    -0.002760    -0.000208    -0.002552 
   91.000000     0.002513    -0.000208     0.002721 
   91.100000    -0.001465    -0.000208    -0.001257 
   91.200000    -0.002236    -0.000208    -0.002028 
   91.300000     0.003401    -0.000208     0.003609 
   91.400000    -0.006935    -0.000208    -0.006727 
   91.500000    -0.004371    -0.000208    -0.004163 
   91.600000    -0.000145    -0.000208     0.000063 
   91.700000    -0.001892    -0.000208    -0.001684 
   91.800000     0.000720    -0.000208     0.000928 
   91.900000     0.002305    -0.000208     0.002513 
   92.000000    -0.000966    -0.000208    -0.000758 
   92.100000     0.000548    -0.000208     0.000756 
   92.200000     0.007753    -0.000208     0.007961 
   92.300000     0.003177    -0.000208     0.003385 
   92.400000    -0.006534    -0.000208    -0.006326 
   92.500000    -0.002750    -0.000208    -0.002542 
   92.600000     0.001667    -0.000208     0.001875 
   92.700000     0.004231    -0.000208     0.004439 
   92.800000     0.009402    -0.000208     0.009610 
   92.900000     0.008146    -0.000208     0.008354 
   93.000000    -0.000736    -0.000208    -0.000528 
   93.100000    -0.007644    -0.000208    -0.007436 
   93.200000    -0.006508    -0.000208    -0.006300 
   93.300000    -0.006781    -0.000208    -0.006573 
   93.400000    -0.000791    -0.000208    -0.000583 
   93.500000    -0.002958    -0.000208    -0.002750 
   93.600000     0.004303    -0.000208     0.004511 
   93.700000     0.007659    -0.000208     0.007867 
   93.800000     0.005086    -0.000208     0.005294 
   93.900000     0.005414    -0.000208     0.005622 
   94.000000     0.003007    -0.000208     0.003215 
   94.100000     0.005904    -0.000208     0.006112 
   94.200000     0.002322    -0.000208     0.002530 
   94.300000     0.005209    -0.000208     0.005417 
   94.400000    -0.000143    -0.000208     0.000065 
   94.500000     0.006196    -0.000208     0.006404 
   94.600000    -0.000009    -0.000208     0.000199 
   94.700000     0.004689    -0.000208     0.004897 
   94.800000    -0.001929    -0.000208    -0.001721 
   94.900000    -0.003463    -0.000208    -0.003255 
   95.000000    -0.000559    -0.000208    -0.000351 
   95.100000     0.000387    -0.000208     0.000595 
   95.200000     0.007961    -0.000208     0.008169 
   95.300000     0.006570    -0.000208     0.006778 
   95.400000     0.007394    -0.000208     0.007602 
   95.500000     0.001686    -0.000208     0.001894 
   95.600000     0.002792    -0.000208     0.003000 
   95.700000     0.003685    -0.000208     0.003893 
   95.800000    -0.000922    -0.000208    -0.000714 
   95.900000    -0.002261    -0.000208    -0.002053 
   96.000000    -0.000547    -0.000208    -0.000339 
   96.100000    -0.002831    -0.000208    -0.002623 
   96.200000    -0.000708    -0.000208    -0.000500 
   96.300000     0.002571    -0.000208     0.002779 
   96.400000     0.000666    -0.000208     0.000874 
   96.500000    -0.000525    -0.000208    -0.000317 
   96.600000    -0.000289    -0.000208    -0.000081 
   96.700000    -0.000084    -0.000208     0.000124 
   96.800000    -0.001206    -0.000208    -0.000998 
   96.900000    -0.002768    -0.000208    -0.002560 
   97.000000     0.002655    -0.000208     0.002863 
   97.100000    -0.000216    -0.000208    -0.000008 
   97.200000    -0.000021    -0.000208     0.000187 
   97.300000    -0.002652    -0.000208    -0.002444 
   97.400000    -0.003571    -0.000208    -0.003363 
   97.500000    -0.002413    -0.000208    -0.002205 
   97.600000     0.000569    -0.000208     0.000777 
   97.700000     0.000313    -0.000208     0.000521 
   97.800000     0.005238    -0.000208     0.005446 
   97.900000     0.008994    -0.000208     0.009202 
   98.000000     0.003295    -0.000208     0.003503 
   98.100000     0.002923    -0.000208     0.003131 
   98.200000     0.002010    -0.000208     0.002218 
   98.300000    -0.002309    -0.000208    -0.002101 
   98.400000    -0.001990    -0.000208    -0.001782 
   98.500000    -0.002839    -0.000208    -0.002631 
   98.600000    -0.002176    -0.000208    -0.001968 
   98.700000    -0.005792    -0.000208    -0.005584 
   98.800000    -0.002109    -0.000208    -0.001901 
   98.900000    -0.001183    -0.000208    -0.000975 
   99.000000     0.002043    -0.000208     0.002251 
   99.100000    -0.005841    -0.000208    -0.005633 
   99.200000    -0.001159    -0.000208    -0.000951 
   99.300000    -0.000607    -0.000208    -0.000399 
   99.400000    -0.004633    -0.000208    -0.004425 
   99.500000     0.000714    -0.000208     0.000922 
   99.600000     0.000063    -0.000208     0.000271 
   99.700000     0.004219    -0.000208     0.004427 
   99.800000    -0.005376    -0.000208    -0.005168 
   99.900000    -0.003946    -0.000208    -0.003738 
  100.000000    -0.000668    -0.000208    -0.000460 
