##fit: rolloffp.out
    0.500000     0.030064     0.027336     0.002728 
    0.600000     0.028731     0.026809     0.001922 
    0.700000     0.028519     0.026292     0.002227 
    0.800000     0.024370     0.025785    -0.001415 
    0.900000     0.026474     0.025287     0.001187 
    1.000000     0.025026     0.024799     0.000227 
    1.100000     0.023804     0.024320    -0.000516 
    1.200000     0.026732     0.023850     0.002882 
    1.300000     0.024873     0.023388     0.001485 
    1.400000     0.023226     0.022936     0.000290 
    1.500000     0.019438     0.022492    -0.003054 
    1.600000     0.020047     0.022056    -0.002009 
    1.700000     0.021962     0.021629     0.000333 
    1.800000     0.024174     0.021210     0.002964 
    1.900000     0.023033     0.020798     0.002235 
    2.000000     0.021074     0.020395     0.000679 
    2.100000     0.020655     0.019999     0.000656 
    2.200000     0.019874     0.019610     0.000264 
    2.300000     0.015339     0.019229    -0.003890 
    2.400000     0.015990     0.018855    -0.002865 
    2.500000     0.019404     0.018488     0.000916 
    2.600000     0.020050     0.018128     0.001922 
    2.700000     0.019038     0.017775     0.001263 
    2.800000     0.018837     0.017428     0.001409 
    2.900000     0.017301     0.017088     0.000213 
    3.000000     0.019019     0.016755     0.002264 
    3.100000     0.016567     0.016428     0.000139 
    3.200000     0.013779     0.016106    -0.002327 
    3.300000     0.012009     0.015791    -0.003782 
    3.400000     0.009016     0.015482    -0.006466 
    3.500000     0.014651     0.015179    -0.000528 
    3.600000     0.013308     0.014882    -0.001574 
    3.700000     0.014698     0.014590     0.000108 
    3.800000     0.015737     0.014303     0.001434 
    3.900000     0.014297     0.014022     0.000275 
    4.000000     0.013572     0.013747    -0.000175 
    4.100000     0.010496     0.013476    -0.002980 
    4.200000     0.010525     0.013211    -0.002686 
    4.300000     0.009721     0.012950    -0.003229 
    4.400000     0.011341     0.012695    -0.001354 
    4.500000     0.010451     0.012444    -0.001993 
    4.600000     0.012385     0.012198     0.000187 
    4.700000     0.012614     0.011957     0.000657 
    4.800000     0.009837     0.011721    -0.001884 
    4.900000     0.009455     0.011488    -0.002033 
    5.000000     0.011077     0.011260    -0.000183 
    5.100000     0.010555     0.011037    -0.000482 
    5.200000     0.010440     0.010818    -0.000378 
    5.300000     0.007457     0.010602    -0.003145 
    5.400000     0.009142     0.010391    -0.001249 
    5.500000     0.009531     0.010184    -0.000653 
    5.600000     0.009251     0.009981    -0.000730 
    5.700000     0.007884     0.009782    -0.001898 
    5.800000     0.012554     0.009586     0.002968 
    5.900000     0.008431     0.009394    -0.000963 
    6.000000     0.007088     0.009206    -0.002118 
    6.100000     0.011981     0.009021     0.002960 
    6.200000     0.007526     0.008840    -0.001314 
    6.300000     0.009293     0.008662     0.000631 
    6.400000     0.009085     0.008487     0.000598 
    6.500000     0.006694     0.008316    -0.001622 
    6.600000     0.009304     0.008148     0.001156 
    6.700000     0.005547     0.007983    -0.002436 
    6.800000     0.008175     0.007822     0.000353 
    6.900000     0.010326     0.007663     0.002663 
    7.000000     0.009516     0.007508     0.002008 
    7.100000     0.010199     0.007355     0.002844 
    7.200000     0.006429     0.007205    -0.000776 
    7.300000     0.006509     0.007058    -0.000549 
    7.400000     0.009630     0.006914     0.002716 
    7.500000     0.008377     0.006772     0.001605 
    7.600000     0.003497     0.006634    -0.003137 
    7.700000     0.006213     0.006497    -0.000284 
    7.800000     0.000451     0.006364    -0.005913 
    7.900000     0.000595     0.006233    -0.005638 
    8.000000     0.002160     0.006104    -0.003944 
    8.100000     0.002401     0.005978    -0.003577 
    8.200000     0.001934     0.005854    -0.003920 
    8.300000     0.002840     0.005733    -0.002893 
    8.400000     0.004980     0.005613    -0.000633 
    8.500000     0.005311     0.005497    -0.000186 
    8.600000     0.005436     0.005382     0.000054 
    8.700000     0.001525     0.005269    -0.003744 
    8.800000     0.004704     0.005159    -0.000455 
    8.900000     0.002005     0.005050    -0.003045 
    9.000000     0.007138     0.004944     0.002194 
    9.100000     0.007988     0.004840     0.003148 
    9.200000     0.010181     0.004738     0.005443 
    9.300000     0.010113     0.004637     0.005476 
    9.400000     0.006262     0.004539     0.001723 
    9.500000     0.010533     0.004442     0.006091 
    9.600000     0.009357     0.004347     0.005010 
    9.700000     0.010712     0.004254     0.006458 
    9.800000     0.009581     0.004163     0.005418 
    9.900000     0.007132     0.004073     0.003059 
   10.000000     0.004007     0.003986     0.000021 
   10.100000     0.003295     0.003899    -0.000604 
   10.200000     0.004696     0.003815     0.000881 
   10.300000     0.006426     0.003732     0.002694 
   10.400000     0.006899     0.003650     0.003249 
   10.500000     0.002879     0.003571    -0.000692 
   10.600000    -0.000649     0.003492    -0.004141 
   10.700000     0.005121     0.003415     0.001706 
   10.800000     0.002539     0.003340    -0.000801 
   10.900000     0.002923     0.003266    -0.000343 
   11.000000     0.006480     0.003193     0.003287 
   11.100000     0.005572     0.003122     0.002450 
   11.200000     0.007816     0.003052     0.004764 
   11.300000     0.008513     0.002984     0.005529 
   11.400000     0.004863     0.002916     0.001947 
   11.500000     0.005537     0.002850     0.002687 
   11.600000     0.002460     0.002785    -0.000325 
   11.700000     0.002108     0.002722    -0.000614 
   11.800000     0.000925     0.002660    -0.001735 
   11.900000     0.000793     0.002598    -0.001805 
   12.000000     0.002423     0.002538    -0.000115 
   12.100000     0.002092     0.002480    -0.000388 
   12.200000     0.003840     0.002422     0.001418 
   12.300000     0.003239     0.002365     0.000874 
   12.400000     0.001444     0.002310    -0.000866 
   12.500000     0.002031     0.002255    -0.000224 
   12.600000     0.002495     0.002201     0.000294 
   12.700000     0.004161     0.002149     0.002012 
   12.800000     0.006608     0.002097     0.004511 
   12.900000     0.002691     0.002047     0.000644 
   13.000000     0.000183     0.001997    -0.001814 
   13.100000     0.004474     0.001949     0.002525 
   13.200000     0.003517     0.001901     0.001616 
   13.300000     0.003591     0.001854     0.001737 
   13.400000     0.001155     0.001808    -0.000653 
   13.500000    -0.002241     0.001763    -0.004004 
   13.600000     0.000025     0.001719    -0.001694 
   13.700000     0.000836     0.001675    -0.000839 
   13.800000    -0.000695     0.001633    -0.002328 
   13.900000     0.002313     0.001591     0.000722 
   14.000000     0.000819     0.001550    -0.000731 
   14.100000     0.001333     0.001510    -0.000177 
   14.200000     0.000897     0.001470    -0.000573 
   14.300000     0.001508     0.001432     0.000076 
   14.400000    -0.000347     0.001394    -0.001741 
   14.500000     0.000692     0.001356    -0.000664 
   14.600000     0.003162     0.001320     0.001842 
   14.700000     0.005771     0.001284     0.004487 
   14.800000     0.005169     0.001249     0.003920 
   14.900000     0.001557     0.001214     0.000343 
   15.000000     0.002330     0.001180     0.001150 
   15.100000     0.003741     0.001147     0.002594 
   15.200000     0.001898     0.001115     0.000783 
   15.300000     0.005651     0.001083     0.004568 
   15.400000     0.008284     0.001051     0.007233 
   15.500000     0.003629     0.001020     0.002609 
   15.600000     0.001932     0.000990     0.000942 
   15.700000     0.003554     0.000961     0.002593 
   15.800000     0.001399     0.000931     0.000468 
   15.900000    -0.001731     0.000903    -0.002634 
   16.000000    -0.003245     0.000875    -0.004120 
   16.100000    -0.000033     0.000847    -0.000880 
   16.200000    -0.000716     0.000820    -0.001536 
   16.300000    -0.000258     0.000794    -0.001052 
   16.400000    -0.000980     0.000768    -0.001748 
   16.500000     0.001361     0.000743     0.000618 
   16.600000     0.003316     0.000718     0.002598 
   16.700000     0.008655     0.000693     0.007962 
   16.800000     0.003135     0.000669     0.002466 
   16.900000     0.001121     0.000646     0.000475 
   17.000000     0.001450     0.000622     0.000828 
   17.100000    -0.000812     0.000600    -0.001412 
   17.200000    -0.001679     0.000577    -0.002256 
   17.300000     0.003212     0.000556     0.002656 
   17.400000    -0.000136     0.000534    -0.000670 
   17.500000     0.007475     0.000513     0.006962 
   17.600000     0.002642     0.000492     0.002150 
   17.700000     0.002552     0.000472     0.002080 
   17.800000     0.000394     0.000452    -0.000058 
   17.900000    -0.002609     0.000433    -0.003042 
   18.000000     0.000227     0.000414    -0.000187 
   18.100000     0.001274     0.000395     0.000879 
   18.200000     0.000678     0.000377     0.000301 
   18.300000     0.004736     0.000359     0.004377 
   18.400000     0.001538     0.000341     0.001197 
   18.500000    -0.001741     0.000323    -0.002064 
   18.600000     0.000585     0.000306     0.000279 
   18.700000     0.002694     0.000290     0.002404 
   18.800000     0.000370     0.000273     0.000097 
   18.900000    -0.000722     0.000257    -0.000979 
   19.000000    -0.000164     0.000241    -0.000405 
   19.100000    -0.001845     0.000226    -0.002071 
   19.200000     0.000164     0.000211    -0.000047 
   19.300000     0.000872     0.000196     0.000676 
   19.400000    -0.000997     0.000181    -0.001178 
   19.500000     0.005694     0.000167     0.005527 
   19.600000     0.005230     0.000153     0.005077 
   19.700000     0.004332     0.000139     0.004193 
   19.800000    -0.001438     0.000125    -0.001563 
   19.900000     0.001238     0.000112     0.001126 
   20.000000    -0.003365     0.000099    -0.003464 
   20.100000    -0.004834     0.000086    -0.004920 
   20.200000     0.001265     0.000073     0.001192 
   20.300000    -0.001465     0.000061    -0.001526 
   20.400000    -0.001449     0.000049    -0.001498 
   20.500000    -0.002059     0.000037    -0.002096 
   20.600000    -0.005624     0.000025    -0.005649 
   20.700000    -0.001912     0.000014    -0.001926 
   20.800000    -0.001703     0.000003    -0.001706 
   20.900000    -0.005134    -0.000008    -0.005126 
   21.000000    -0.004634    -0.000019    -0.004615 
   21.100000    -0.005645    -0.000030    -0.005615 
   21.200000    -0.002022    -0.000040    -0.001982 
   21.300000    -0.005212    -0.000050    -0.005162 
   21.400000     0.000395    -0.000060     0.000455 
   21.500000     0.000574    -0.000070     0.000644 
   21.600000    -0.001421    -0.000080    -0.001341 
   21.700000     0.000522    -0.000089     0.000611 
   21.800000    -0.004828    -0.000098    -0.004730 
   21.900000    -0.000886    -0.000107    -0.000779 
   22.000000    -0.002761    -0.000116    -0.002645 
   22.100000    -0.005015    -0.000125    -0.004890 
   22.200000     0.000233    -0.000134     0.000367 
   22.300000    -0.003372    -0.000142    -0.003230 
   22.400000    -0.002736    -0.000150    -0.002586 
   22.500000     0.002648    -0.000159     0.002807 
   22.600000     0.008587    -0.000166     0.008753 
   22.700000     0.000693    -0.000174     0.000867 
   22.800000     0.001283    -0.000182     0.001465 
   22.900000     0.000559    -0.000189     0.000748 
   23.000000    -0.001645    -0.000197    -0.001448 
   23.100000     0.000733    -0.000204     0.000937 
   23.200000    -0.000218    -0.000211    -0.000007 
   23.300000     0.002802    -0.000218     0.003020 
   23.400000     0.002193    -0.000225     0.002418 
   23.500000    -0.002819    -0.000232    -0.002587 
   23.600000    -0.007783    -0.000238    -0.007545 
   23.700000    -0.002203    -0.000245    -0.001958 
   23.800000     0.001911    -0.000251     0.002162 
   23.900000    -0.000845    -0.000257    -0.000588 
   24.000000    -0.000916    -0.000263    -0.000653 
   24.100000    -0.000226    -0.000269     0.000043 
   24.200000    -0.000216    -0.000275     0.000059 
   24.300000    -0.002809    -0.000281    -0.002528 
   24.400000    -0.003644    -0.000287    -0.003357 
   24.500000     0.002316    -0.000292     0.002608 
   24.600000     0.001421    -0.000298     0.001719 
   24.700000    -0.001129    -0.000303    -0.000826 
   24.800000    -0.002970    -0.000308    -0.002662 
   24.900000     0.001728    -0.000313     0.002041 
   25.000000     0.001589    -0.000318     0.001907 
   25.100000     0.000680    -0.000323     0.001003 
   25.200000    -0.001992    -0.000328    -0.001664 
   25.300000    -0.002267    -0.000333    -0.001934 
   25.400000    -0.002331    -0.000338    -0.001993 
   25.500000    -0.001252    -0.000342    -0.000910 
   25.600000    -0.003966    -0.000347    -0.003619 
   25.700000     0.001255    -0.000351     0.001606 
   25.800000     0.001091    -0.000355     0.001446 
   25.900000    -0.005269    -0.000360    -0.004909 
   26.000000    -0.001841    -0.000364    -0.001477 
   26.100000    -0.003355    -0.000368    -0.002987 
   26.200000     0.001299    -0.000372     0.001671 
   26.300000    -0.001001    -0.000376    -0.000625 
   26.400000     0.002192    -0.000380     0.002572 
   26.500000     0.003714    -0.000383     0.004097 
   26.600000    -0.001235    -0.000387    -0.000848 
   26.700000    -0.001197    -0.000391    -0.000806 
   26.800000    -0.003823    -0.000394    -0.003429 
   26.900000     0.001941    -0.000398     0.002339 
   27.000000     0.003842    -0.000401     0.004243 
   27.100000     0.001417    -0.000405     0.001822 
   27.200000    -0.001174    -0.000408    -0.000766 
   27.300000     0.000123    -0.000411     0.000534 
   27.400000     0.001994    -0.000414     0.002408 
   27.500000    -0.001922    -0.000418    -0.001504 
   27.600000     0.000385    -0.000421     0.000806 
   27.700000    -0.001094    -0.000424    -0.000670 
   27.800000    -0.000993    -0.000427    -0.000566 
   27.900000    -0.001455    -0.000429    -0.001026 
   28.000000     0.002419    -0.000432     0.002851 
   28.100000    -0.006382    -0.000435    -0.005947 
   28.200000    -0.007854    -0.000438    -0.007416 
   28.300000    -0.003292    -0.000440    -0.002852 
   28.400000    -0.000877    -0.000443    -0.000434 
   28.500000    -0.001385    -0.000446    -0.000939 
   28.600000    -0.002087    -0.000448    -0.001639 
   28.700000     0.003386    -0.000451     0.003837 
   28.800000     0.000940    -0.000453     0.001393 
   28.900000    -0.001380    -0.000456    -0.000924 
   29.000000    -0.001140    -0.000458    -0.000682 
   29.100000    -0.006605    -0.000460    -0.006145 
   29.200000    -0.001740    -0.000462    -0.001278 
   29.300000     0.000058    -0.000465     0.000523 
   29.400000    -0.000449    -0.000467     0.000018 
   29.500000    -0.003973    -0.000469    -0.003504 
   29.600000    -0.001748    -0.000471    -0.001277 
   29.700000    -0.003456    -0.000473    -0.002983 
   29.800000     0.000681    -0.000475     0.001156 
   29.900000    -0.001813    -0.000477    -0.001336 
   30.000000    -0.001870    -0.000479    -0.001391 
   30.100000     0.000551    -0.000481     0.001032 
   30.200000    -0.003700    -0.000483    -0.003217 
   30.300000    -0.003702    -0.000485    -0.003217 
   30.400000    -0.003231    -0.000487    -0.002744 
   30.500000     0.000483    -0.000488     0.000971 
   30.600000    -0.004342    -0.000490    -0.003852 
   30.700000    -0.003386    -0.000492    -0.002894 
   30.800000    -0.002602    -0.000493    -0.002109 
   30.900000     0.000796    -0.000495     0.001291 
   31.000000     0.000202    -0.000497     0.000699 
   31.100000    -0.004506    -0.000498    -0.004008 
   31.200000    -0.006050    -0.000500    -0.005550 
   31.300000    -0.005228    -0.000501    -0.004727 
   31.400000    -0.005973    -0.000503    -0.005470 
   31.500000    -0.004629    -0.000504    -0.004125 
   31.600000    -0.007384    -0.000506    -0.006878 
   31.700000    -0.004498    -0.000507    -0.003991 
   31.800000    -0.002469    -0.000508    -0.001961 
   31.900000    -0.001121    -0.000510    -0.000611 
   32.000000    -0.006868    -0.000511    -0.006357 
   32.100000    -0.001712    -0.000512    -0.001200 
   32.200000    -0.004391    -0.000514    -0.003877 
   32.300000    -0.000704    -0.000515    -0.000189 
   32.400000    -0.006246    -0.000516    -0.005730 
   32.500000    -0.001777    -0.000517    -0.001260 
   32.600000    -0.003542    -0.000519    -0.003023 
   32.700000    -0.007137    -0.000520    -0.006617 
   32.800000    -0.005588    -0.000521    -0.005067 
   32.900000    -0.002936    -0.000522    -0.002414 
   33.000000     0.000296    -0.000523     0.000819 
   33.100000    -0.008048    -0.000524    -0.007524 
   33.200000    -0.008171    -0.000525    -0.007646 
   33.300000    -0.001208    -0.000526    -0.000682 
   33.400000    -0.002176    -0.000527    -0.001649 
   33.500000    -0.001333    -0.000528    -0.000805 
   33.600000     0.001478    -0.000529     0.002007 
   33.700000    -0.002706    -0.000530    -0.002176 
   33.800000    -0.002611    -0.000531    -0.002080 
   33.900000    -0.001132    -0.000532    -0.000600 
   34.000000    -0.005120    -0.000533    -0.004587 
   34.100000    -0.000553    -0.000534    -0.000019 
   34.200000     0.001272    -0.000535     0.001807 
   34.300000     0.000066    -0.000536     0.000602 
   34.400000     0.000261    -0.000536     0.000797 
   34.500000    -0.001217    -0.000537    -0.000680 
   34.600000    -0.003778    -0.000538    -0.003240 
   34.700000    -0.000952    -0.000539    -0.000413 
   34.800000     0.003199    -0.000540     0.003739 
   34.900000    -0.002552    -0.000540    -0.002012 
   35.000000     0.001554    -0.000541     0.002095 
   35.100000    -0.001922    -0.000542    -0.001380 
   35.200000    -0.005711    -0.000543    -0.005168 
   35.300000    -0.004383    -0.000543    -0.003840 
   35.400000    -0.002449    -0.000544    -0.001905 
   35.500000     0.000543    -0.000545     0.001088 
   35.600000    -0.000148    -0.000545     0.000397 
   35.700000    -0.003136    -0.000546    -0.002590 
   35.800000    -0.002836    -0.000547    -0.002289 
   35.900000    -0.005806    -0.000547    -0.005259 
   36.000000    -0.002915    -0.000548    -0.002367 
   36.100000    -0.006322    -0.000548    -0.005774 
   36.200000    -0.004556    -0.000549    -0.004007 
   36.300000    -0.002902    -0.000550    -0.002352 
   36.400000    -0.001751    -0.000550    -0.001201 
   36.500000    -0.001422    -0.000551    -0.000871 
   36.600000    -0.001457    -0.000551    -0.000906 
   36.700000    -0.003347    -0.000552    -0.002795 
   36.800000    -0.002360    -0.000552    -0.001808 
   36.900000    -0.004804    -0.000553    -0.004251 
   37.000000    -0.007392    -0.000553    -0.006839 
   37.100000    -0.004430    -0.000554    -0.003876 
   37.200000    -0.003209    -0.000554    -0.002655 
   37.300000    -0.000146    -0.000555     0.000409 
   37.400000     0.000648    -0.000555     0.001203 
   37.500000    -0.000654    -0.000556    -0.000098 
   37.600000    -0.002324    -0.000556    -0.001768 
   37.700000    -0.001903    -0.000557    -0.001346 
   37.800000    -0.003844    -0.000557    -0.003287 
   37.900000    -0.002808    -0.000558    -0.002250 
   38.000000    -0.001993    -0.000558    -0.001435 
   38.100000    -0.002177    -0.000558    -0.001619 
   38.200000    -0.002660    -0.000559    -0.002101 
   38.300000    -0.001257    -0.000559    -0.000698 
   38.400000     0.000852    -0.000560     0.001412 
   38.500000     0.004118    -0.000560     0.004678 
   38.600000    -0.000259    -0.000560     0.000301 
   38.700000    -0.002015    -0.000561    -0.001454 
   38.800000    -0.010012    -0.000561    -0.009451 
   38.900000    -0.007091    -0.000562    -0.006529 
   39.000000    -0.004948    -0.000562    -0.004386 
   39.100000     0.003550    -0.000562     0.004112 
   39.200000    -0.000259    -0.000563     0.000304 
   39.300000    -0.001880    -0.000563    -0.001317 
   39.400000     0.000929    -0.000563     0.001492 
   39.500000    -0.000013    -0.000564     0.000551 
   39.600000    -0.007161    -0.000564    -0.006597 
   39.700000    -0.002839    -0.000564    -0.002275 
   39.800000    -0.000152    -0.000564     0.000412 
   39.900000    -0.002739    -0.000565    -0.002174 
   40.000000     0.001434    -0.000565     0.001999 
   40.100000    -0.005790    -0.000565    -0.005225 
   40.200000     0.000575    -0.000566     0.001141 
   40.300000    -0.000403    -0.000566     0.000163 
   40.400000     0.001886    -0.000566     0.002452 
   40.500000    -0.002914    -0.000566    -0.002348 
   40.600000    -0.000676    -0.000567    -0.000109 
   40.700000    -0.003268    -0.000567    -0.002701 
   40.800000    -0.001650    -0.000567    -0.001083 
   40.900000    -0.001168    -0.000567    -0.000601 
   41.000000    -0.002111    -0.000568    -0.001543 
   41.100000    -0.003160    -0.000568    -0.002592 
   41.200000    -0.003892    -0.000568    -0.003324 
   41.300000    -0.003642    -0.000568    -0.003074 
   41.400000    -0.001639    -0.000569    -0.001070 
   41.500000    -0.004690    -0.000569    -0.004121 
   41.600000    -0.000509    -0.000569     0.000060 
   41.700000    -0.006169    -0.000569    -0.005600 
   41.800000    -0.006837    -0.000569    -0.006268 
   41.900000    -0.003438    -0.000570    -0.002868 
   42.000000    -0.003597    -0.000570    -0.003027 
   42.100000    -0.003396    -0.000570    -0.002826 
   42.200000    -0.004894    -0.000570    -0.004324 
   42.300000    -0.004859    -0.000570    -0.004289 
   42.400000    -0.005641    -0.000571    -0.005070 
   42.500000    -0.006645    -0.000571    -0.006074 
   42.600000    -0.002725    -0.000571    -0.002154 
   42.700000    -0.003270    -0.000571    -0.002699 
   42.800000    -0.001113    -0.000571    -0.000542 
   42.900000    -0.002971    -0.000571    -0.002400 
   43.000000    -0.001889    -0.000572    -0.001317 
   43.100000    -0.002741    -0.000572    -0.002169 
   43.200000    -0.005865    -0.000572    -0.005293 
   43.300000    -0.005649    -0.000572    -0.005077 
   43.400000    -0.008857    -0.000572    -0.008285 
   43.500000    -0.004203    -0.000572    -0.003631 
   43.600000    -0.003752    -0.000572    -0.003180 
   43.700000    -0.004558    -0.000573    -0.003985 
   43.800000    -0.001443    -0.000573    -0.000870 
   43.900000    -0.005982    -0.000573    -0.005409 
   44.000000    -0.007466    -0.000573    -0.006893 
   44.100000    -0.003335    -0.000573    -0.002762 
   44.200000     0.005240    -0.000573     0.005813 
   44.300000     0.002350    -0.000573     0.002923 
   44.400000    -0.002432    -0.000574    -0.001858 
   44.500000     0.000836    -0.000574     0.001410 
   44.600000    -0.002948    -0.000574    -0.002374 
   44.700000    -0.001407    -0.000574    -0.000833 
   44.800000     0.000921    -0.000574     0.001495 
   44.900000     0.000203    -0.000574     0.000777 
   45.000000    -0.000229    -0.000574     0.000345 
   45.100000    -0.001969    -0.000574    -0.001395 
   45.200000    -0.001820    -0.000574    -0.001246 
   45.300000     0.003539    -0.000575     0.004114 
   45.400000     0.003183    -0.000575     0.003758 
   45.500000     0.001856    -0.000575     0.002431 
   45.600000     0.004735    -0.000575     0.005310 
   45.700000     0.005238    -0.000575     0.005813 
   45.800000     0.000674    -0.000575     0.001249 
   45.900000     0.002121    -0.000575     0.002696 
   46.000000    -0.002833    -0.000575    -0.002258 
   46.100000    -0.003581    -0.000575    -0.003006 
   46.200000    -0.001495    -0.000575    -0.000920 
   46.300000     0.000096    -0.000576     0.000672 
   46.400000    -0.002749    -0.000576    -0.002173 
   46.500000     0.004196    -0.000576     0.004772 
   46.600000     0.003972    -0.000576     0.004548 
   46.700000     0.000180    -0.000576     0.000756 
   46.800000    -0.002548    -0.000576    -0.001972 
   46.900000    -0.002859    -0.000576    -0.002283 
   47.000000    -0.000403    -0.000576     0.000173 
   47.100000    -0.002164    -0.000576    -0.001588 
   47.200000     0.000867    -0.000576     0.001443 
   47.300000    -0.002505    -0.000576    -0.001929 
   47.400000    -0.005537    -0.000576    -0.004961 
   47.500000     0.000944    -0.000576     0.001520 
   47.600000     0.001805    -0.000577     0.002382 
   47.700000     0.002461    -0.000577     0.003038 
   47.800000    -0.003208    -0.000577    -0.002631 
   47.900000    -0.002613    -0.000577    -0.002036 
   48.000000    -0.004509    -0.000577    -0.003932 
   48.100000    -0.000120    -0.000577     0.000457 
   48.200000     0.000633    -0.000577     0.001210 
   48.300000     0.000959    -0.000577     0.001536 
   48.400000    -0.000705    -0.000577    -0.000128 
   48.500000     0.003144    -0.000577     0.003721 
   48.600000     0.002325    -0.000577     0.002902 
   48.700000     0.000650    -0.000577     0.001227 
   48.800000     0.002199    -0.000577     0.002776 
   48.900000    -0.000026    -0.000577     0.000551 
   49.000000     0.004405    -0.000577     0.004982 
   49.100000    -0.001248    -0.000577    -0.000671 
   49.200000    -0.000618    -0.000577    -0.000041 
   49.300000     0.004528    -0.000577     0.005105 
   49.400000    -0.000849    -0.000578    -0.000271 
   49.500000     0.001396    -0.000578     0.001974 
   49.600000     0.003439    -0.000578     0.004017 
   49.700000    -0.001674    -0.000578    -0.001096 
   49.800000    -0.002341    -0.000578    -0.001763 
   49.900000     0.002038    -0.000578     0.002616 
   50.000000    -0.004184    -0.000578    -0.003606 
   50.100000    -0.002096    -0.000578    -0.001518 
   50.200000     0.004056    -0.000578     0.004634 
   50.300000    -0.001045    -0.000578    -0.000467 
   50.400000     0.002080    -0.000578     0.002658 
   50.500000    -0.001001    -0.000578    -0.000423 
   50.600000     0.001162    -0.000578     0.001740 
   50.700000    -0.000849    -0.000578    -0.000271 
   50.800000     0.004487    -0.000578     0.005065 
   50.900000     0.001557    -0.000578     0.002135 
   51.000000     0.003633    -0.000578     0.004211 
   51.100000     0.004652    -0.000578     0.005230 
   51.200000     0.000683    -0.000578     0.001261 
   51.300000    -0.001799    -0.000578    -0.001221 
   51.400000    -0.005023    -0.000578    -0.004445 
   51.500000    -0.001669    -0.000578    -0.001091 
   51.600000     0.000462    -0.000578     0.001040 
   51.700000     0.006723    -0.000578     0.007301 
   51.800000    -0.000156    -0.000578     0.000422 
   51.900000     0.005228    -0.000578     0.005806 
   52.000000    -0.001626    -0.000579    -0.001047 
   52.100000    -0.000115    -0.000579     0.000464 
   52.200000    -0.001040    -0.000579    -0.000461 
   52.300000     0.000423    -0.000579     0.001002 
   52.400000     0.002650    -0.000579     0.003229 
   52.500000     0.005486    -0.000579     0.006065 
   52.600000     0.001937    -0.000579     0.002516 
   52.700000    -0.001468    -0.000579    -0.000889 
   52.800000     0.003798    -0.000579     0.004377 
   52.900000     0.003582    -0.000579     0.004161 
   53.000000    -0.000281    -0.000579     0.000298 
   53.100000     0.001908    -0.000579     0.002487 
   53.200000    -0.000338    -0.000579     0.000241 
   53.300000     0.002579    -0.000579     0.003158 
   53.400000     0.004832    -0.000579     0.005411 
   53.500000     0.001991    -0.000579     0.002570 
   53.600000     0.000404    -0.000579     0.000983 
   53.700000     0.002705    -0.000579     0.003284 
   53.800000     0.001662    -0.000579     0.002241 
   53.900000     0.004783    -0.000579     0.005362 
   54.000000    -0.002098    -0.000579    -0.001519 
   54.100000    -0.002801    -0.000579    -0.002222 
   54.200000    -0.003607    -0.000579    -0.003028 
   54.300000     0.003210    -0.000579     0.003789 
   54.400000     0.003701    -0.000579     0.004280 
   54.500000    -0.000888    -0.000579    -0.000309 
   54.600000    -0.003679    -0.000579    -0.003100 
   54.700000    -0.001028    -0.000579    -0.000449 
   54.800000    -0.003691    -0.000579    -0.003112 
   54.900000     0.000188    -0.000579     0.000767 
   55.000000     0.000851    -0.000579     0.001430 
   55.100000    -0.000174    -0.000579     0.000405 
   55.200000    -0.001099    -0.000579    -0.000520 
   55.300000     0.001218    -0.000579     0.001797 
   55.400000    -0.002837    -0.000579    -0.002258 
   55.500000    -0.004277    -0.000579    -0.003698 
   55.600000     0.002213    -0.000579     0.002792 
   55.700000     0.001370    -0.000579     0.001949 
   55.800000    -0.003194    -0.000579    -0.002615 
   55.900000     0.004925    -0.000579     0.005504 
   56.000000     0.001429    -0.000579     0.002008 
   56.100000     0.003445    -0.000579     0.004024 
   56.200000     0.004683    -0.000579     0.005262 
   56.300000     0.002716    -0.000579     0.003295 
   56.400000    -0.000267    -0.000579     0.000312 
   56.500000     0.002024    -0.000579     0.002603 
   56.600000     0.002540    -0.000579     0.003119 
   56.700000    -0.001552    -0.000579    -0.000973 
   56.800000     0.002789    -0.000579     0.003368 
   56.900000     0.003427    -0.000579     0.004006 
   57.000000     0.003412    -0.000579     0.003991 
   57.100000     0.004801    -0.000579     0.005380 
   57.200000     0.006313    -0.000579     0.006892 
   57.300000     0.006761    -0.000579     0.007340 
   57.400000     0.004016    -0.000579     0.004595 
   57.500000     0.005600    -0.000579     0.006179 
   57.600000     0.006110    -0.000580     0.006690 
   57.700000    -0.001029    -0.000580    -0.000449 
   57.800000     0.001694    -0.000580     0.002274 
   57.900000     0.002081    -0.000580     0.002661 
   58.000000     0.004364    -0.000580     0.004944 
   58.100000     0.003187    -0.000580     0.003767 
   58.200000     0.001155    -0.000580     0.001735 
   58.300000    -0.000590    -0.000580    -0.000010 
   58.400000     0.001137    -0.000580     0.001717 
   58.500000    -0.005669    -0.000580    -0.005089 
   58.600000    -0.001934    -0.000580    -0.001354 
   58.700000    -0.001547    -0.000580    -0.000967 
   58.800000    -0.000973    -0.000580    -0.000393 
   58.900000     0.001154    -0.000580     0.001734 
   59.000000     0.006736    -0.000580     0.007316 
   59.100000    -0.001594    -0.000580    -0.001014 
   59.200000     0.000781    -0.000580     0.001361 
   59.300000     0.004810    -0.000580     0.005390 
   59.400000     0.002852    -0.000580     0.003432 
   59.500000    -0.001428    -0.000580    -0.000848 
   59.600000    -0.003647    -0.000580    -0.003067 
   59.700000    -0.002803    -0.000580    -0.002223 
   59.800000     0.005711    -0.000580     0.006291 
   59.900000    -0.000111    -0.000580     0.000469 
   60.000000     0.001228    -0.000580     0.001808 
   60.100000    -0.001290    -0.000580    -0.000710 
   60.200000    -0.005617    -0.000580    -0.005037 
   60.300000    -0.004187    -0.000580    -0.003607 
   60.400000    -0.000749    -0.000580    -0.000169 
   60.500000     0.005588    -0.000580     0.006168 
   60.600000    -0.001118    -0.000580    -0.000538 
   60.700000     0.002029    -0.000580     0.002609 
   60.800000     0.004432    -0.000580     0.005012 
   60.900000    -0.000253    -0.000580     0.000327 
   61.000000     0.001174    -0.000580     0.001754 
   61.100000    -0.003436    -0.000580    -0.002856 
   61.200000     0.000109    -0.000580     0.000689 
   61.300000     0.001638    -0.000580     0.002218 
   61.400000     0.000614    -0.000580     0.001194 
   61.500000    -0.004635    -0.000580    -0.004055 
   61.600000     0.000050    -0.000580     0.000630 
   61.700000     0.002850    -0.000580     0.003430 
   61.800000     0.006996    -0.000580     0.007576 
   61.900000     0.005399    -0.000580     0.005979 
   62.000000     0.002660    -0.000580     0.003240 
   62.100000     0.003354    -0.000580     0.003934 
   62.200000     0.000371    -0.000580     0.000951 
   62.300000     0.000537    -0.000580     0.001117 
   62.400000    -0.000675    -0.000580    -0.000095 
   62.500000     0.007358    -0.000580     0.007938 
   62.600000    -0.000118    -0.000580     0.000462 
   62.700000     0.007155    -0.000580     0.007735 
   62.800000     0.005382    -0.000580     0.005962 
   62.900000     0.004796    -0.000580     0.005376 
   63.000000     0.002454    -0.000580     0.003034 
   63.100000     0.003156    -0.000580     0.003736 
   63.200000     0.008997    -0.000580     0.009577 
   63.300000     0.007818    -0.000580     0.008398 
   63.400000     0.005085    -0.000580     0.005665 
   63.500000    -0.003067    -0.000580    -0.002487 
   63.600000    -0.002599    -0.000580    -0.002019 
   63.700000     0.000704    -0.000580     0.001284 
   63.800000     0.001560    -0.000580     0.002140 
   63.900000     0.002755    -0.000580     0.003335 
   64.000000     0.000595    -0.000580     0.001175 
   64.100000    -0.001427    -0.000580    -0.000847 
   64.200000     0.002518    -0.000580     0.003098 
   64.300000     0.003377    -0.000580     0.003957 
   64.400000     0.008652    -0.000580     0.009232 
   64.500000    -0.001545    -0.000580    -0.000965 
   64.600000     0.003262    -0.000580     0.003842 
   64.700000    -0.000021    -0.000580     0.000559 
   64.800000     0.002817    -0.000580     0.003397 
   64.900000    -0.000397    -0.000580     0.000183 
   65.000000     0.001349    -0.000580     0.001929 
   65.100000     0.006199    -0.000580     0.006779 
   65.200000    -0.004658    -0.000580    -0.004078 
   65.300000    -0.007948    -0.000580    -0.007368 
   65.400000    -0.004995    -0.000580    -0.004415 
   65.500000    -0.003713    -0.000580    -0.003133 
   65.600000    -0.000174    -0.000580     0.000406 
   65.700000     0.000422    -0.000580     0.001002 
   65.800000     0.002678    -0.000580     0.003258 
   65.900000     0.003377    -0.000580     0.003957 
   66.000000     0.001629    -0.000580     0.002209 
   66.100000     0.004085    -0.000580     0.004665 
   66.200000     0.005279    -0.000580     0.005859 
   66.300000     0.000821    -0.000580     0.001401 
   66.400000    -0.000340    -0.000580     0.000240 
   66.500000    -0.000087    -0.000580     0.000493 
   66.600000    -0.000731    -0.000580    -0.000151 
   66.700000    -0.004415    -0.000580    -0.003835 
   66.800000    -0.002889    -0.000580    -0.002309 
   66.900000    -0.007313    -0.000580    -0.006733 
   67.000000    -0.000429    -0.000580     0.000151 
   67.100000    -0.002190    -0.000580    -0.001610 
   67.200000    -0.005646    -0.000580    -0.005066 
   67.300000    -0.006787    -0.000580    -0.006207 
   67.400000    -0.005410    -0.000580    -0.004830 
   67.500000    -0.001913    -0.000580    -0.001333 
   67.600000     0.001896    -0.000580     0.002476 
   67.700000     0.004912    -0.000580     0.005492 
   67.800000    -0.002975    -0.000580    -0.002395 
   67.900000     0.000239    -0.000580     0.000819 
   68.000000    -0.000581    -0.000580    -0.000001 
   68.100000    -0.000874    -0.000580    -0.000294 
   68.200000     0.000889    -0.000580     0.001469 
   68.300000     0.004210    -0.000580     0.004790 
   68.400000    -0.003559    -0.000580    -0.002979 
   68.500000    -0.002397    -0.000580    -0.001817 
   68.600000     0.001601    -0.000580     0.002181 
   68.700000     0.000829    -0.000580     0.001409 
   68.800000     0.000641    -0.000580     0.001221 
   68.900000    -0.000081    -0.000580     0.000499 
   69.000000    -0.002086    -0.000580    -0.001506 
   69.100000    -0.005697    -0.000580    -0.005117 
   69.200000    -0.004900    -0.000580    -0.004320 
   69.300000    -0.006257    -0.000580    -0.005677 
   69.400000    -0.005900    -0.000580    -0.005320 
   69.500000    -0.000559    -0.000580     0.000021 
   69.600000    -0.004679    -0.000580    -0.004099 
   69.700000    -0.003122    -0.000580    -0.002542 
   69.800000     0.003079    -0.000580     0.003659 
   69.900000     0.001312    -0.000580     0.001892 
   70.000000     0.003408    -0.000580     0.003988 
   70.100000     0.001319    -0.000580     0.001899 
   70.200000    -0.001149    -0.000580    -0.000569 
   70.300000     0.003594    -0.000580     0.004174 
   70.400000    -0.000391    -0.000580     0.000189 
   70.500000     0.000139    -0.000580     0.000719 
   70.600000     0.001785    -0.000580     0.002365 
   70.700000     0.005459    -0.000580     0.006039 
   70.800000    -0.001593    -0.000580    -0.001013 
   70.900000     0.000319    -0.000580     0.000899 
   71.000000    -0.003092    -0.000580    -0.002512 
   71.100000     0.001371    -0.000580     0.001951 
   71.200000     0.000483    -0.000580     0.001063 
   71.300000    -0.002072    -0.000580    -0.001492 
   71.400000    -0.000347    -0.000580     0.000233 
   71.500000     0.001767    -0.000580     0.002347 
   71.600000     0.000694    -0.000580     0.001274 
   71.700000    -0.001400    -0.000580    -0.000820 
   71.800000    -0.004685    -0.000580    -0.004105 
   71.900000    -0.007472    -0.000580    -0.006892 
   72.000000    -0.002917    -0.000580    -0.002337 
   72.100000     0.002531    -0.000580     0.003111 
   72.200000     0.000419    -0.000580     0.000999 
   72.300000    -0.004524    -0.000580    -0.003944 
   72.400000    -0.005745    -0.000580    -0.005165 
   72.500000     0.001083    -0.000580     0.001663 
   72.600000     0.001411    -0.000580     0.001991 
   72.700000     0.001540    -0.000580     0.002120 
   72.800000    -0.001262    -0.000580    -0.000682 
   72.900000    -0.001450    -0.000580    -0.000870 
   73.000000    -0.001255    -0.000580    -0.000675 
   73.100000    -0.004503    -0.000580    -0.003923 
   73.200000    -0.003607    -0.000580    -0.003027 
   73.300000    -0.001448    -0.000580    -0.000868 
   73.400000     0.001466    -0.000580     0.002046 
   73.500000     0.000310    -0.000580     0.000890 
   73.600000     0.004574    -0.000580     0.005154 
   73.700000     0.002448    -0.000580     0.003028 
   73.800000    -0.001772    -0.000580    -0.001192 
   73.900000     0.001432    -0.000580     0.002012 
   74.000000     0.000568    -0.000580     0.001148 
   74.100000    -0.001967    -0.000580    -0.001387 
   74.200000    -0.004288    -0.000580    -0.003708 
   74.300000     0.001285    -0.000580     0.001865 
   74.400000     0.002681    -0.000580     0.003261 
   74.500000     0.000481    -0.000580     0.001061 
   74.600000    -0.000542    -0.000580     0.000038 
   74.700000    -0.004517    -0.000580    -0.003937 
   74.800000    -0.003971    -0.000580    -0.003391 
   74.900000     0.000045    -0.000580     0.000625 
   75.000000     0.000846    -0.000580     0.001426 
   75.100000    -0.002761    -0.000580    -0.002181 
   75.200000     0.000741    -0.000580     0.001321 
   75.300000    -0.000014    -0.000580     0.000566 
   75.400000    -0.000764    -0.000580    -0.000184 
   75.500000     0.001783    -0.000580     0.002363 
   75.600000     0.003727    -0.000580     0.004307 
   75.700000     0.004585    -0.000580     0.005165 
   75.800000     0.003711    -0.000580     0.004291 
   75.900000     0.002282    -0.000580     0.002862 
   76.000000    -0.000867    -0.000580    -0.000287 
   76.100000    -0.009520    -0.000580    -0.008940 
   76.200000    -0.003638    -0.000580    -0.003058 
   76.300000     0.000710    -0.000580     0.001290 
   76.400000     0.002473    -0.000580     0.003053 
   76.500000    -0.006014    -0.000580    -0.005434 
   76.600000    -0.003608    -0.000580    -0.003028 
   76.700000    -0.001525    -0.000580    -0.000945 
   76.800000     0.003133    -0.000580     0.003713 
   76.900000     0.000539    -0.000580     0.001119 
   77.000000     0.000087    -0.000580     0.000667 
   77.100000    -0.003688    -0.000580    -0.003108 
   77.200000     0.000334    -0.000580     0.000914 
   77.300000     0.004878    -0.000580     0.005458 
   77.400000     0.001845    -0.000580     0.002425 
   77.500000     0.001005    -0.000580     0.001585 
   77.600000    -0.000740    -0.000580    -0.000160 
   77.700000    -0.000257    -0.000580     0.000323 
   77.800000    -0.002918    -0.000580    -0.002338 
   77.900000    -0.005565    -0.000580    -0.004985 
   78.000000    -0.001182    -0.000580    -0.000602 
   78.100000     0.002096    -0.000580     0.002676 
   78.200000     0.002666    -0.000580     0.003246 
   78.300000    -0.003509    -0.000580    -0.002929 
   78.400000    -0.005926    -0.000580    -0.005346 
   78.500000    -0.003558    -0.000580    -0.002978 
   78.600000    -0.001331    -0.000580    -0.000751 
   78.700000    -0.007204    -0.000580    -0.006624 
   78.800000     0.000666    -0.000580     0.001246 
   78.900000    -0.000765    -0.000580    -0.000185 
   79.000000     0.008170    -0.000580     0.008750 
   79.100000     0.010009    -0.000580     0.010589 
   79.200000     0.003095    -0.000580     0.003675 
   79.300000     0.002655    -0.000580     0.003235 
   79.400000     0.003106    -0.000580     0.003686 
   79.500000    -0.005458    -0.000580    -0.004878 
   79.600000    -0.002867    -0.000580    -0.002287 
   79.700000     0.006868    -0.000580     0.007448 
   79.800000     0.001210    -0.000580     0.001790 
   79.900000    -0.001750    -0.000580    -0.001170 
   80.000000    -0.000990    -0.000580    -0.000410 
   80.100000    -0.000839    -0.000580    -0.000259 
   80.200000    -0.000168    -0.000580     0.000412 
   80.300000     0.001167    -0.000580     0.001747 
   80.400000     0.001943    -0.000580     0.002523 
   80.500000     0.004309    -0.000580     0.004889 
   80.600000     0.002107    -0.000580     0.002687 
   80.700000     0.007093    -0.000580     0.007673 
   80.800000     0.001902    -0.000580     0.002482 
   80.900000    -0.000534    -0.000580     0.000046 
   81.000000     0.001128    -0.000580     0.001708 
   81.100000     0.000769    -0.000580     0.001349 
   81.200000    -0.002637    -0.000580    -0.002057 
   81.300000    -0.000543    -0.000580     0.000037 
   81.400000    -0.006202    -0.000580    -0.005622 
   81.500000    -0.000113    -0.000580     0.000467 
   81.600000    -0.004799    -0.000580    -0.004219 
   81.700000     0.000676    -0.000580     0.001256 
   81.800000     0.004469    -0.000580     0.005049 
   81.900000    -0.001012    -0.000580    -0.000432 
   82.000000    -0.000628    -0.000580    -0.000048 
   82.100000     0.001285    -0.000580     0.001865 
   82.200000    -0.000582    -0.000580    -0.000002 
   82.300000     0.005673    -0.000580     0.006253 
   82.400000     0.000981    -0.000580     0.001561 
   82.500000     0.000814    -0.000580     0.001394 
   82.600000    -0.003114    -0.000580    -0.002534 
   82.700000    -0.003033    -0.000580    -0.002453 
   82.800000    -0.001572    -0.000580    -0.000992 
   82.900000     0.002530    -0.000580     0.003110 
   83.000000     0.003223    -0.000580     0.003803 
   83.100000     0.005881    -0.000580     0.006461 
   83.200000     0.003907    -0.000580     0.004487 
   83.300000     0.002376    -0.000580     0.002956 
   83.400000     0.000462    -0.000580     0.001042 
   83.500000     0.000026    -0.000580     0.000606 
   83.600000    -0.003363    -0.000580    -0.002783 
   83.700000    -0.001324    -0.000580    -0.000744 
   83.800000    -0.000615    -0.000580    -0.000035 
   83.900000    -0.007795    -0.000580    -0.007215 
   84.000000    -0.002537    -0.000580    -0.001957 
   84.100000    -0.003282    -0.000580    -0.002702 
   84.200000    -0.000595    -0.000580    -0.000015 
   84.300000     0.001944    -0.000580     0.002524 
   84.400000     0.001354    -0.000580     0.001934 
   84.500000    -0.000713    -0.000580    -0.000133 
   84.600000    -0.002416    -0.000580    -0.001836 
   84.700000    -0.000763    -0.000580    -0.000183 
   84.800000    -0.004213    -0.000580    -0.003633 
   84.900000    -0.005506    -0.000580    -0.004926 
   85.000000    -0.000883    -0.000580    -0.000303 
   85.100000    -0.000446    -0.000580     0.000134 
   85.200000     0.004458    -0.000580     0.005038 
   85.300000     0.006402    -0.000580     0.006982 
   85.400000     0.004107    -0.000580     0.004687 
   85.500000     0.005124    -0.000580     0.005704 
   85.600000     0.006661    -0.000580     0.007241 
   85.700000     0.003615    -0.000580     0.004195 
   85.800000     0.004667    -0.000580     0.005247 
   85.900000    -0.004222    -0.000580    -0.003642 
   86.000000    -0.002786    -0.000580    -0.002206 
   86.100000    -0.003539    -0.000580    -0.002959 
   86.200000    -0.006064    -0.000580    -0.005484 
   86.300000    -0.001061    -0.000580    -0.000481 
   86.400000    -0.000577    -0.000580     0.000003 
   86.500000    -0.000267    -0.000580     0.000313 
   86.600000     0.003117    -0.000580     0.003697 
   86.700000     0.001641    -0.000580     0.002221 
   86.800000    -0.003441    -0.000580    -0.002861 
   86.900000     0.006275    -0.000580     0.006855 
   87.000000    -0.001042    -0.000580    -0.000462 
   87.100000    -0.001117    -0.000580    -0.000537 
   87.200000    -0.001759    -0.000580    -0.001179 
   87.300000     0.006017    -0.000580     0.006597 
   87.400000     0.009643    -0.000580     0.010223 
   87.500000     0.016319    -0.000580     0.016899 
   87.600000     0.005416    -0.000580     0.005996 
   87.700000    -0.000606    -0.000580    -0.000026 
   87.800000     0.007653    -0.000580     0.008233 
   87.900000     0.008269    -0.000580     0.008849 
   88.000000     0.003251    -0.000580     0.003831 
   88.100000    -0.000404    -0.000580     0.000176 
   88.200000     0.006607    -0.000580     0.007187 
   88.300000     0.002376    -0.000580     0.002956 
   88.400000     0.002600    -0.000580     0.003180 
   88.500000    -0.000737    -0.000580    -0.000157 
   88.600000    -0.005578    -0.000580    -0.004998 
   88.700000     0.000813    -0.000580     0.001393 
   88.800000     0.004441    -0.000580     0.005021 
   88.900000     0.005334    -0.000580     0.005914 
   89.000000     0.003206    -0.000580     0.003786 
   89.100000     0.004286    -0.000580     0.004866 
   89.200000     0.010662    -0.000580     0.011242 
   89.300000     0.007637    -0.000580     0.008217 
   89.400000     0.009345    -0.000580     0.009925 
   89.500000    -0.000632    -0.000580    -0.000052 
   89.600000     0.001984    -0.000580     0.002564 
   89.700000    -0.002394    -0.000580    -0.001814 
   89.800000     0.001333    -0.000580     0.001913 
   89.900000    -0.000606    -0.000580    -0.000026 
   90.000000     0.000149    -0.000580     0.000729 
   90.100000     0.004459    -0.000580     0.005039 
   90.200000     0.007195    -0.000580     0.007775 
   90.300000     0.002855    -0.000580     0.003435 
   90.400000     0.002357    -0.000580     0.002937 
   90.500000     0.003401    -0.000580     0.003981 
   90.600000    -0.006017    -0.000580    -0.005437 
   90.700000     0.004053    -0.000580     0.004633 
   90.800000    -0.000194    -0.000580     0.000386 
   90.900000     0.003195    -0.000580     0.003775 
   91.000000    -0.000831    -0.000580    -0.000251 
   91.100000    -0.002377    -0.000580    -0.001797 
   91.200000     0.004880    -0.000580     0.005460 
   91.300000     0.000245    -0.000580     0.000825 
   91.400000     0.000495    -0.000580     0.001075 
   91.500000    -0.004145    -0.000580    -0.003565 
   91.600000     0.001015    -0.000580     0.001595 
   91.700000    -0.004705    -0.000580    -0.004125 
   91.800000    -0.006650    -0.000580    -0.006070 
   91.900000    -0.003197    -0.000580    -0.002617 
   92.000000    -0.000359    -0.000580     0.000221 
   92.100000    -0.007674    -0.000580    -0.007094 
   92.200000    -0.005534    -0.000580    -0.004954 
   92.300000    -0.005794    -0.000580    -0.005214 
   92.400000    -0.005744    -0.000580    -0.005164 
   92.500000    -0.001607    -0.000580    -0.001027 
   92.600000    -0.000518    -0.000580     0.000062 
   92.700000    -0.002964    -0.000580    -0.002384 
   92.800000    -0.001461    -0.000580    -0.000881 
   92.900000    -0.004885    -0.000580    -0.004305 
   93.000000    -0.001832    -0.000580    -0.001252 
   93.100000    -0.002731    -0.000580    -0.002151 
   93.200000    -0.003629    -0.000580    -0.003049 
   93.300000    -0.006822    -0.000580    -0.006242 
   93.400000    -0.002638    -0.000580    -0.002058 
   93.500000    -0.005585    -0.000580    -0.005005 
   93.600000    -0.006172    -0.000580    -0.005592 
   93.700000    -0.005104    -0.000580    -0.004524 
   93.800000    -0.005534    -0.000580    -0.004954 
   93.900000     0.003669    -0.000580     0.004249 
   94.000000     0.002617    -0.000580     0.003197 
   94.100000    -0.000880    -0.000580    -0.000300 
   94.200000    -0.000639    -0.000580    -0.000059 
   94.300000    -0.001725    -0.000580    -0.001145 
   94.400000    -0.003914    -0.000580    -0.003334 
   94.500000    -0.002566    -0.000580    -0.001986 
   94.600000     0.002533    -0.000580     0.003113 
   94.700000    -0.000304    -0.000580     0.000276 
   94.800000    -0.004492    -0.000580    -0.003912 
   94.900000    -0.004813    -0.000580    -0.004233 
   95.000000    -0.008572    -0.000580    -0.007992 
   95.100000     0.001251    -0.000580     0.001831 
   95.200000     0.006210    -0.000580     0.006790 
   95.300000    -0.000338    -0.000580     0.000242 
   95.400000    -0.002778    -0.000580    -0.002198 
   95.500000    -0.006267    -0.000580    -0.005687 
   95.600000    -0.008148    -0.000580    -0.007568 
   95.700000    -0.004089    -0.000580    -0.003509 
   95.800000    -0.005840    -0.000580    -0.005260 
   95.900000    -0.014886    -0.000580    -0.014306 
   96.000000    -0.011318    -0.000580    -0.010738 
   96.100000    -0.008984    -0.000580    -0.008404 
   96.200000    -0.000767    -0.000580    -0.000187 
   96.300000     0.001039    -0.000580     0.001619 
   96.400000     0.000431    -0.000580     0.001011 
   96.500000     0.001299    -0.000580     0.001879 
   96.600000    -0.000143    -0.000580     0.000437 
   96.700000    -0.008021    -0.000580    -0.007441 
   96.800000    -0.006135    -0.000580    -0.005555 
   96.900000    -0.006470    -0.000580    -0.005890 
   97.000000    -0.001108    -0.000580    -0.000528 
   97.100000    -0.002678    -0.000580    -0.002098 
   97.200000     0.002274    -0.000580     0.002854 
   97.300000    -0.002393    -0.000580    -0.001813 
   97.400000     0.007830    -0.000580     0.008410 
   97.500000     0.005816    -0.000580     0.006396 
   97.600000     0.004168    -0.000580     0.004748 
   97.700000     0.000868    -0.000580     0.001448 
   97.800000    -0.001541    -0.000580    -0.000961 
   97.900000    -0.010086    -0.000580    -0.009506 
   98.000000    -0.003142    -0.000580    -0.002562 
   98.100000    -0.001381    -0.000580    -0.000801 
   98.200000    -0.003096    -0.000580    -0.002516 
   98.300000    -0.003725    -0.000580    -0.003145 
   98.400000     0.002690    -0.000580     0.003270 
   98.500000    -0.001296    -0.000580    -0.000716 
   98.600000    -0.008786    -0.000580    -0.008206 
   98.700000    -0.006620    -0.000580    -0.006040 
   98.800000    -0.008441    -0.000580    -0.007861 
   98.900000     0.000918    -0.000580     0.001498 
   99.000000    -0.000678    -0.000580    -0.000098 
   99.100000    -0.005471    -0.000580    -0.004891 
   99.200000    -0.002565    -0.000580    -0.001985 
   99.300000    -0.008233    -0.000580    -0.007653 
   99.400000     0.000096    -0.000580     0.000676 
   99.500000    -0.003714    -0.000580    -0.003134 
   99.600000    -0.008370    -0.000580    -0.007790 
   99.700000    -0.008456    -0.000580    -0.007876 
   99.800000    -0.008713    -0.000580    -0.008133 
   99.900000    -0.004459    -0.000580    -0.003879 
  100.000000     0.007026    -0.000580     0.007606 
