##fit: rolloffp.out
    0.500000     0.028963     0.029335    -0.000372 
    0.600000     0.026520     0.026662    -0.000142 
    0.700000     0.022487     0.024230    -0.001743 
    0.800000     0.022231     0.022018     0.000213 
    0.900000     0.019162     0.020005    -0.000843 
    1.000000     0.019329     0.018174     0.001155 
    1.100000     0.020041     0.016509     0.003532 
    1.200000     0.017836     0.014994     0.002842 
    1.300000     0.012765     0.013616    -0.000851 
    1.400000     0.010708     0.012362    -0.001654 
    1.500000     0.008406     0.011221    -0.002815 
    1.600000     0.010425     0.010184     0.000241 
    1.700000     0.010725     0.009240     0.001485 
    1.800000     0.009342     0.008381     0.000961 
    1.900000     0.004208     0.007600    -0.003392 
    2.000000     0.003489     0.006889    -0.003400 
    2.100000     0.008874     0.006243     0.002631 
    2.200000     0.005547     0.005655    -0.000108 
    2.300000     0.007509     0.005120     0.002389 
    2.400000     0.003097     0.004633    -0.001536 
    2.500000     0.004795     0.004191     0.000604 
    2.600000     0.003819     0.003788     0.000031 
    2.700000     0.004793     0.003422     0.001371 
    2.800000     0.005690     0.003088     0.002602 
    2.900000     0.005233     0.002785     0.002448 
    3.000000     0.001629     0.002509    -0.000880 
    3.100000     0.000003     0.002258    -0.002255 
    3.200000     0.002590     0.002030     0.000560 
    3.300000     0.004174     0.001822     0.002352 
    3.400000     0.002423     0.001634     0.000789 
    3.500000     0.000021     0.001462    -0.001441 
    3.600000     0.003983     0.001305     0.002678 
    3.700000     0.000594     0.001163    -0.000569 
    3.800000     0.002315     0.001034     0.001281 
    3.900000     0.002587     0.000916     0.001671 
    4.000000     0.001890     0.000809     0.001081 
    4.100000     0.002186     0.000712     0.001474 
    4.200000     0.004449     0.000623     0.003826 
    4.300000     0.000484     0.000543    -0.000059 
    4.400000    -0.001093     0.000469    -0.001562 
    4.500000    -0.007368     0.000403    -0.007771 
    4.600000    -0.002686     0.000342    -0.003028 
    4.700000    -0.000663     0.000287    -0.000950 
    4.800000    -0.000243     0.000237    -0.000480 
    4.900000    -0.001330     0.000191    -0.001521 
    5.000000    -0.000556     0.000149    -0.000705 
    5.100000    -0.004641     0.000112    -0.004753 
    5.200000    -0.003020     0.000077    -0.003097 
    5.300000    -0.005253     0.000046    -0.005299 
    5.400000    -0.006201     0.000017    -0.006218 
    5.500000    -0.005859    -0.000008    -0.005851 
    5.600000    -0.001548    -0.000032    -0.001516 
    5.700000    -0.001799    -0.000053    -0.001746 
    5.800000     0.000403    -0.000073     0.000476 
    5.900000     0.002923    -0.000091     0.003014 
    6.000000    -0.002970    -0.000107    -0.002863 
    6.100000    -0.001334    -0.000121    -0.001213 
    6.200000     0.003543    -0.000135     0.003678 
    6.300000     0.001927    -0.000147     0.002074 
    6.400000     0.003830    -0.000158     0.003988 
    6.500000    -0.003888    -0.000168    -0.003720 
    6.600000    -0.000486    -0.000177    -0.000309 
    6.700000    -0.002975    -0.000186    -0.002789 
    6.800000    -0.001997    -0.000193    -0.001804 
    6.900000    -0.001146    -0.000200    -0.000946 
    7.000000    -0.001993    -0.000206    -0.001787 
    7.100000    -0.000413    -0.000212    -0.000201 
    7.200000    -0.000058    -0.000217     0.000159 
    7.300000     0.003237    -0.000222     0.003459 
    7.400000     0.000571    -0.000226     0.000797 
    7.500000    -0.002933    -0.000230    -0.002703 
    7.600000    -0.000037    -0.000234     0.000197 
    7.700000    -0.003122    -0.000237    -0.002885 
    7.800000    -0.000355    -0.000240    -0.000115 
    7.900000    -0.002778    -0.000242    -0.002536 
    8.000000    -0.005608    -0.000245    -0.005363 
    8.100000    -0.002718    -0.000247    -0.002471 
    8.200000    -0.001549    -0.000249    -0.001300 
    8.300000    -0.003518    -0.000251    -0.003267 
    8.400000    -0.000670    -0.000253    -0.000417 
    8.500000    -0.002649    -0.000254    -0.002395 
    8.600000    -0.003501    -0.000255    -0.003246 
    8.700000    -0.004686    -0.000257    -0.004429 
    8.800000    -0.007140    -0.000258    -0.006882 
    8.900000    -0.003162    -0.000259    -0.002903 
    9.000000     0.001671    -0.000260     0.001931 
    9.100000    -0.003951    -0.000261    -0.003690 
    9.200000     0.004584    -0.000261     0.004845 
    9.300000    -0.003831    -0.000262    -0.003569 
    9.400000     0.000293    -0.000263     0.000556 
    9.500000     0.000933    -0.000263     0.001196 
    9.600000    -0.002620    -0.000264    -0.002356 
    9.700000    -0.002624    -0.000264    -0.002360 
    9.800000     0.001554    -0.000265     0.001819 
    9.900000    -0.000718    -0.000265    -0.000453 
   10.000000     0.000032    -0.000266     0.000298 
   10.100000    -0.001017    -0.000266    -0.000751 
   10.200000     0.000522    -0.000266     0.000788 
   10.300000     0.001363    -0.000266     0.001629 
   10.400000    -0.002704    -0.000267    -0.002437 
   10.500000    -0.000464    -0.000267    -0.000197 
   10.600000     0.001246    -0.000267     0.001513 
   10.700000    -0.000867    -0.000267    -0.000600 
   10.800000     0.002658    -0.000268     0.002926 
   10.900000     0.001979    -0.000268     0.002247 
   11.000000     0.001444    -0.000268     0.001712 
   11.100000     0.001218    -0.000268     0.001486 
   11.200000     0.001129    -0.000268     0.001397 
   11.300000     0.000911    -0.000268     0.001179 
   11.400000    -0.001644    -0.000268    -0.001376 
   11.500000    -0.003255    -0.000268    -0.002987 
   11.600000     0.003817    -0.000268     0.004085 
   11.700000     0.001105    -0.000269     0.001374 
   11.800000     0.002378    -0.000269     0.002647 
   11.900000     0.002433    -0.000269     0.002702 
   12.000000    -0.003393    -0.000269    -0.003124 
   12.100000    -0.003876    -0.000269    -0.003607 
   12.200000    -0.002732    -0.000269    -0.002463 
   12.300000    -0.003291    -0.000269    -0.003022 
   12.400000    -0.000611    -0.000269    -0.000342 
   12.500000     0.002102    -0.000269     0.002371 
   12.600000     0.000111    -0.000269     0.000380 
   12.700000     0.000845    -0.000269     0.001114 
   12.800000     0.001188    -0.000269     0.001457 
   12.900000     0.002290    -0.000269     0.002559 
   13.000000    -0.001078    -0.000269    -0.000809 
   13.100000    -0.002595    -0.000269    -0.002326 
   13.200000    -0.002797    -0.000269    -0.002528 
   13.300000     0.003754    -0.000269     0.004023 
   13.400000     0.004430    -0.000269     0.004699 
   13.500000     0.002479    -0.000269     0.002748 
   13.600000     0.004760    -0.000269     0.005029 
   13.700000     0.003651    -0.000269     0.003920 
   13.800000     0.001181    -0.000269     0.001450 
   13.900000     0.000440    -0.000269     0.000709 
   14.000000    -0.000855    -0.000269    -0.000586 
   14.100000     0.002324    -0.000269     0.002593 
   14.200000    -0.002157    -0.000269    -0.001888 
   14.300000    -0.002968    -0.000269    -0.002699 
   14.400000     0.002387    -0.000269     0.002656 
   14.500000     0.001165    -0.000269     0.001434 
   14.600000     0.001141    -0.000269     0.001410 
   14.700000     0.000225    -0.000269     0.000494 
   14.800000     0.004099    -0.000269     0.004368 
   14.900000     0.003332    -0.000269     0.003601 
   15.000000    -0.001676    -0.000269    -0.001407 
   15.100000     0.001317    -0.000269     0.001586 
   15.200000     0.001305    -0.000269     0.001574 
   15.300000     0.001515    -0.000269     0.001784 
   15.400000     0.000540    -0.000269     0.000809 
   15.500000    -0.000833    -0.000269    -0.000564 
   15.600000     0.000670    -0.000269     0.000939 
   15.700000     0.004296    -0.000269     0.004565 
   15.800000    -0.001254    -0.000269    -0.000985 
   15.900000    -0.003061    -0.000269    -0.002792 
   16.000000    -0.003264    -0.000269    -0.002995 
   16.100000     0.003308    -0.000269     0.003577 
   16.200000     0.003417    -0.000269     0.003686 
   16.300000    -0.000922    -0.000269    -0.000653 
   16.400000    -0.003286    -0.000269    -0.003017 
   16.500000    -0.000646    -0.000269    -0.000377 
   16.600000    -0.003655    -0.000269    -0.003386 
   16.700000    -0.004932    -0.000269    -0.004663 
   16.800000    -0.001433    -0.000269    -0.001164 
   16.900000    -0.004743    -0.000269    -0.004474 
   17.000000     0.001739    -0.000269     0.002008 
   17.100000     0.001656    -0.000269     0.001925 
   17.200000    -0.000472    -0.000269    -0.000203 
   17.300000    -0.003294    -0.000269    -0.003025 
   17.400000    -0.002765    -0.000269    -0.002496 
   17.500000    -0.000628    -0.000269    -0.000359 
   17.600000    -0.001471    -0.000269    -0.001202 
   17.700000     0.000171    -0.000269     0.000440 
   17.800000    -0.004722    -0.000269    -0.004453 
   17.900000    -0.004679    -0.000269    -0.004410 
   18.000000    -0.003444    -0.000269    -0.003175 
   18.100000    -0.001330    -0.000269    -0.001061 
   18.200000    -0.001230    -0.000269    -0.000961 
   18.300000    -0.007906    -0.000269    -0.007637 
   18.400000    -0.003247    -0.000269    -0.002978 
   18.500000    -0.005846    -0.000269    -0.005577 
   18.600000    -0.000493    -0.000269    -0.000224 
   18.700000    -0.003944    -0.000269    -0.003675 
   18.800000    -0.001411    -0.000269    -0.001142 
   18.900000    -0.005226    -0.000269    -0.004957 
   19.000000    -0.002945    -0.000269    -0.002676 
   19.100000    -0.003400    -0.000269    -0.003131 
   19.200000    -0.007751    -0.000269    -0.007482 
   19.300000    -0.002260    -0.000269    -0.001991 
   19.400000    -0.006982    -0.000269    -0.006713 
   19.500000    -0.003001    -0.000269    -0.002732 
   19.600000    -0.005338    -0.000269    -0.005069 
   19.700000    -0.003936    -0.000269    -0.003667 
   19.800000    -0.004331    -0.000269    -0.004062 
   19.900000    -0.003060    -0.000269    -0.002791 
   20.000000    -0.001107    -0.000269    -0.000838 
   20.100000     0.001222    -0.000269     0.001491 
   20.200000    -0.002377    -0.000269    -0.002108 
   20.300000    -0.003078    -0.000269    -0.002809 
   20.400000    -0.002367    -0.000269    -0.002098 
   20.500000    -0.000688    -0.000269    -0.000419 
   20.600000    -0.006893    -0.000269    -0.006624 
   20.700000    -0.006435    -0.000269    -0.006166 
   20.800000    -0.006960    -0.000269    -0.006691 
   20.900000    -0.002202    -0.000269    -0.001933 
   21.000000    -0.002098    -0.000269    -0.001829 
   21.100000    -0.001657    -0.000269    -0.001388 
   21.200000    -0.003296    -0.000269    -0.003027 
   21.300000    -0.004855    -0.000269    -0.004586 
   21.400000    -0.003904    -0.000269    -0.003635 
   21.500000    -0.006565    -0.000269    -0.006296 
   21.600000    -0.004994    -0.000269    -0.004725 
   21.700000    -0.002465    -0.000269    -0.002196 
   21.800000    -0.005170    -0.000269    -0.004901 
   21.900000    -0.004428    -0.000269    -0.004159 
   22.000000    -0.001964    -0.000269    -0.001695 
   22.100000     0.000117    -0.000269     0.000386 
   22.200000    -0.000413    -0.000269    -0.000144 
   22.300000    -0.002011    -0.000269    -0.001742 
   22.400000    -0.000542    -0.000269    -0.000273 
   22.500000     0.001234    -0.000269     0.001503 
   22.600000    -0.001464    -0.000269    -0.001195 
   22.700000    -0.003678    -0.000269    -0.003409 
   22.800000    -0.000895    -0.000269    -0.000626 
   22.900000     0.002327    -0.000269     0.002596 
   23.000000     0.001529    -0.000269     0.001798 
   23.100000     0.002418    -0.000269     0.002687 
   23.200000     0.000657    -0.000269     0.000926 
   23.300000     0.000982    -0.000269     0.001251 
   23.400000     0.000517    -0.000269     0.000786 
   23.500000     0.002005    -0.000269     0.002274 
   23.600000    -0.004866    -0.000269    -0.004597 
   23.700000    -0.003242    -0.000269    -0.002973 
   23.800000     0.001054    -0.000269     0.001323 
   23.900000    -0.001335    -0.000269    -0.001066 
   24.000000     0.001147    -0.000269     0.001416 
   24.100000    -0.001177    -0.000269    -0.000908 
   24.200000    -0.001689    -0.000269    -0.001420 
   24.300000    -0.000812    -0.000269    -0.000543 
   24.400000    -0.003956    -0.000269    -0.003687 
   24.500000     0.000744    -0.000269     0.001013 
   24.600000    -0.003944    -0.000269    -0.003675 
   24.700000    -0.000184    -0.000269     0.000085 
   24.800000    -0.000763    -0.000269    -0.000494 
   24.900000    -0.001471    -0.000269    -0.001202 
   25.000000     0.002845    -0.000269     0.003114 
   25.100000    -0.000176    -0.000269     0.000093 
   25.200000     0.000404    -0.000269     0.000673 
   25.300000     0.004536    -0.000269     0.004805 
   25.400000     0.004712    -0.000269     0.004981 
   25.500000    -0.001058    -0.000269    -0.000789 
   25.600000    -0.004838    -0.000269    -0.004569 
   25.700000     0.000381    -0.000269     0.000650 
   25.800000    -0.000383    -0.000269    -0.000114 
   25.900000    -0.001087    -0.000269    -0.000818 
   26.000000     0.001174    -0.000269     0.001443 
   26.100000     0.004315    -0.000269     0.004584 
   26.200000     0.005601    -0.000269     0.005870 
   26.300000    -0.001460    -0.000269    -0.001191 
   26.400000    -0.001042    -0.000269    -0.000773 
   26.500000     0.000163    -0.000269     0.000432 
   26.600000    -0.000659    -0.000269    -0.000390 
   26.700000    -0.001532    -0.000269    -0.001263 
   26.800000    -0.001288    -0.000269    -0.001019 
   26.900000    -0.001922    -0.000269    -0.001653 
   27.000000    -0.000995    -0.000269    -0.000726 
   27.100000    -0.003183    -0.000269    -0.002914 
   27.200000    -0.000420    -0.000269    -0.000151 
   27.300000    -0.000006    -0.000269     0.000263 
   27.400000     0.001086    -0.000269     0.001355 
   27.500000     0.004021    -0.000269     0.004290 
   27.600000     0.002889    -0.000269     0.003158 
   27.700000     0.000317    -0.000269     0.000586 
   27.800000    -0.001341    -0.000269    -0.001072 
   27.900000     0.001828    -0.000269     0.002097 
   28.000000    -0.000887    -0.000269    -0.000618 
   28.100000    -0.000899    -0.000269    -0.000630 
   28.200000    -0.003197    -0.000269    -0.002928 
   28.300000    -0.001919    -0.000269    -0.001650 
   28.400000     0.003674    -0.000269     0.003943 
   28.500000     0.003497    -0.000269     0.003766 
   28.600000     0.003808    -0.000269     0.004077 
   28.700000    -0.001967    -0.000269    -0.001698 
   28.800000     0.001412    -0.000269     0.001681 
   28.900000     0.000216    -0.000269     0.000485 
   29.000000    -0.000149    -0.000269     0.000120 
   29.100000    -0.000290    -0.000269    -0.000021 
   29.200000    -0.001518    -0.000269    -0.001249 
   29.300000    -0.000849    -0.000269    -0.000580 
   29.400000     0.003801    -0.000269     0.004070 
   29.500000    -0.000703    -0.000269    -0.000434 
   29.600000    -0.002522    -0.000269    -0.002253 
   29.700000     0.002035    -0.000269     0.002304 
   29.800000    -0.002843    -0.000269    -0.002574 
   29.900000     0.001041    -0.000269     0.001310 
   30.000000    -0.003410    -0.000269    -0.003141 
   30.100000     0.003322    -0.000269     0.003591 
   30.200000     0.001915    -0.000269     0.002184 
   30.300000     0.001015    -0.000269     0.001284 
   30.400000    -0.003013    -0.000269    -0.002744 
   30.500000    -0.000578    -0.000269    -0.000309 
   30.600000     0.001618    -0.000269     0.001887 
   30.700000    -0.004259    -0.000269    -0.003990 
   30.800000    -0.005343    -0.000269    -0.005074 
   30.900000    -0.003886    -0.000269    -0.003617 
   31.000000    -0.003635    -0.000269    -0.003366 
   31.100000    -0.002249    -0.000269    -0.001980 
   31.200000     0.000560    -0.000269     0.000829 
   31.300000    -0.003276    -0.000269    -0.003007 
   31.400000     0.000437    -0.000269     0.000706 
   31.500000    -0.004271    -0.000269    -0.004002 
   31.600000     0.000561    -0.000269     0.000830 
   31.700000    -0.000665    -0.000269    -0.000396 
   31.800000     0.001666    -0.000269     0.001935 
   31.900000    -0.000804    -0.000269    -0.000535 
   32.000000    -0.001278    -0.000269    -0.001009 
   32.100000    -0.006007    -0.000269    -0.005738 
   32.200000    -0.004486    -0.000269    -0.004217 
   32.300000    -0.005417    -0.000269    -0.005148 
   32.400000     0.000415    -0.000269     0.000684 
   32.500000     0.002850    -0.000269     0.003119 
   32.600000    -0.002798    -0.000269    -0.002529 
   32.700000     0.001677    -0.000269     0.001946 
   32.800000     0.001191    -0.000269     0.001460 
   32.900000    -0.002905    -0.000269    -0.002636 
   33.000000    -0.001548    -0.000269    -0.001279 
   33.100000    -0.001980    -0.000269    -0.001711 
   33.200000     0.001768    -0.000269     0.002037 
   33.300000     0.001339    -0.000269     0.001608 
   33.400000    -0.001226    -0.000269    -0.000957 
   33.500000    -0.000098    -0.000269     0.000171 
   33.600000     0.002767    -0.000269     0.003036 
   33.700000    -0.002287    -0.000269    -0.002018 
   33.800000    -0.002175    -0.000269    -0.001906 
   33.900000    -0.000925    -0.000269    -0.000656 
   34.000000    -0.002751    -0.000269    -0.002482 
   34.100000    -0.002487    -0.000269    -0.002218 
   34.200000    -0.002348    -0.000269    -0.002079 
   34.300000     0.002321    -0.000269     0.002590 
   34.400000     0.000215    -0.000269     0.000484 
   34.500000    -0.002873    -0.000269    -0.002604 
   34.600000     0.003092    -0.000269     0.003361 
   34.700000     0.002779    -0.000269     0.003048 
   34.800000     0.000984    -0.000269     0.001253 
   34.900000    -0.003112    -0.000269    -0.002843 
   35.000000    -0.003554    -0.000269    -0.003285 
   35.100000    -0.001135    -0.000269    -0.000866 
   35.200000    -0.000083    -0.000269     0.000186 
   35.300000     0.000264    -0.000269     0.000533 
   35.400000    -0.002049    -0.000269    -0.001780 
   35.500000     0.004379    -0.000269     0.004648 
   35.600000     0.001962    -0.000269     0.002231 
   35.700000    -0.000123    -0.000269     0.000146 
   35.800000     0.001716    -0.000269     0.001985 
   35.900000    -0.000531    -0.000269    -0.000262 
   36.000000    -0.000724    -0.000269    -0.000455 
   36.100000    -0.001106    -0.000269    -0.000837 
   36.200000    -0.001833    -0.000269    -0.001564 
   36.300000    -0.001816    -0.000269    -0.001547 
   36.400000     0.002091    -0.000269     0.002360 
   36.500000    -0.001002    -0.000269    -0.000733 
   36.600000    -0.001349    -0.000269    -0.001080 
   36.700000    -0.000777    -0.000269    -0.000508 
   36.800000    -0.001957    -0.000269    -0.001688 
   36.900000     0.000391    -0.000269     0.000660 
   37.000000     0.000889    -0.000269     0.001158 
   37.100000     0.001195    -0.000269     0.001464 
   37.200000     0.002042    -0.000269     0.002311 
   37.300000    -0.000797    -0.000269    -0.000528 
   37.400000    -0.004264    -0.000269    -0.003995 
   37.500000     0.003865    -0.000269     0.004134 
   37.600000     0.000615    -0.000269     0.000884 
   37.700000     0.002173    -0.000269     0.002442 
   37.800000    -0.004951    -0.000269    -0.004682 
   37.900000     0.002286    -0.000269     0.002555 
   38.000000    -0.000405    -0.000269    -0.000136 
   38.100000    -0.002551    -0.000269    -0.002282 
   38.200000    -0.001796    -0.000269    -0.001527 
   38.300000    -0.001096    -0.000269    -0.000827 
   38.400000    -0.003246    -0.000269    -0.002977 
   38.500000     0.003815    -0.000269     0.004084 
   38.600000     0.003627    -0.000269     0.003896 
   38.700000     0.007176    -0.000269     0.007445 
   38.800000     0.007890    -0.000269     0.008159 
   38.900000     0.002654    -0.000269     0.002923 
   39.000000     0.000550    -0.000269     0.000819 
   39.100000     0.005477    -0.000269     0.005746 
   39.200000     0.003714    -0.000269     0.003983 
   39.300000     0.002091    -0.000269     0.002360 
   39.400000     0.002323    -0.000269     0.002592 
   39.500000    -0.000795    -0.000269    -0.000526 
   39.600000    -0.001700    -0.000269    -0.001431 
   39.700000     0.005228    -0.000269     0.005497 
   39.800000     0.000264    -0.000269     0.000533 
   39.900000    -0.002777    -0.000269    -0.002508 
   40.000000    -0.000501    -0.000269    -0.000232 
   40.100000     0.001747    -0.000269     0.002016 
   40.200000     0.005132    -0.000269     0.005401 
   40.300000     0.005868    -0.000269     0.006137 
   40.400000     0.003774    -0.000269     0.004043 
   40.500000     0.005846    -0.000269     0.006115 
   40.600000     0.004888    -0.000269     0.005157 
   40.700000     0.004687    -0.000269     0.004956 
   40.800000     0.004560    -0.000269     0.004829 
   40.900000     0.002299    -0.000269     0.002568 
   41.000000     0.000215    -0.000269     0.000484 
   41.100000     0.003039    -0.000269     0.003308 
   41.200000     0.001509    -0.000269     0.001778 
   41.300000     0.006088    -0.000269     0.006357 
   41.400000    -0.000115    -0.000269     0.000154 
   41.500000    -0.002391    -0.000269    -0.002122 
   41.600000    -0.000784    -0.000269    -0.000515 
   41.700000     0.002968    -0.000269     0.003237 
   41.800000    -0.001698    -0.000269    -0.001429 
   41.900000    -0.001592    -0.000269    -0.001323 
   42.000000    -0.001028    -0.000269    -0.000759 
   42.100000    -0.000292    -0.000269    -0.000023 
   42.200000    -0.001415    -0.000269    -0.001146 
   42.300000    -0.002083    -0.000269    -0.001814 
   42.400000    -0.000422    -0.000269    -0.000153 
   42.500000    -0.001819    -0.000269    -0.001550 
   42.600000     0.000176    -0.000269     0.000445 
   42.700000     0.005336    -0.000269     0.005605 
   42.800000     0.006631    -0.000269     0.006900 
   42.900000     0.006912    -0.000269     0.007181 
   43.000000     0.002536    -0.000269     0.002805 
   43.100000     0.002189    -0.000269     0.002458 
   43.200000     0.000929    -0.000269     0.001198 
   43.300000    -0.000764    -0.000269    -0.000495 
   43.400000     0.001455    -0.000269     0.001724 
   43.500000     0.005696    -0.000269     0.005965 
   43.600000    -0.001619    -0.000269    -0.001350 
   43.700000    -0.000773    -0.000269    -0.000504 
   43.800000     0.000764    -0.000269     0.001033 
   43.900000    -0.001805    -0.000269    -0.001536 
   44.000000    -0.002040    -0.000269    -0.001771 
   44.100000    -0.004716    -0.000269    -0.004447 
   44.200000    -0.002284    -0.000269    -0.002015 
   44.300000    -0.009669    -0.000269    -0.009400 
   44.400000    -0.005728    -0.000269    -0.005459 
   44.500000    -0.001666    -0.000269    -0.001397 
   44.600000    -0.004994    -0.000269    -0.004725 
   44.700000     0.001161    -0.000269     0.001430 
   44.800000    -0.002655    -0.000269    -0.002386 
   44.900000    -0.002267    -0.000269    -0.001998 
   45.000000     0.000126    -0.000269     0.000395 
   45.100000    -0.004452    -0.000269    -0.004183 
   45.200000    -0.002771    -0.000269    -0.002502 
   45.300000    -0.004647    -0.000269    -0.004378 
   45.400000    -0.000927    -0.000269    -0.000658 
   45.500000     0.001339    -0.000269     0.001608 
   45.600000    -0.000288    -0.000269    -0.000019 
   45.700000     0.001106    -0.000269     0.001375 
   45.800000    -0.000212    -0.000269     0.000057 
   45.900000     0.001358    -0.000269     0.001627 
   46.000000     0.001191    -0.000269     0.001460 
   46.100000     0.000432    -0.000269     0.000701 
   46.200000    -0.001720    -0.000269    -0.001451 
   46.300000     0.000983    -0.000269     0.001252 
   46.400000    -0.002002    -0.000269    -0.001733 
   46.500000    -0.001003    -0.000269    -0.000734 
   46.600000     0.000764    -0.000269     0.001033 
   46.700000     0.000786    -0.000269     0.001055 
   46.800000     0.001748    -0.000269     0.002017 
   46.900000    -0.002795    -0.000269    -0.002526 
   47.000000    -0.002414    -0.000269    -0.002145 
   47.100000    -0.001330    -0.000269    -0.001061 
   47.200000    -0.001714    -0.000269    -0.001445 
   47.300000     0.000161    -0.000269     0.000430 
   47.400000     0.002132    -0.000269     0.002401 
   47.500000     0.000600    -0.000269     0.000869 
   47.600000    -0.002912    -0.000269    -0.002643 
   47.700000     0.000738    -0.000269     0.001007 
   47.800000    -0.000375    -0.000269    -0.000106 
   47.900000     0.001486    -0.000269     0.001755 
   48.000000    -0.001628    -0.000269    -0.001359 
   48.100000    -0.002394    -0.000269    -0.002125 
   48.200000    -0.000084    -0.000269     0.000185 
   48.300000    -0.000194    -0.000269     0.000075 
   48.400000     0.002228    -0.000269     0.002497 
   48.500000     0.003240    -0.000269     0.003509 
   48.600000    -0.002802    -0.000269    -0.002533 
   48.700000    -0.006610    -0.000269    -0.006341 
   48.800000    -0.004123    -0.000269    -0.003854 
   48.900000    -0.005860    -0.000269    -0.005591 
   49.000000     0.001234    -0.000269     0.001503 
   49.100000    -0.002622    -0.000269    -0.002353 
   49.200000    -0.001365    -0.000269    -0.001096 
   49.300000    -0.002136    -0.000269    -0.001867 
   49.400000    -0.000336    -0.000269    -0.000067 
   49.500000     0.003155    -0.000269     0.003424 
   49.600000     0.000464    -0.000269     0.000733 
   49.700000    -0.000584    -0.000269    -0.000315 
   49.800000     0.003856    -0.000269     0.004125 
   49.900000    -0.001059    -0.000269    -0.000790 
   50.000000    -0.002004    -0.000269    -0.001735 
   50.100000     0.006198    -0.000269     0.006467 
   50.200000     0.000218    -0.000269     0.000487 
   50.300000     0.002387    -0.000269     0.002656 
   50.400000     0.004030    -0.000269     0.004299 
   50.500000    -0.000201    -0.000269     0.000068 
   50.600000     0.000677    -0.000269     0.000946 
   50.700000    -0.003105    -0.000269    -0.002836 
   50.800000    -0.002434    -0.000269    -0.002165 
   50.900000    -0.003278    -0.000269    -0.003009 
   51.000000    -0.001668    -0.000269    -0.001399 
   51.100000     0.000814    -0.000269     0.001083 
   51.200000     0.005230    -0.000269     0.005499 
   51.300000     0.003754    -0.000269     0.004023 
   51.400000     0.005752    -0.000269     0.006021 
   51.500000     0.000091    -0.000269     0.000360 
   51.600000     0.005108    -0.000269     0.005377 
   51.700000     0.004037    -0.000269     0.004306 
   51.800000     0.001644    -0.000269     0.001913 
   51.900000     0.002199    -0.000269     0.002468 
   52.000000     0.001026    -0.000269     0.001295 
   52.100000     0.000443    -0.000269     0.000712 
   52.200000     0.000048    -0.000269     0.000317 
   52.300000     0.006510    -0.000269     0.006779 
   52.400000    -0.002307    -0.000269    -0.002038 
   52.500000     0.003345    -0.000269     0.003614 
   52.600000    -0.004087    -0.000269    -0.003818 
   52.700000    -0.000071    -0.000269     0.000198 
   52.800000    -0.000788    -0.000269    -0.000519 
   52.900000    -0.003276    -0.000269    -0.003007 
   53.000000    -0.007014    -0.000269    -0.006745 
   53.100000    -0.007342    -0.000269    -0.007073 
   53.200000    -0.007799    -0.000269    -0.007530 
   53.300000     0.000901    -0.000269     0.001170 
   53.400000    -0.006634    -0.000269    -0.006365 
   53.500000    -0.001561    -0.000269    -0.001292 
   53.600000    -0.000780    -0.000269    -0.000511 
   53.700000    -0.002687    -0.000269    -0.002418 
   53.800000    -0.001181    -0.000269    -0.000912 
   53.900000    -0.000159    -0.000269     0.000110 
   54.000000    -0.001390    -0.000269    -0.001121 
   54.100000     0.002390    -0.000269     0.002659 
   54.200000     0.003046    -0.000269     0.003315 
   54.300000     0.004725    -0.000269     0.004994 
   54.400000    -0.000536    -0.000269    -0.000267 
   54.500000     0.000550    -0.000269     0.000819 
   54.600000     0.001935    -0.000269     0.002204 
   54.700000     0.001547    -0.000269     0.001816 
   54.800000    -0.003450    -0.000269    -0.003181 
   54.900000    -0.004327    -0.000269    -0.004058 
   55.000000    -0.003922    -0.000269    -0.003653 
   55.100000    -0.000144    -0.000269     0.000125 
   55.200000     0.000529    -0.000269     0.000798 
   55.300000    -0.003511    -0.000269    -0.003242 
   55.400000    -0.003113    -0.000269    -0.002844 
   55.500000    -0.006429    -0.000269    -0.006160 
   55.600000    -0.000964    -0.000269    -0.000695 
   55.700000    -0.004055    -0.000269    -0.003786 
   55.800000    -0.001357    -0.000269    -0.001088 
   55.900000    -0.003137    -0.000269    -0.002868 
   56.000000    -0.004182    -0.000269    -0.003913 
   56.100000    -0.004398    -0.000269    -0.004129 
   56.200000    -0.004107    -0.000269    -0.003838 
   56.300000    -0.006421    -0.000269    -0.006152 
   56.400000    -0.002480    -0.000269    -0.002211 
   56.500000    -0.000841    -0.000269    -0.000572 
   56.600000     0.000165    -0.000269     0.000434 
   56.700000    -0.000008    -0.000269     0.000261 
   56.800000    -0.004167    -0.000269    -0.003898 
   56.900000    -0.006088    -0.000269    -0.005819 
   57.000000    -0.004434    -0.000269    -0.004165 
   57.100000    -0.004650    -0.000269    -0.004381 
   57.200000    -0.005127    -0.000269    -0.004858 
   57.300000    -0.009912    -0.000269    -0.009643 
   57.400000    -0.002296    -0.000269    -0.002027 
   57.500000    -0.000231    -0.000269     0.000038 
   57.600000     0.001918    -0.000269     0.002187 
   57.700000     0.002485    -0.000269     0.002754 
   57.800000    -0.002654    -0.000269    -0.002385 
   57.900000    -0.001192    -0.000269    -0.000923 
   58.000000    -0.001238    -0.000269    -0.000969 
   58.100000     0.002056    -0.000269     0.002325 
   58.200000    -0.007114    -0.000269    -0.006845 
   58.300000    -0.009304    -0.000269    -0.009035 
   58.400000    -0.003848    -0.000269    -0.003579 
   58.500000    -0.003073    -0.000269    -0.002804 
   58.600000     0.006999    -0.000269     0.007268 
   58.700000    -0.001051    -0.000269    -0.000782 
   58.800000    -0.000173    -0.000269     0.000096 
   58.900000    -0.000878    -0.000269    -0.000609 
   59.000000     0.000699    -0.000269     0.000968 
   59.100000     0.000596    -0.000269     0.000865 
   59.200000     0.002370    -0.000269     0.002639 
   59.300000     0.002057    -0.000269     0.002326 
   59.400000    -0.005594    -0.000269    -0.005325 
   59.500000    -0.000118    -0.000269     0.000151 
   59.600000    -0.003309    -0.000269    -0.003040 
   59.700000    -0.003899    -0.000269    -0.003630 
   59.800000    -0.004953    -0.000269    -0.004684 
   59.900000     0.001119    -0.000269     0.001388 
   60.000000     0.004211    -0.000269     0.004480 
   60.100000    -0.003657    -0.000269    -0.003388 
   60.200000    -0.003143    -0.000269    -0.002874 
   60.300000     0.000009    -0.000269     0.000278 
   60.400000    -0.005186    -0.000269    -0.004917 
   60.500000    -0.009179    -0.000269    -0.008910 
   60.600000    -0.006613    -0.000269    -0.006344 
   60.700000    -0.002428    -0.000269    -0.002159 
   60.800000    -0.004683    -0.000269    -0.004414 
   60.900000     0.001458    -0.000269     0.001727 
   61.000000     0.002005    -0.000269     0.002274 
   61.100000    -0.002967    -0.000269    -0.002698 
   61.200000     0.000349    -0.000269     0.000618 
   61.300000    -0.006239    -0.000269    -0.005970 
   61.400000    -0.003472    -0.000269    -0.003203 
   61.500000    -0.000571    -0.000269    -0.000302 
   61.600000    -0.000588    -0.000269    -0.000319 
   61.700000     0.004558    -0.000269     0.004827 
   61.800000    -0.001015    -0.000269    -0.000746 
   61.900000     0.004672    -0.000269     0.004941 
   62.000000     0.002633    -0.000269     0.002902 
   62.100000    -0.001667    -0.000269    -0.001398 
   62.200000    -0.000823    -0.000269    -0.000554 
   62.300000    -0.002497    -0.000269    -0.002228 
   62.400000     0.002428    -0.000269     0.002697 
   62.500000    -0.001787    -0.000269    -0.001518 
   62.600000    -0.001610    -0.000269    -0.001341 
   62.700000     0.003164    -0.000269     0.003433 
   62.800000     0.000001    -0.000269     0.000270 
   62.900000    -0.003291    -0.000269    -0.003022 
   63.000000     0.002950    -0.000269     0.003219 
   63.100000     0.002757    -0.000269     0.003026 
   63.200000     0.002494    -0.000269     0.002763 
   63.300000    -0.002038    -0.000269    -0.001769 
   63.400000     0.001607    -0.000269     0.001876 
   63.500000     0.000231    -0.000269     0.000500 
   63.600000     0.004678    -0.000269     0.004947 
   63.700000     0.000798    -0.000269     0.001067 
   63.800000     0.002055    -0.000269     0.002324 
   63.900000     0.008721    -0.000269     0.008990 
   64.000000     0.005165    -0.000269     0.005434 
   64.100000     0.007433    -0.000269     0.007702 
   64.200000     0.001943    -0.000269     0.002212 
   64.300000    -0.000169    -0.000269     0.000100 
   64.400000     0.001596    -0.000269     0.001865 
   64.500000     0.000114    -0.000269     0.000383 
   64.600000    -0.004202    -0.000269    -0.003933 
   64.700000    -0.000490    -0.000269    -0.000221 
   64.800000     0.003377    -0.000269     0.003646 
   64.900000    -0.001649    -0.000269    -0.001380 
   65.000000    -0.000492    -0.000269    -0.000223 
   65.100000     0.003022    -0.000269     0.003291 
   65.200000     0.005550    -0.000269     0.005819 
   65.300000    -0.003227    -0.000269    -0.002958 
   65.400000    -0.001952    -0.000269    -0.001683 
   65.500000     0.001107    -0.000269     0.001376 
   65.600000     0.003713    -0.000269     0.003982 
   65.700000     0.004477    -0.000269     0.004746 
   65.800000    -0.000962    -0.000269    -0.000693 
   65.900000    -0.000732    -0.000269    -0.000463 
   66.000000     0.004213    -0.000269     0.004482 
   66.100000     0.005667    -0.000269     0.005936 
   66.200000     0.003086    -0.000269     0.003355 
   66.300000     0.005596    -0.000269     0.005865 
   66.400000    -0.000240    -0.000269     0.000029 
   66.500000     0.004603    -0.000269     0.004872 
   66.600000     0.002369    -0.000269     0.002638 
   66.700000     0.003734    -0.000269     0.004003 
   66.800000     0.004050    -0.000269     0.004319 
   66.900000     0.005736    -0.000269     0.006005 
   67.000000     0.006905    -0.000269     0.007174 
   67.100000     0.004180    -0.000269     0.004449 
   67.200000     0.005602    -0.000269     0.005871 
   67.300000     0.002050    -0.000269     0.002319 
   67.400000    -0.000632    -0.000269    -0.000363 
   67.500000     0.000035    -0.000269     0.000304 
   67.600000     0.002597    -0.000269     0.002866 
   67.700000     0.000987    -0.000269     0.001256 
   67.800000     0.003548    -0.000269     0.003817 
   67.900000     0.006281    -0.000269     0.006550 
   68.000000     0.002785    -0.000269     0.003054 
   68.100000     0.000339    -0.000269     0.000608 
   68.200000     0.001078    -0.000269     0.001347 
   68.300000    -0.004130    -0.000269    -0.003861 
   68.400000     0.007388    -0.000269     0.007657 
   68.500000     0.000935    -0.000269     0.001204 
   68.600000     0.001827    -0.000269     0.002096 
   68.700000    -0.002022    -0.000269    -0.001753 
   68.800000     0.001059    -0.000269     0.001328 
   68.900000     0.003731    -0.000269     0.004000 
   69.000000    -0.001018    -0.000269    -0.000749 
   69.100000    -0.005310    -0.000269    -0.005041 
   69.200000    -0.001832    -0.000269    -0.001563 
   69.300000    -0.005971    -0.000269    -0.005702 
   69.400000    -0.008785    -0.000269    -0.008516 
   69.500000    -0.006702    -0.000269    -0.006433 
   69.600000    -0.004188    -0.000269    -0.003919 
   69.700000     0.001339    -0.000269     0.001608 
   69.800000    -0.003402    -0.000269    -0.003133 
   69.900000     0.001020    -0.000269     0.001289 
   70.000000    -0.002263    -0.000269    -0.001994 
   70.100000     0.005528    -0.000269     0.005797 
   70.200000     0.000296    -0.000269     0.000565 
   70.300000    -0.001036    -0.000269    -0.000767 
   70.400000    -0.002610    -0.000269    -0.002341 
   70.500000     0.002448    -0.000269     0.002717 
   70.600000    -0.006765    -0.000269    -0.006496 
   70.700000    -0.006325    -0.000269    -0.006056 
   70.800000    -0.001696    -0.000269    -0.001427 
   70.900000     0.001425    -0.000269     0.001694 
   71.000000    -0.003271    -0.000269    -0.003002 
   71.100000    -0.002176    -0.000269    -0.001907 
   71.200000     0.002555    -0.000269     0.002824 
   71.300000     0.001826    -0.000269     0.002095 
   71.400000    -0.004178    -0.000269    -0.003909 
   71.500000    -0.004659    -0.000269    -0.004390 
   71.600000    -0.000187    -0.000269     0.000082 
   71.700000    -0.001341    -0.000269    -0.001072 
   71.800000    -0.004697    -0.000269    -0.004428 
   71.900000    -0.000706    -0.000269    -0.000437 
   72.000000    -0.000675    -0.000269    -0.000406 
   72.100000     0.002822    -0.000269     0.003091 
   72.200000    -0.002588    -0.000269    -0.002319 
   72.300000    -0.006280    -0.000269    -0.006011 
   72.400000    -0.005903    -0.000269    -0.005634 
   72.500000    -0.002239    -0.000269    -0.001970 
   72.600000    -0.003101    -0.000269    -0.002832 
   72.700000    -0.001018    -0.000269    -0.000749 
   72.800000    -0.001968    -0.000269    -0.001699 
   72.900000     0.002398    -0.000269     0.002667 
   73.000000    -0.001444    -0.000269    -0.001175 
   73.100000    -0.000045    -0.000269     0.000224 
   73.200000    -0.009038    -0.000269    -0.008769 
   73.300000    -0.003017    -0.000269    -0.002748 
   73.400000    -0.004296    -0.000269    -0.004027 
   73.500000    -0.007745    -0.000269    -0.007476 
   73.600000    -0.002708    -0.000269    -0.002439 
   73.700000    -0.003661    -0.000269    -0.003392 
   73.800000    -0.006171    -0.000269    -0.005902 
   73.900000     0.002519    -0.000269     0.002788 
   74.000000    -0.001862    -0.000269    -0.001593 
   74.100000    -0.002127    -0.000269    -0.001858 
   74.200000     0.000675    -0.000269     0.000944 
   74.300000    -0.003688    -0.000269    -0.003419 
   74.400000    -0.003434    -0.000269    -0.003165 
   74.500000    -0.000850    -0.000269    -0.000581 
   74.600000    -0.000538    -0.000269    -0.000269 
   74.700000    -0.002709    -0.000269    -0.002440 
   74.800000    -0.000250    -0.000269     0.000019 
   74.900000    -0.000427    -0.000269    -0.000158 
   75.000000    -0.005278    -0.000269    -0.005009 
   75.100000    -0.000771    -0.000269    -0.000502 
   75.200000    -0.002248    -0.000269    -0.001979 
   75.300000    -0.002799    -0.000269    -0.002530 
   75.400000    -0.003202    -0.000269    -0.002933 
   75.500000     0.001670    -0.000269     0.001939 
   75.600000    -0.001834    -0.000269    -0.001565 
   75.700000    -0.002377    -0.000269    -0.002108 
   75.800000     0.000034    -0.000269     0.000303 
   75.900000    -0.005251    -0.000269    -0.004982 
   76.000000     0.001848    -0.000269     0.002117 
   76.100000    -0.003219    -0.000269    -0.002950 
   76.200000    -0.002138    -0.000269    -0.001869 
   76.300000    -0.004559    -0.000269    -0.004290 
   76.400000    -0.000338    -0.000269    -0.000069 
   76.500000     0.003608    -0.000269     0.003877 
   76.600000     0.002305    -0.000269     0.002574 
   76.700000     0.003537    -0.000269     0.003806 
   76.800000    -0.003313    -0.000269    -0.003044 
   76.900000    -0.004188    -0.000269    -0.003919 
   77.000000    -0.000568    -0.000269    -0.000299 
   77.100000     0.000593    -0.000269     0.000862 
   77.200000     0.001968    -0.000269     0.002237 
   77.300000     0.001490    -0.000269     0.001759 
   77.400000     0.003669    -0.000269     0.003938 
   77.500000     0.000862    -0.000269     0.001131 
   77.600000     0.005934    -0.000269     0.006203 
   77.700000     0.002117    -0.000269     0.002386 
   77.800000     0.000812    -0.000269     0.001081 
   77.900000    -0.000948    -0.000269    -0.000679 
   78.000000     0.002200    -0.000269     0.002469 
   78.100000     0.003017    -0.000269     0.003286 
   78.200000     0.004637    -0.000269     0.004906 
   78.300000     0.000969    -0.000269     0.001238 
   78.400000    -0.000971    -0.000269    -0.000702 
   78.500000     0.005346    -0.000269     0.005615 
   78.600000    -0.000908    -0.000269    -0.000639 
   78.700000     0.003265    -0.000269     0.003534 
   78.800000     0.000487    -0.000269     0.000756 
   78.900000     0.000054    -0.000269     0.000323 
   79.000000     0.004401    -0.000269     0.004670 
   79.100000     0.001786    -0.000269     0.002055 
   79.200000     0.005372    -0.000269     0.005641 
   79.300000     0.002577    -0.000269     0.002846 
   79.400000    -0.002712    -0.000269    -0.002443 
   79.500000     0.004959    -0.000269     0.005228 
   79.600000     0.001804    -0.000269     0.002073 
   79.700000     0.007133    -0.000269     0.007402 
   79.800000     0.004058    -0.000269     0.004327 
   79.900000     0.002098    -0.000269     0.002367 
   80.000000     0.006877    -0.000269     0.007146 
   80.100000     0.005728    -0.000269     0.005997 
   80.200000     0.004589    -0.000269     0.004858 
   80.300000     0.006570    -0.000269     0.006839 
   80.400000     0.007296    -0.000269     0.007565 
   80.500000     0.013412    -0.000269     0.013681 
   80.600000     0.004358    -0.000269     0.004627 
   80.700000     0.000196    -0.000269     0.000465 
   80.800000     0.006969    -0.000269     0.007238 
   80.900000     0.005555    -0.000269     0.005824 
   81.000000     0.003276    -0.000269     0.003545 
   81.100000     0.005160    -0.000269     0.005429 
   81.200000    -0.001207    -0.000269    -0.000938 
   81.300000    -0.001161    -0.000269    -0.000892 
   81.400000     0.001510    -0.000269     0.001779 
   81.500000     0.006917    -0.000269     0.007186 
   81.600000     0.005742    -0.000269     0.006011 
   81.700000    -0.003118    -0.000269    -0.002849 
   81.800000    -0.001103    -0.000269    -0.000834 
   81.900000     0.004944    -0.000269     0.005213 
   82.000000     0.003116    -0.000269     0.003385 
   82.100000     0.007121    -0.000269     0.007390 
   82.200000     0.004376    -0.000269     0.004645 
   82.300000     0.002817    -0.000269     0.003086 
   82.400000     0.005190    -0.000269     0.005459 
   82.500000     0.002265    -0.000269     0.002534 
   82.600000     0.006132    -0.000269     0.006401 
   82.700000    -0.000359    -0.000269    -0.000090 
   82.800000    -0.004583    -0.000269    -0.004314 
   82.900000    -0.001782    -0.000269    -0.001513 
   83.000000     0.002256    -0.000269     0.002525 
   83.100000     0.007750    -0.000269     0.008019 
   83.200000     0.002967    -0.000269     0.003236 
   83.300000    -0.000268    -0.000269     0.000001 
   83.400000    -0.007103    -0.000269    -0.006834 
   83.500000    -0.007014    -0.000269    -0.006745 
   83.600000    -0.002704    -0.000269    -0.002435 
   83.700000    -0.000385    -0.000269    -0.000116 
   83.800000     0.006348    -0.000269     0.006617 
   83.900000     0.005243    -0.000269     0.005512 
   84.000000     0.002451    -0.000269     0.002720 
   84.100000    -0.003161    -0.000269    -0.002892 
   84.200000    -0.002267    -0.000269    -0.001998 
   84.300000    -0.002382    -0.000269    -0.002113 
   84.400000     0.002420    -0.000269     0.002689 
   84.500000     0.000306    -0.000269     0.000575 
   84.600000    -0.003267    -0.000269    -0.002998 
   84.700000    -0.002889    -0.000269    -0.002620 
   84.800000     0.000143    -0.000269     0.000412 
   84.900000     0.004967    -0.000269     0.005236 
   85.000000     0.002326    -0.000269     0.002595 
   85.100000     0.005188    -0.000269     0.005457 
   85.200000    -0.004025    -0.000269    -0.003756 
   85.300000    -0.001066    -0.000269    -0.000797 
   85.400000    -0.003283    -0.000269    -0.003014 
   85.500000    -0.004067    -0.000269    -0.003798 
   85.600000     0.002302    -0.000269     0.002571 
   85.700000    -0.004494    -0.000269    -0.004225 
   85.800000    -0.003622    -0.000269    -0.003353 
   85.900000    -0.002980    -0.000269    -0.002711 
   86.000000    -0.004330    -0.000269    -0.004061 
   86.100000    -0.005527    -0.000269    -0.005258 
   86.200000    -0.008297    -0.000269    -0.008028 
   86.300000    -0.003714    -0.000269    -0.003445 
   86.400000    -0.006232    -0.000269    -0.005963 
   86.500000    -0.002753    -0.000269    -0.002484 
   86.600000    -0.004476    -0.000269    -0.004207 
   86.700000    -0.000679    -0.000269    -0.000410 
   86.800000    -0.002738    -0.000269    -0.002469 
   86.900000    -0.003214    -0.000269    -0.002945 
   87.000000    -0.004233    -0.000269    -0.003964 
   87.100000     0.001289    -0.000269     0.001558 
   87.200000    -0.003309    -0.000269    -0.003040 
   87.300000    -0.002765    -0.000269    -0.002496 
   87.400000     0.002733    -0.000269     0.003002 
   87.500000     0.003440    -0.000269     0.003709 
   87.600000     0.001206    -0.000269     0.001475 
   87.700000    -0.000283    -0.000269    -0.000014 
   87.800000     0.002135    -0.000269     0.002404 
   87.900000     0.005202    -0.000269     0.005471 
   88.000000     0.001501    -0.000269     0.001770 
   88.100000     0.006251    -0.000269     0.006520 
   88.200000     0.002951    -0.000269     0.003220 
   88.300000    -0.002548    -0.000269    -0.002279 
   88.400000    -0.002274    -0.000269    -0.002005 
   88.500000     0.000000    -0.000269     0.000269 
   88.600000    -0.003924    -0.000269    -0.003655 
   88.700000     0.002929    -0.000269     0.003198 
   88.800000     0.003752    -0.000269     0.004021 
   88.900000     0.010547    -0.000269     0.010816 
   89.000000     0.003462    -0.000269     0.003731 
   89.100000    -0.002571    -0.000269    -0.002302 
   89.200000    -0.006108    -0.000269    -0.005839 
   89.300000    -0.002743    -0.000269    -0.002474 
   89.400000     0.004596    -0.000269     0.004865 
   89.500000    -0.000603    -0.000269    -0.000334 
   89.600000    -0.005143    -0.000269    -0.004874 
   89.700000     0.000181    -0.000269     0.000450 
   89.800000     0.002213    -0.000269     0.002482 
   89.900000    -0.003503    -0.000269    -0.003234 
   90.000000    -0.005234    -0.000269    -0.004965 
   90.100000     0.004059    -0.000269     0.004328 
   90.200000     0.007681    -0.000269     0.007950 
   90.300000     0.003634    -0.000269     0.003903 
   90.400000     0.007576    -0.000269     0.007845 
   90.500000     0.008402    -0.000269     0.008671 
   90.600000     0.003649    -0.000269     0.003918 
   90.700000     0.010250    -0.000269     0.010519 
   90.800000     0.003693    -0.000269     0.003962 
   90.900000     0.001281    -0.000269     0.001550 
   91.000000     0.003401    -0.000269     0.003670 
   91.100000     0.007342    -0.000269     0.007611 
   91.200000     0.007510    -0.000269     0.007779 
   91.300000     0.009277    -0.000269     0.009546 
   91.400000     0.006438    -0.000269     0.006707 
   91.500000    -0.001192    -0.000269    -0.000923 
   91.600000    -0.000090    -0.000269     0.000179 
   91.700000     0.002787    -0.000269     0.003056 
   91.800000     0.003938    -0.000269     0.004207 
   91.900000    -0.000081    -0.000269     0.000188 
   92.000000     0.004331    -0.000269     0.004600 
   92.100000     0.004565    -0.000269     0.004834 
   92.200000     0.003337    -0.000269     0.003606 
   92.300000     0.005796    -0.000269     0.006065 
   92.400000     0.003244    -0.000269     0.003513 
   92.500000    -0.004993    -0.000269    -0.004724 
   92.600000    -0.000869    -0.000269    -0.000600 
   92.700000    -0.000829    -0.000269    -0.000560 
   92.800000    -0.002588    -0.000269    -0.002319 
   92.900000     0.000447    -0.000269     0.000716 
   93.000000    -0.002232    -0.000269    -0.001963 
   93.100000    -0.000487    -0.000269    -0.000218 
   93.200000    -0.001420    -0.000269    -0.001151 
   93.300000     0.003467    -0.000269     0.003736 
   93.400000    -0.009426    -0.000269    -0.009157 
   93.500000    -0.002716    -0.000269    -0.002447 
   93.600000    -0.005781    -0.000269    -0.005512 
   93.700000     0.002737    -0.000269     0.003006 
   93.800000     0.001680    -0.000269     0.001949 
   93.900000    -0.000491    -0.000269    -0.000222 
   94.000000     0.002772    -0.000269     0.003041 
   94.100000    -0.003293    -0.000269    -0.003024 
   94.200000     0.001984    -0.000269     0.002253 
   94.300000     0.003826    -0.000269     0.004095 
   94.400000     0.001937    -0.000269     0.002206 
   94.500000     0.002860    -0.000269     0.003129 
   94.600000     0.001527    -0.000269     0.001796 
   94.700000     0.006247    -0.000269     0.006516 
   94.800000     0.005415    -0.000269     0.005684 
   94.900000     0.002185    -0.000269     0.002454 
   95.000000     0.003823    -0.000269     0.004092 
   95.100000     0.006133    -0.000269     0.006402 
   95.200000     0.007229    -0.000269     0.007498 
   95.300000     0.006440    -0.000269     0.006709 
   95.400000     0.005007    -0.000269     0.005276 
   95.500000     0.001354    -0.000269     0.001623 
   95.600000    -0.000032    -0.000269     0.000237 
   95.700000    -0.001290    -0.000269    -0.001021 
   95.800000    -0.002070    -0.000269    -0.001801 
   95.900000     0.000898    -0.000269     0.001167 
   96.000000     0.003868    -0.000269     0.004137 
   96.100000     0.004374    -0.000269     0.004643 
   96.200000     0.002267    -0.000269     0.002536 
   96.300000     0.000296    -0.000269     0.000565 
   96.400000     0.002927    -0.000269     0.003196 
   96.500000     0.000542    -0.000269     0.000811 
   96.600000    -0.002406    -0.000269    -0.002137 
   96.700000    -0.002007    -0.000269    -0.001738 
   96.800000    -0.006102    -0.000269    -0.005833 
   96.900000    -0.006373    -0.000269    -0.006104 
   97.000000    -0.002474    -0.000269    -0.002205 
   97.100000    -0.000728    -0.000269    -0.000459 
   97.200000    -0.007444    -0.000269    -0.007175 
   97.300000    -0.004263    -0.000269    -0.003994 
   97.400000     0.001214    -0.000269     0.001483 
   97.500000    -0.004548    -0.000269    -0.004279 
   97.600000    -0.004392    -0.000269    -0.004123 
   97.700000     0.003104    -0.000269     0.003373 
   97.800000     0.000795    -0.000269     0.001064 
   97.900000    -0.001163    -0.000269    -0.000894 
   98.000000    -0.003735    -0.000269    -0.003466 
   98.100000    -0.005460    -0.000269    -0.005191 
   98.200000    -0.005056    -0.000269    -0.004787 
   98.300000    -0.001855    -0.000269    -0.001586 
   98.400000    -0.007445    -0.000269    -0.007176 
   98.500000    -0.007091    -0.000269    -0.006822 
   98.600000     0.005886    -0.000269     0.006155 
   98.700000    -0.005691    -0.000269    -0.005422 
   98.800000    -0.003530    -0.000269    -0.003261 
   98.900000     0.001982    -0.000269     0.002251 
   99.000000    -0.003423    -0.000269    -0.003154 
   99.100000    -0.002065    -0.000269    -0.001796 
   99.200000    -0.002467    -0.000269    -0.002198 
   99.300000     0.003324    -0.000269     0.003593 
   99.400000    -0.003761    -0.000269    -0.003492 
   99.500000    -0.007611    -0.000269    -0.007342 
   99.600000    -0.005631    -0.000269    -0.005362 
   99.700000    -0.000478    -0.000269    -0.000209 
   99.800000    -0.006768    -0.000269    -0.006499 
   99.900000    -0.003947    -0.000269    -0.003678 
  100.000000    -0.000757    -0.000269    -0.000488 
