##fit: rolloffp.out
    0.500000     0.010104     0.010945    -0.000841 
    0.600000     0.011916     0.009636     0.002280 
    0.700000     0.007953     0.008483    -0.000530 
    0.800000     0.006408     0.007469    -0.001061 
    0.900000     0.004870     0.006577    -0.001707 
    1.000000     0.003352     0.005792    -0.002440 
    1.100000     0.009180     0.005102     0.004078 
    1.200000     0.009219     0.004494     0.004725 
    1.300000     0.002496     0.003959    -0.001463 
    1.400000     0.004929     0.003489     0.001440 
    1.500000    -0.000859     0.003075    -0.003934 
    1.600000     0.000322     0.002710    -0.002388 
    1.700000     0.002655     0.002390     0.000265 
    1.800000     0.001252     0.002108    -0.000856 
    1.900000     0.002891     0.001859     0.001032 
    2.000000    -0.001244     0.001641    -0.002885 
    2.100000     0.005086     0.001449     0.003637 
    2.200000     0.002351     0.001280     0.001071 
    2.300000     0.001125     0.001131    -0.000006 
    2.400000    -0.000270     0.001000    -0.001270 
    2.500000     0.000417     0.000885    -0.000468 
    2.600000     0.001055     0.000783     0.000272 
    2.700000     0.001004     0.000694     0.000310 
    2.800000     0.000193     0.000616    -0.000423 
    2.900000     0.000414     0.000547    -0.000133 
    3.000000     0.001176     0.000486     0.000690 
    3.100000     0.001640     0.000432     0.001208 
    3.200000     0.000844     0.000385     0.000459 
    3.300000     0.000613     0.000344     0.000269 
    3.400000     0.001007     0.000308     0.000699 
    3.500000     0.000688     0.000276     0.000412 
    3.600000    -0.003899     0.000247    -0.004146 
    3.700000     0.001224     0.000223     0.001001 
    3.800000     0.001311     0.000201     0.001110 
    3.900000     0.001441     0.000181     0.001260 
    4.000000     0.003844     0.000165     0.003679 
    4.100000    -0.000489     0.000150    -0.000639 
    4.200000     0.002545     0.000137     0.002408 
    4.300000    -0.000969     0.000125    -0.001094 
    4.400000     0.001191     0.000115     0.001076 
    4.500000     0.001849     0.000106     0.001743 
    4.600000    -0.001792     0.000098    -0.001890 
    4.700000    -0.000107     0.000091    -0.000198 
    4.800000    -0.001320     0.000085    -0.001405 
    4.900000    -0.000814     0.000080    -0.000894 
    5.000000    -0.001186     0.000075    -0.001261 
    5.100000     0.002186     0.000071     0.002115 
    5.200000     0.000397     0.000067     0.000330 
    5.300000    -0.005551     0.000064    -0.005615 
    5.400000    -0.001540     0.000061    -0.001601 
    5.500000    -0.003303     0.000059    -0.003362 
    5.600000     0.000237     0.000057     0.000180 
    5.700000     0.002218     0.000055     0.002163 
    5.800000    -0.000149     0.000053    -0.000202 
    5.900000    -0.002631     0.000052    -0.002683 
    6.000000    -0.001723     0.000050    -0.001773 
    6.100000    -0.001038     0.000049    -0.001087 
    6.200000    -0.002027     0.000048    -0.002075 
    6.300000     0.001580     0.000047     0.001533 
    6.400000    -0.001175     0.000046    -0.001221 
    6.500000    -0.002205     0.000046    -0.002251 
    6.600000    -0.002512     0.000045    -0.002557 
    6.700000    -0.002291     0.000045    -0.002336 
    6.800000    -0.003028     0.000044    -0.003072 
    6.900000    -0.004111     0.000044    -0.004155 
    7.000000    -0.003053     0.000043    -0.003096 
    7.100000    -0.001120     0.000043    -0.001163 
    7.200000     0.000928     0.000043     0.000885 
    7.300000     0.002946     0.000043     0.002903 
    7.400000     0.002078     0.000042     0.002036 
    7.500000     0.000193     0.000042     0.000151 
    7.600000    -0.001719     0.000042    -0.001761 
    7.700000    -0.001521     0.000042    -0.001563 
    7.800000    -0.000362     0.000042    -0.000404 
    7.900000     0.003532     0.000042     0.003490 
    8.000000     0.002641     0.000041     0.002600 
    8.100000     0.002683     0.000041     0.002642 
    8.200000    -0.001060     0.000041    -0.001101 
    8.300000     0.000425     0.000041     0.000384 
    8.400000     0.001992     0.000041     0.001951 
    8.500000     0.003107     0.000041     0.003066 
    8.600000     0.001234     0.000041     0.001193 
    8.700000     0.003559     0.000041     0.003518 
    8.800000     0.004095     0.000041     0.004054 
    8.900000     0.002039     0.000041     0.001998 
    9.000000    -0.002728     0.000041    -0.002769 
    9.100000     0.004056     0.000041     0.004015 
    9.200000     0.001938     0.000041     0.001897 
    9.300000     0.002383     0.000041     0.002342 
    9.400000    -0.001461     0.000041    -0.001502 
    9.500000     0.001488     0.000041     0.001447 
    9.600000     0.004705     0.000041     0.004664 
    9.700000     0.007010     0.000041     0.006969 
    9.800000     0.004009     0.000041     0.003968 
    9.900000     0.001617     0.000041     0.001576 
   10.000000     0.004938     0.000041     0.004897 
   10.100000     0.002150     0.000041     0.002109 
   10.200000     0.002875     0.000041     0.002834 
   10.300000     0.000737     0.000041     0.000696 
   10.400000    -0.002170     0.000041    -0.002211 
   10.500000    -0.000924     0.000041    -0.000965 
   10.600000    -0.001149     0.000041    -0.001190 
   10.700000     0.001517     0.000041     0.001476 
   10.800000     0.001913     0.000041     0.001872 
   10.900000     0.003104     0.000041     0.003063 
   11.000000     0.000400     0.000041     0.000359 
   11.100000     0.003007     0.000041     0.002966 
   11.200000    -0.000964     0.000041    -0.001005 
   11.300000    -0.000648     0.000041    -0.000689 
   11.400000    -0.000085     0.000041    -0.000126 
   11.500000     0.001047     0.000041     0.001006 
   11.600000     0.000191     0.000041     0.000150 
   11.700000    -0.001611     0.000041    -0.001652 
   11.800000    -0.000695     0.000041    -0.000736 
   11.900000     0.000473     0.000041     0.000432 
   12.000000     0.002154     0.000041     0.002113 
   12.100000     0.000167     0.000041     0.000126 
   12.200000     0.005349     0.000041     0.005308 
   12.300000     0.003988     0.000041     0.003947 
   12.400000     0.002078     0.000041     0.002037 
   12.500000     0.000369     0.000041     0.000328 
   12.600000    -0.004354     0.000041    -0.004395 
   12.700000    -0.003589     0.000041    -0.003630 
   12.800000    -0.002851     0.000041    -0.002892 
   12.900000    -0.001171     0.000041    -0.001212 
   13.000000     0.000594     0.000041     0.000553 
   13.100000     0.001341     0.000041     0.001300 
   13.200000     0.001905     0.000041     0.001864 
   13.300000     0.002502     0.000041     0.002461 
   13.400000    -0.001552     0.000041    -0.001593 
   13.500000     0.002623     0.000041     0.002582 
   13.600000     0.005662     0.000041     0.005621 
   13.700000    -0.002621     0.000041    -0.002662 
   13.800000    -0.002932     0.000041    -0.002973 
   13.900000     0.002287     0.000041     0.002246 
   14.000000    -0.007243     0.000041    -0.007284 
   14.100000    -0.003471     0.000041    -0.003512 
   14.200000     0.000272     0.000041     0.000231 
   14.300000    -0.001444     0.000041    -0.001485 
   14.400000    -0.001777     0.000041    -0.001818 
   14.500000    -0.003694     0.000041    -0.003735 
   14.600000    -0.004208     0.000041    -0.004249 
   14.700000    -0.002648     0.000041    -0.002689 
   14.800000    -0.000832     0.000041    -0.000873 
   14.900000     0.001385     0.000041     0.001344 
   15.000000    -0.003518     0.000041    -0.003559 
   15.100000    -0.004917     0.000041    -0.004958 
   15.200000     0.001403     0.000041     0.001362 
   15.300000    -0.000191     0.000041    -0.000232 
   15.400000     0.001314     0.000041     0.001273 
   15.500000    -0.000866     0.000041    -0.000907 
   15.600000     0.002892     0.000041     0.002851 
   15.700000    -0.003690     0.000041    -0.003731 
   15.800000    -0.001430     0.000041    -0.001471 
   15.900000    -0.001751     0.000041    -0.001792 
   16.000000    -0.003722     0.000041    -0.003763 
   16.100000    -0.002608     0.000041    -0.002649 
   16.200000     0.003933     0.000041     0.003892 
   16.300000    -0.005386     0.000041    -0.005427 
   16.400000     0.002363     0.000041     0.002322 
   16.500000     0.002297     0.000041     0.002256 
   16.600000    -0.000963     0.000041    -0.001004 
   16.700000     0.003713     0.000041     0.003672 
   16.800000     0.001512     0.000041     0.001471 
   16.900000    -0.001732     0.000041    -0.001773 
   17.000000    -0.003066     0.000041    -0.003107 
   17.100000    -0.002280     0.000041    -0.002321 
   17.200000    -0.001992     0.000041    -0.002033 
   17.300000     0.004548     0.000041     0.004507 
   17.400000    -0.002529     0.000041    -0.002570 
   17.500000    -0.007186     0.000041    -0.007227 
   17.600000    -0.003509     0.000041    -0.003550 
   17.700000    -0.001084     0.000041    -0.001125 
   17.800000     0.003351     0.000041     0.003310 
   17.900000     0.000930     0.000041     0.000889 
   18.000000     0.004811     0.000041     0.004770 
   18.100000     0.001202     0.000041     0.001161 
   18.200000     0.002079     0.000041     0.002038 
   18.300000     0.002862     0.000041     0.002821 
   18.400000     0.000214     0.000041     0.000173 
   18.500000     0.005464     0.000041     0.005423 
   18.600000     0.001539     0.000041     0.001498 
   18.700000    -0.004165     0.000041    -0.004206 
   18.800000    -0.000882     0.000041    -0.000923 
   18.900000    -0.000831     0.000041    -0.000872 
   19.000000     0.000569     0.000041     0.000528 
   19.100000    -0.000187     0.000041    -0.000228 
   19.200000     0.003525     0.000041     0.003484 
   19.300000     0.000385     0.000041     0.000344 
   19.400000    -0.001155     0.000041    -0.001196 
   19.500000     0.002566     0.000041     0.002525 
   19.600000    -0.001541     0.000041    -0.001582 
   19.700000    -0.005636     0.000041    -0.005677 
   19.800000    -0.000453     0.000041    -0.000494 
   19.900000    -0.002487     0.000041    -0.002528 
   20.000000    -0.007395     0.000041    -0.007436 
   20.100000    -0.006044     0.000041    -0.006085 
   20.200000    -0.000878     0.000041    -0.000919 
   20.300000    -0.002287     0.000041    -0.002328 
   20.400000    -0.000535     0.000041    -0.000576 
   20.500000    -0.003543     0.000041    -0.003584 
   20.600000    -0.003416     0.000041    -0.003457 
   20.700000     0.001167     0.000041     0.001126 
   20.800000    -0.000682     0.000041    -0.000723 
   20.900000     0.004148     0.000041     0.004107 
   21.000000    -0.000860     0.000041    -0.000901 
   21.100000    -0.002464     0.000041    -0.002505 
   21.200000    -0.004580     0.000041    -0.004621 
   21.300000    -0.001595     0.000041    -0.001636 
   21.400000    -0.002936     0.000041    -0.002977 
   21.500000     0.001766     0.000041     0.001725 
   21.600000     0.004178     0.000041     0.004137 
   21.700000     0.003552     0.000041     0.003511 
   21.800000    -0.000279     0.000041    -0.000320 
   21.900000     0.002215     0.000041     0.002174 
   22.000000     0.004849     0.000041     0.004808 
   22.100000     0.003562     0.000041     0.003521 
   22.200000    -0.001839     0.000041    -0.001880 
   22.300000     0.002320     0.000041     0.002279 
   22.400000    -0.000567     0.000041    -0.000608 
   22.500000    -0.002692     0.000041    -0.002733 
   22.600000    -0.003243     0.000041    -0.003284 
   22.700000    -0.001003     0.000041    -0.001044 
   22.800000     0.005622     0.000041     0.005581 
   22.900000     0.002688     0.000041     0.002647 
   23.000000    -0.001811     0.000041    -0.001852 
   23.100000    -0.002558     0.000041    -0.002599 
   23.200000    -0.002874     0.000041    -0.002915 
   23.300000    -0.002783     0.000041    -0.002824 
   23.400000    -0.004961     0.000041    -0.005002 
   23.500000    -0.004785     0.000041    -0.004826 
   23.600000    -0.001058     0.000041    -0.001099 
   23.700000     0.002307     0.000041     0.002266 
   23.800000    -0.002977     0.000041    -0.003018 
   23.900000    -0.004534     0.000041    -0.004575 
   24.000000    -0.002898     0.000041    -0.002939 
   24.100000    -0.001182     0.000041    -0.001223 
   24.200000    -0.002898     0.000041    -0.002939 
   24.300000    -0.001706     0.000041    -0.001747 
   24.400000     0.002577     0.000041     0.002536 
   24.500000    -0.002572     0.000041    -0.002613 
   24.600000    -0.000975     0.000041    -0.001016 
   24.700000     0.000092     0.000041     0.000051 
   24.800000    -0.002741     0.000041    -0.002782 
   24.900000    -0.001631     0.000041    -0.001672 
   25.000000     0.001479     0.000041     0.001438 
   25.100000     0.002960     0.000041     0.002919 
   25.200000    -0.000394     0.000041    -0.000435 
   25.300000     0.002439     0.000041     0.002398 
   25.400000    -0.000696     0.000041    -0.000737 
   25.500000    -0.000261     0.000041    -0.000302 
   25.600000    -0.003899     0.000041    -0.003940 
   25.700000    -0.002282     0.000041    -0.002323 
   25.800000    -0.002041     0.000041    -0.002082 
   25.900000    -0.000109     0.000041    -0.000150 
   26.000000    -0.000496     0.000041    -0.000537 
   26.100000    -0.003629     0.000041    -0.003670 
   26.200000     0.001652     0.000041     0.001611 
   26.300000     0.000185     0.000041     0.000144 
   26.400000     0.000755     0.000041     0.000714 
   26.500000     0.000749     0.000041     0.000708 
   26.600000    -0.000098     0.000041    -0.000139 
   26.700000     0.002417     0.000041     0.002376 
   26.800000    -0.000070     0.000041    -0.000111 
   26.900000     0.000231     0.000041     0.000190 
   27.000000    -0.000713     0.000041    -0.000754 
   27.100000    -0.001989     0.000041    -0.002030 
   27.200000    -0.001840     0.000041    -0.001881 
   27.300000    -0.002339     0.000041    -0.002380 
   27.400000     0.000856     0.000041     0.000815 
   27.500000     0.001724     0.000041     0.001683 
   27.600000     0.001429     0.000041     0.001388 
   27.700000     0.001672     0.000041     0.001631 
   27.800000    -0.000055     0.000041    -0.000096 
   27.900000     0.001297     0.000041     0.001256 
   28.000000    -0.000143     0.000041    -0.000184 
   28.100000    -0.003036     0.000041    -0.003077 
   28.200000     0.001860     0.000041     0.001819 
   28.300000    -0.002553     0.000041    -0.002594 
   28.400000     0.000704     0.000041     0.000663 
   28.500000    -0.001748     0.000041    -0.001789 
   28.600000    -0.002222     0.000041    -0.002263 
   28.700000     0.000742     0.000041     0.000701 
   28.800000    -0.001541     0.000041    -0.001582 
   28.900000     0.000747     0.000041     0.000706 
   29.000000    -0.001199     0.000041    -0.001240 
   29.100000    -0.003495     0.000041    -0.003536 
   29.200000    -0.003327     0.000041    -0.003368 
   29.300000     0.003287     0.000041     0.003246 
   29.400000    -0.001839     0.000041    -0.001880 
   29.500000    -0.003767     0.000041    -0.003808 
   29.600000    -0.000767     0.000041    -0.000808 
   29.700000     0.000002     0.000041    -0.000039 
   29.800000    -0.003595     0.000041    -0.003636 
   29.900000    -0.004312     0.000041    -0.004353 
   30.000000    -0.001465     0.000041    -0.001506 
   30.100000    -0.000392     0.000041    -0.000433 
   30.200000    -0.002308     0.000041    -0.002349 
   30.300000     0.001593     0.000041     0.001552 
   30.400000     0.001361     0.000041     0.001320 
   30.500000    -0.004516     0.000041    -0.004557 
   30.600000     0.000978     0.000041     0.000937 
   30.700000     0.002148     0.000041     0.002107 
   30.800000    -0.000758     0.000041    -0.000799 
   30.900000     0.000441     0.000041     0.000400 
   31.000000    -0.000551     0.000041    -0.000592 
   31.100000    -0.003976     0.000041    -0.004017 
   31.200000    -0.005451     0.000041    -0.005492 
   31.300000    -0.005093     0.000041    -0.005134 
   31.400000     0.003983     0.000041     0.003942 
   31.500000     0.005522     0.000041     0.005481 
   31.600000     0.000614     0.000041     0.000573 
   31.700000     0.000231     0.000041     0.000190 
   31.800000     0.004842     0.000041     0.004801 
   31.900000     0.000971     0.000041     0.000930 
   32.000000     0.002281     0.000041     0.002240 
   32.100000     0.005405     0.000041     0.005364 
   32.200000     0.000917     0.000041     0.000876 
   32.300000     0.000930     0.000041     0.000889 
   32.400000    -0.000580     0.000041    -0.000621 
   32.500000    -0.001246     0.000041    -0.001287 
   32.600000     0.002776     0.000041     0.002735 
   32.700000    -0.000894     0.000041    -0.000935 
   32.800000    -0.001545     0.000041    -0.001586 
   32.900000     0.002940     0.000041     0.002899 
   33.000000    -0.001209     0.000041    -0.001250 
   33.100000     0.003972     0.000041     0.003931 
   33.200000     0.001305     0.000041     0.001264 
   33.300000    -0.001839     0.000041    -0.001880 
   33.400000    -0.002943     0.000041    -0.002984 
   33.500000    -0.006305     0.000041    -0.006346 
   33.600000    -0.000126     0.000041    -0.000167 
   33.700000    -0.003163     0.000041    -0.003204 
   33.800000    -0.006373     0.000041    -0.006414 
   33.900000    -0.003402     0.000041    -0.003443 
   34.000000    -0.003946     0.000041    -0.003987 
   34.100000    -0.001579     0.000041    -0.001620 
   34.200000     0.001518     0.000041     0.001477 
   34.300000    -0.001052     0.000041    -0.001093 
   34.400000     0.002347     0.000041     0.002306 
   34.500000     0.001779     0.000041     0.001738 
   34.600000    -0.000116     0.000041    -0.000157 
   34.700000     0.000273     0.000041     0.000232 
   34.800000    -0.003695     0.000041    -0.003736 
   34.900000    -0.001239     0.000041    -0.001280 
   35.000000    -0.004384     0.000041    -0.004425 
   35.100000    -0.002853     0.000041    -0.002894 
   35.200000     0.000122     0.000041     0.000081 
   35.300000    -0.001096     0.000041    -0.001137 
   35.400000     0.001455     0.000041     0.001414 
   35.500000     0.002273     0.000041     0.002232 
   35.600000     0.002136     0.000041     0.002095 
   35.700000    -0.000353     0.000041    -0.000394 
   35.800000     0.001259     0.000041     0.001218 
   35.900000     0.000678     0.000041     0.000637 
   36.000000    -0.002018     0.000041    -0.002059 
   36.100000    -0.001156     0.000041    -0.001197 
   36.200000    -0.000738     0.000041    -0.000779 
   36.300000    -0.003380     0.000041    -0.003421 
   36.400000    -0.002953     0.000041    -0.002994 
   36.500000     0.002223     0.000041     0.002182 
   36.600000    -0.002124     0.000041    -0.002165 
   36.700000     0.000577     0.000041     0.000536 
   36.800000    -0.000652     0.000041    -0.000693 
   36.900000    -0.004478     0.000041    -0.004519 
   37.000000     0.002929     0.000041     0.002888 
   37.100000     0.004985     0.000041     0.004944 
   37.200000     0.002352     0.000041     0.002311 
   37.300000     0.005524     0.000041     0.005483 
   37.400000     0.001498     0.000041     0.001457 
   37.500000     0.002036     0.000041     0.001995 
   37.600000     0.001162     0.000041     0.001121 
   37.700000    -0.000219     0.000041    -0.000260 
   37.800000    -0.000023     0.000041    -0.000064 
   37.900000    -0.003044     0.000041    -0.003085 
   38.000000    -0.000117     0.000041    -0.000158 
   38.100000    -0.004772     0.000041    -0.004813 
   38.200000    -0.004679     0.000041    -0.004720 
   38.300000    -0.002495     0.000041    -0.002536 
   38.400000    -0.001946     0.000041    -0.001987 
   38.500000    -0.002277     0.000041    -0.002318 
   38.600000     0.001023     0.000041     0.000982 
   38.700000    -0.001124     0.000041    -0.001165 
   38.800000    -0.000280     0.000041    -0.000321 
   38.900000     0.001298     0.000041     0.001257 
   39.000000     0.000673     0.000041     0.000632 
   39.100000     0.001687     0.000041     0.001646 
   39.200000     0.000385     0.000041     0.000344 
   39.300000     0.003987     0.000041     0.003946 
   39.400000     0.002596     0.000041     0.002555 
   39.500000     0.002544     0.000041     0.002503 
   39.600000     0.002515     0.000041     0.002474 
   39.700000    -0.000032     0.000041    -0.000073 
   39.800000    -0.000272     0.000041    -0.000313 
   39.900000     0.003582     0.000041     0.003541 
   40.000000     0.005510     0.000041     0.005469 
   40.100000     0.003805     0.000041     0.003764 
   40.200000     0.000401     0.000041     0.000360 
   40.300000    -0.003697     0.000041    -0.003738 
   40.400000    -0.002669     0.000041    -0.002710 
   40.500000     0.001173     0.000041     0.001132 
   40.600000     0.004319     0.000041     0.004278 
   40.700000     0.005062     0.000041     0.005021 
   40.800000     0.003080     0.000041     0.003039 
   40.900000    -0.002583     0.000041    -0.002624 
   41.000000     0.000262     0.000041     0.000221 
   41.100000     0.007637     0.000041     0.007596 
   41.200000     0.003909     0.000041     0.003868 
   41.300000    -0.000680     0.000041    -0.000721 
   41.400000     0.003394     0.000041     0.003353 
   41.500000    -0.000448     0.000041    -0.000489 
   41.600000     0.004517     0.000041     0.004476 
   41.700000    -0.000717     0.000041    -0.000758 
   41.800000    -0.000310     0.000041    -0.000351 
   41.900000    -0.002150     0.000041    -0.002191 
   42.000000     0.000763     0.000041     0.000722 
   42.100000     0.003796     0.000041     0.003755 
   42.200000     0.000828     0.000041     0.000787 
   42.300000    -0.001954     0.000041    -0.001995 
   42.400000     0.000849     0.000041     0.000808 
   42.500000     0.004681     0.000041     0.004640 
   42.600000     0.001964     0.000041     0.001923 
   42.700000     0.000103     0.000041     0.000062 
   42.800000    -0.001015     0.000041    -0.001056 
   42.900000     0.000566     0.000041     0.000525 
   43.000000     0.000559     0.000041     0.000518 
   43.100000    -0.001617     0.000041    -0.001658 
   43.200000     0.003120     0.000041     0.003079 
   43.300000    -0.001438     0.000041    -0.001479 
   43.400000    -0.002363     0.000041    -0.002404 
   43.500000     0.000811     0.000041     0.000770 
   43.600000     0.003943     0.000041     0.003902 
   43.700000     0.001260     0.000041     0.001219 
   43.800000     0.001181     0.000041     0.001140 
   43.900000     0.001666     0.000041     0.001625 
   44.000000    -0.003880     0.000041    -0.003921 
   44.100000    -0.000579     0.000041    -0.000620 
   44.200000    -0.001027     0.000041    -0.001068 
   44.300000     0.000759     0.000041     0.000718 
   44.400000    -0.005406     0.000041    -0.005447 
   44.500000     0.000154     0.000041     0.000113 
   44.600000     0.000551     0.000041     0.000510 
   44.700000     0.002340     0.000041     0.002299 
   44.800000     0.000626     0.000041     0.000585 
   44.900000     0.001873     0.000041     0.001832 
   45.000000     0.001595     0.000041     0.001554 
   45.100000    -0.001505     0.000041    -0.001546 
   45.200000    -0.006105     0.000041    -0.006146 
   45.300000    -0.000871     0.000041    -0.000912 
   45.400000    -0.001357     0.000041    -0.001398 
   45.500000     0.000162     0.000041     0.000121 
   45.600000     0.002065     0.000041     0.002024 
   45.700000     0.003218     0.000041     0.003177 
   45.800000     0.004211     0.000041     0.004170 
   45.900000    -0.001634     0.000041    -0.001675 
   46.000000    -0.002458     0.000041    -0.002499 
   46.100000     0.001028     0.000041     0.000987 
   46.200000    -0.004570     0.000041    -0.004611 
   46.300000    -0.000966     0.000041    -0.001007 
   46.400000     0.002934     0.000041     0.002893 
   46.500000    -0.000132     0.000041    -0.000173 
   46.600000    -0.001172     0.000041    -0.001213 
   46.700000    -0.004269     0.000041    -0.004310 
   46.800000     0.002287     0.000041     0.002246 
   46.900000     0.000496     0.000041     0.000455 
   47.000000    -0.007401     0.000041    -0.007442 
   47.100000    -0.002390     0.000041    -0.002431 
   47.200000    -0.002173     0.000041    -0.002214 
   47.300000    -0.001021     0.000041    -0.001062 
   47.400000    -0.002919     0.000041    -0.002960 
   47.500000    -0.002181     0.000041    -0.002222 
   47.600000    -0.005890     0.000041    -0.005931 
   47.700000     0.000451     0.000041     0.000410 
   47.800000     0.001702     0.000041     0.001661 
   47.900000    -0.000111     0.000041    -0.000152 
   48.000000    -0.000087     0.000041    -0.000128 
   48.100000    -0.000408     0.000041    -0.000449 
   48.200000    -0.000422     0.000041    -0.000463 
   48.300000    -0.000117     0.000041    -0.000158 
   48.400000     0.004872     0.000041     0.004831 
   48.500000     0.004161     0.000041     0.004120 
   48.600000     0.000388     0.000041     0.000347 
   48.700000     0.001937     0.000041     0.001896 
   48.800000     0.002336     0.000041     0.002295 
   48.900000    -0.002502     0.000041    -0.002543 
   49.000000    -0.002268     0.000041    -0.002309 
   49.100000    -0.000606     0.000041    -0.000647 
   49.200000     0.005474     0.000041     0.005433 
   49.300000     0.005328     0.000041     0.005287 
   49.400000     0.003299     0.000041     0.003258 
   49.500000    -0.002125     0.000041    -0.002166 
   49.600000    -0.000272     0.000041    -0.000313 
   49.700000     0.002140     0.000041     0.002099 
   49.800000    -0.001008     0.000041    -0.001049 
   49.900000     0.003732     0.000041     0.003691 
   50.000000     0.003795     0.000041     0.003754 
   50.100000     0.001896     0.000041     0.001855 
   50.200000    -0.001237     0.000041    -0.001278 
   50.300000     0.003722     0.000041     0.003681 
   50.400000    -0.003249     0.000041    -0.003290 
   50.500000     0.002256     0.000041     0.002215 
   50.600000     0.000401     0.000041     0.000360 
   50.700000     0.000617     0.000041     0.000576 
   50.800000     0.002115     0.000041     0.002074 
   50.900000    -0.002757     0.000041    -0.002798 
   51.000000    -0.001784     0.000041    -0.001825 
   51.100000    -0.002026     0.000041    -0.002067 
   51.200000     0.002759     0.000041     0.002718 
   51.300000    -0.000708     0.000041    -0.000749 
   51.400000    -0.001873     0.000041    -0.001914 
   51.500000    -0.004941     0.000041    -0.004982 
   51.600000     0.001633     0.000041     0.001592 
   51.700000     0.002768     0.000041     0.002727 
   51.800000     0.002390     0.000041     0.002349 
   51.900000    -0.002514     0.000041    -0.002555 
   52.000000    -0.005854     0.000041    -0.005895 
   52.100000    -0.001527     0.000041    -0.001568 
   52.200000    -0.005246     0.000041    -0.005287 
   52.300000    -0.006294     0.000041    -0.006335 
   52.400000    -0.000089     0.000041    -0.000130 
   52.500000    -0.004458     0.000041    -0.004499 
   52.600000    -0.000045     0.000041    -0.000086 
   52.700000     0.005297     0.000041     0.005256 
   52.800000     0.000910     0.000041     0.000869 
   52.900000    -0.003163     0.000041    -0.003204 
   53.000000    -0.002831     0.000041    -0.002872 
   53.100000    -0.000891     0.000041    -0.000932 
   53.200000    -0.000175     0.000041    -0.000216 
   53.300000    -0.000797     0.000041    -0.000838 
   53.400000     0.000354     0.000041     0.000313 
   53.500000     0.000314     0.000041     0.000273 
   53.600000     0.000754     0.000041     0.000713 
   53.700000    -0.003014     0.000041    -0.003055 
   53.800000     0.000384     0.000041     0.000343 
   53.900000     0.001806     0.000041     0.001765 
   54.000000     0.002237     0.000041     0.002196 
   54.100000     0.001118     0.000041     0.001077 
   54.200000     0.003852     0.000041     0.003811 
   54.300000    -0.000223     0.000041    -0.000264 
   54.400000     0.006792     0.000041     0.006751 
   54.500000     0.003077     0.000041     0.003036 
   54.600000    -0.001237     0.000041    -0.001278 
   54.700000    -0.001816     0.000041    -0.001857 
   54.800000     0.006469     0.000041     0.006428 
   54.900000    -0.002195     0.000041    -0.002236 
   55.000000    -0.000140     0.000041    -0.000181 
   55.100000     0.002846     0.000041     0.002805 
   55.200000    -0.001910     0.000041    -0.001951 
   55.300000    -0.000941     0.000041    -0.000982 
   55.400000     0.000592     0.000041     0.000551 
   55.500000     0.001597     0.000041     0.001556 
   55.600000     0.008206     0.000041     0.008165 
   55.700000     0.002745     0.000041     0.002704 
   55.800000    -0.003366     0.000041    -0.003407 
   55.900000     0.002266     0.000041     0.002225 
   56.000000    -0.000517     0.000041    -0.000558 
   56.100000    -0.000264     0.000041    -0.000305 
   56.200000     0.003256     0.000041     0.003215 
   56.300000     0.001251     0.000041     0.001210 
   56.400000    -0.000272     0.000041    -0.000313 
   56.500000     0.000253     0.000041     0.000212 
   56.600000    -0.003965     0.000041    -0.004006 
   56.700000    -0.001182     0.000041    -0.001223 
   56.800000    -0.000475     0.000041    -0.000516 
   56.900000    -0.003249     0.000041    -0.003290 
   57.000000    -0.003184     0.000041    -0.003225 
   57.100000    -0.003218     0.000041    -0.003259 
   57.200000    -0.001349     0.000041    -0.001390 
   57.300000     0.004502     0.000041     0.004461 
   57.400000     0.000672     0.000041     0.000631 
   57.500000     0.001134     0.000041     0.001093 
   57.600000    -0.005638     0.000041    -0.005679 
   57.700000     0.001239     0.000041     0.001198 
   57.800000     0.005057     0.000041     0.005016 
   57.900000     0.004919     0.000041     0.004878 
   58.000000    -0.001696     0.000041    -0.001737 
   58.100000    -0.002037     0.000041    -0.002078 
   58.200000    -0.001957     0.000041    -0.001998 
   58.300000     0.003768     0.000041     0.003727 
   58.400000     0.004307     0.000041     0.004266 
   58.500000     0.005925     0.000041     0.005884 
   58.600000    -0.004080     0.000041    -0.004121 
   58.700000     0.001664     0.000041     0.001623 
   58.800000     0.006576     0.000041     0.006535 
   58.900000     0.009769     0.000041     0.009728 
   59.000000     0.004148     0.000041     0.004107 
   59.100000    -0.002034     0.000041    -0.002075 
   59.200000    -0.001634     0.000041    -0.001675 
   59.300000    -0.000551     0.000041    -0.000592 
   59.400000    -0.002524     0.000041    -0.002565 
   59.500000    -0.006493     0.000041    -0.006534 
   59.600000     0.007003     0.000041     0.006962 
   59.700000     0.005444     0.000041     0.005403 
   59.800000     0.001267     0.000041     0.001226 
   59.900000     0.003129     0.000041     0.003088 
   60.000000    -0.000514     0.000041    -0.000555 
   60.100000     0.006800     0.000041     0.006759 
   60.200000     0.003250     0.000041     0.003209 
   60.300000     0.001333     0.000041     0.001292 
   60.400000    -0.001593     0.000041    -0.001634 
   60.500000     0.000505     0.000041     0.000464 
   60.600000     0.002361     0.000041     0.002320 
   60.700000     0.001104     0.000041     0.001063 
   60.800000     0.004969     0.000041     0.004928 
   60.900000     0.002213     0.000041     0.002172 
   61.000000     0.003419     0.000041     0.003378 
   61.100000    -0.001692     0.000041    -0.001733 
   61.200000    -0.004239     0.000041    -0.004280 
   61.300000    -0.001613     0.000041    -0.001654 
   61.400000     0.004805     0.000041     0.004764 
   61.500000     0.000351     0.000041     0.000310 
   61.600000    -0.001014     0.000041    -0.001055 
   61.700000    -0.004304     0.000041    -0.004345 
   61.800000    -0.006723     0.000041    -0.006764 
   61.900000    -0.002464     0.000041    -0.002505 
   62.000000    -0.001722     0.000041    -0.001763 
   62.100000    -0.003263     0.000041    -0.003304 
   62.200000    -0.002010     0.000041    -0.002051 
   62.300000     0.005270     0.000041     0.005229 
   62.400000     0.010316     0.000041     0.010275 
   62.500000    -0.002925     0.000041    -0.002966 
   62.600000     0.000474     0.000041     0.000433 
   62.700000     0.002170     0.000041     0.002129 
   62.800000     0.005213     0.000041     0.005172 
   62.900000     0.003420     0.000041     0.003379 
   63.000000     0.003284     0.000041     0.003243 
   63.100000     0.003034     0.000041     0.002993 
   63.200000     0.000624     0.000041     0.000583 
   63.300000     0.002473     0.000041     0.002432 
   63.400000     0.005484     0.000041     0.005443 
   63.500000    -0.000664     0.000041    -0.000705 
   63.600000    -0.001010     0.000041    -0.001051 
   63.700000     0.003481     0.000041     0.003440 
   63.800000     0.006356     0.000041     0.006315 
   63.900000     0.002994     0.000041     0.002953 
   64.000000     0.001508     0.000041     0.001467 
   64.100000     0.002459     0.000041     0.002418 
   64.200000     0.000719     0.000041     0.000678 
   64.300000    -0.002478     0.000041    -0.002519 
   64.400000    -0.001860     0.000041    -0.001901 
   64.500000     0.004345     0.000041     0.004304 
   64.600000     0.003117     0.000041     0.003076 
   64.700000     0.002408     0.000041     0.002367 
   64.800000    -0.000474     0.000041    -0.000515 
   64.900000    -0.001817     0.000041    -0.001858 
   65.000000    -0.001478     0.000041    -0.001519 
   65.100000     0.002058     0.000041     0.002017 
   65.200000     0.003975     0.000041     0.003934 
   65.300000     0.000062     0.000041     0.000021 
   65.400000     0.001744     0.000041     0.001703 
   65.500000    -0.001326     0.000041    -0.001367 
   65.600000    -0.001387     0.000041    -0.001428 
   65.700000    -0.000228     0.000041    -0.000269 
   65.800000     0.006270     0.000041     0.006229 
   65.900000     0.003194     0.000041     0.003153 
   66.000000     0.003797     0.000041     0.003756 
   66.100000    -0.001110     0.000041    -0.001151 
   66.200000     0.001920     0.000041     0.001879 
   66.300000     0.002719     0.000041     0.002678 
   66.400000     0.000442     0.000041     0.000401 
   66.500000     0.003388     0.000041     0.003347 
   66.600000    -0.001854     0.000041    -0.001895 
   66.700000    -0.001180     0.000041    -0.001221 
   66.800000    -0.002407     0.000041    -0.002448 
   66.900000     0.006741     0.000041     0.006700 
   67.000000     0.001858     0.000041     0.001817 
   67.100000     0.006729     0.000041     0.006688 
   67.200000    -0.000794     0.000041    -0.000835 
   67.300000     0.001292     0.000041     0.001251 
   67.400000    -0.001181     0.000041    -0.001222 
   67.500000     0.004967     0.000041     0.004926 
   67.600000     0.003521     0.000041     0.003480 
   67.700000     0.002856     0.000041     0.002815 
   67.800000     0.001790     0.000041     0.001749 
   67.900000    -0.001498     0.000041    -0.001539 
   68.000000     0.003321     0.000041     0.003280 
   68.100000    -0.003432     0.000041    -0.003473 
   68.200000     0.000800     0.000041     0.000759 
   68.300000     0.003357     0.000041     0.003316 
   68.400000     0.005046     0.000041     0.005005 
   68.500000     0.004145     0.000041     0.004104 
   68.600000     0.000089     0.000041     0.000048 
   68.700000     0.004021     0.000041     0.003980 
   68.800000     0.001348     0.000041     0.001307 
   68.900000     0.003010     0.000041     0.002969 
   69.000000     0.000692     0.000041     0.000651 
   69.100000    -0.002799     0.000041    -0.002840 
   69.200000     0.000071     0.000041     0.000030 
   69.300000     0.006122     0.000041     0.006081 
   69.400000    -0.002119     0.000041    -0.002160 
   69.500000    -0.002906     0.000041    -0.002947 
   69.600000    -0.004589     0.000041    -0.004630 
   69.700000     0.002739     0.000041     0.002698 
   69.800000    -0.003355     0.000041    -0.003396 
   69.900000    -0.000174     0.000041    -0.000215 
   70.000000     0.002684     0.000041     0.002643 
   70.100000     0.003317     0.000041     0.003276 
   70.200000     0.001967     0.000041     0.001926 
   70.300000     0.002490     0.000041     0.002449 
   70.400000     0.006146     0.000041     0.006105 
   70.500000    -0.000090     0.000041    -0.000131 
   70.600000    -0.006363     0.000041    -0.006404 
   70.700000    -0.003279     0.000041    -0.003320 
   70.800000     0.001392     0.000041     0.001351 
   70.900000     0.002230     0.000041     0.002189 
   71.000000     0.000764     0.000041     0.000723 
   71.100000    -0.000077     0.000041    -0.000118 
   71.200000     0.000883     0.000041     0.000842 
   71.300000    -0.000160     0.000041    -0.000201 
   71.400000     0.004541     0.000041     0.004500 
   71.500000     0.000270     0.000041     0.000229 
   71.600000    -0.000978     0.000041    -0.001019 
   71.700000    -0.002674     0.000041    -0.002715 
   71.800000    -0.001904     0.000041    -0.001945 
   71.900000     0.001514     0.000041     0.001473 
   72.000000     0.000161     0.000041     0.000120 
   72.100000    -0.003249     0.000041    -0.003290 
   72.200000    -0.003676     0.000041    -0.003717 
   72.300000     0.002785     0.000041     0.002744 
   72.400000    -0.006534     0.000041    -0.006575 
   72.500000    -0.002254     0.000041    -0.002295 
   72.600000    -0.000417     0.000041    -0.000458 
   72.700000    -0.003598     0.000041    -0.003639 
   72.800000    -0.000818     0.000041    -0.000859 
   72.900000     0.001716     0.000041     0.001675 
   73.000000    -0.001663     0.000041    -0.001704 
   73.100000     0.001428     0.000041     0.001387 
   73.200000    -0.003370     0.000041    -0.003411 
   73.300000    -0.003079     0.000041    -0.003120 
   73.400000    -0.001325     0.000041    -0.001366 
   73.500000    -0.004128     0.000041    -0.004169 
   73.600000    -0.002793     0.000041    -0.002834 
   73.700000    -0.000904     0.000041    -0.000945 
   73.800000    -0.003214     0.000041    -0.003255 
   73.900000     0.002387     0.000041     0.002346 
   74.000000    -0.001841     0.000041    -0.001882 
   74.100000    -0.004590     0.000041    -0.004631 
   74.200000    -0.001269     0.000041    -0.001310 
   74.300000    -0.001292     0.000041    -0.001333 
   74.400000     0.001851     0.000041     0.001810 
   74.500000    -0.003506     0.000041    -0.003547 
   74.600000    -0.003300     0.000041    -0.003341 
   74.700000     0.001424     0.000041     0.001383 
   74.800000    -0.001206     0.000041    -0.001247 
   74.900000    -0.002115     0.000041    -0.002156 
   75.000000    -0.001059     0.000041    -0.001100 
   75.100000     0.002601     0.000041     0.002560 
   75.200000     0.003606     0.000041     0.003565 
   75.300000    -0.000947     0.000041    -0.000988 
   75.400000    -0.001355     0.000041    -0.001396 
   75.500000    -0.004855     0.000041    -0.004896 
   75.600000    -0.004365     0.000041    -0.004406 
   75.700000     0.002391     0.000041     0.002350 
   75.800000    -0.003671     0.000041    -0.003712 
   75.900000    -0.005216     0.000041    -0.005257 
   76.000000     0.001851     0.000041     0.001810 
   76.100000     0.000159     0.000041     0.000118 
   76.200000    -0.004133     0.000041    -0.004174 
   76.300000    -0.003061     0.000041    -0.003102 
   76.400000    -0.007099     0.000041    -0.007140 
   76.500000     0.000748     0.000041     0.000707 
   76.600000    -0.001327     0.000041    -0.001368 
   76.700000    -0.001472     0.000041    -0.001513 
   76.800000    -0.001884     0.000041    -0.001925 
   76.900000    -0.003412     0.000041    -0.003453 
   77.000000    -0.002403     0.000041    -0.002444 
   77.100000     0.001429     0.000041     0.001388 
   77.200000     0.001778     0.000041     0.001737 
   77.300000    -0.001769     0.000041    -0.001810 
   77.400000    -0.000678     0.000041    -0.000719 
   77.500000    -0.003655     0.000041    -0.003696 
   77.600000    -0.000187     0.000041    -0.000228 
   77.700000     0.001214     0.000041     0.001173 
   77.800000     0.002732     0.000041     0.002691 
   77.900000    -0.001697     0.000041    -0.001738 
   78.000000    -0.004005     0.000041    -0.004046 
   78.100000     0.003541     0.000041     0.003500 
   78.200000    -0.002519     0.000041    -0.002560 
   78.300000     0.000485     0.000041     0.000444 
   78.400000    -0.000611     0.000041    -0.000652 
   78.500000     0.000480     0.000041     0.000439 
   78.600000    -0.000863     0.000041    -0.000904 
   78.700000    -0.000474     0.000041    -0.000515 
   78.800000     0.000546     0.000041     0.000505 
   78.900000    -0.007340     0.000041    -0.007381 
   79.000000    -0.000828     0.000041    -0.000869 
   79.100000     0.001302     0.000041     0.001261 
   79.200000     0.004901     0.000041     0.004860 
   79.300000     0.003400     0.000041     0.003359 
   79.400000     0.007923     0.000041     0.007882 
   79.500000     0.005653     0.000041     0.005612 
   79.600000    -0.002892     0.000041    -0.002933 
   79.700000    -0.007540     0.000041    -0.007581 
   79.800000    -0.006170     0.000041    -0.006211 
   79.900000    -0.003757     0.000041    -0.003798 
   80.000000     0.001307     0.000041     0.001266 
   80.100000     0.008531     0.000041     0.008490 
   80.200000     0.004966     0.000041     0.004925 
   80.300000     0.002420     0.000041     0.002379 
   80.400000     0.002415     0.000041     0.002374 
   80.500000    -0.000254     0.000041    -0.000295 
   80.600000     0.008328     0.000041     0.008287 
   80.700000    -0.002797     0.000041    -0.002838 
   80.800000    -0.002145     0.000041    -0.002186 
   80.900000    -0.004963     0.000041    -0.005004 
   81.000000     0.001460     0.000041     0.001419 
   81.100000     0.004126     0.000041     0.004085 
   81.200000     0.002255     0.000041     0.002214 
   81.300000     0.001032     0.000041     0.000991 
   81.400000     0.000199     0.000041     0.000158 
   81.500000     0.002675     0.000041     0.002634 
   81.600000     0.004149     0.000041     0.004108 
   81.700000     0.004530     0.000041     0.004489 
   81.800000     0.000540     0.000041     0.000499 
   81.900000     0.000956     0.000041     0.000915 
   82.000000     0.000153     0.000041     0.000112 
   82.100000    -0.003758     0.000041    -0.003799 
   82.200000    -0.002273     0.000041    -0.002314 
   82.300000     0.009562     0.000041     0.009521 
   82.400000     0.003096     0.000041     0.003055 
   82.500000    -0.000533     0.000041    -0.000574 
   82.600000     0.002219     0.000041     0.002178 
   82.700000    -0.006503     0.000041    -0.006544 
   82.800000    -0.005941     0.000041    -0.005982 
   82.900000    -0.008547     0.000041    -0.008588 
   83.000000    -0.008489     0.000041    -0.008530 
   83.100000    -0.003939     0.000041    -0.003980 
   83.200000     0.001888     0.000041     0.001847 
   83.300000     0.000391     0.000041     0.000350 
   83.400000    -0.000160     0.000041    -0.000201 
   83.500000     0.004566     0.000041     0.004525 
   83.600000    -0.001804     0.000041    -0.001845 
   83.700000    -0.001870     0.000041    -0.001911 
   83.800000     0.000659     0.000041     0.000618 
   83.900000    -0.000445     0.000041    -0.000486 
   84.000000     0.001008     0.000041     0.000967 
   84.100000    -0.002053     0.000041    -0.002094 
   84.200000     0.001935     0.000041     0.001894 
   84.300000    -0.000394     0.000041    -0.000435 
   84.400000    -0.002195     0.000041    -0.002236 
   84.500000     0.001660     0.000041     0.001619 
   84.600000    -0.000425     0.000041    -0.000466 
   84.700000    -0.006451     0.000041    -0.006492 
   84.800000     0.000359     0.000041     0.000318 
   84.900000     0.002825     0.000041     0.002784 
   85.000000     0.001339     0.000041     0.001298 
   85.100000    -0.000029     0.000041    -0.000070 
   85.200000     0.000444     0.000041     0.000403 
   85.300000     0.005137     0.000041     0.005096 
   85.400000     0.001196     0.000041     0.001155 
   85.500000     0.001857     0.000041     0.001816 
   85.600000     0.008762     0.000041     0.008721 
   85.700000     0.005043     0.000041     0.005002 
   85.800000     0.006165     0.000041     0.006124 
   85.900000     0.000444     0.000041     0.000403 
   86.000000    -0.004731     0.000041    -0.004772 
   86.100000     0.004936     0.000041     0.004895 
   86.200000     0.003662     0.000041     0.003621 
   86.300000     0.005165     0.000041     0.005124 
   86.400000     0.001126     0.000041     0.001085 
   86.500000     0.000775     0.000041     0.000734 
   86.600000     0.000309     0.000041     0.000268 
   86.700000    -0.006656     0.000041    -0.006697 
   86.800000    -0.004944     0.000041    -0.004985 
   86.900000    -0.000433     0.000041    -0.000474 
   87.000000    -0.001190     0.000041    -0.001231 
   87.100000    -0.009362     0.000041    -0.009403 
   87.200000    -0.006449     0.000041    -0.006490 
   87.300000    -0.001596     0.000041    -0.001637 
   87.400000     0.001257     0.000041     0.001216 
   87.500000     0.000490     0.000041     0.000449 
   87.600000    -0.004261     0.000041    -0.004302 
   87.700000    -0.004234     0.000041    -0.004275 
   87.800000    -0.003378     0.000041    -0.003419 
   87.900000     0.000069     0.000041     0.000028 
   88.000000     0.001966     0.000041     0.001925 
   88.100000     0.001428     0.000041     0.001387 
   88.200000    -0.000156     0.000041    -0.000197 
   88.300000     0.000116     0.000041     0.000075 
   88.400000    -0.000928     0.000041    -0.000969 
   88.500000    -0.001291     0.000041    -0.001332 
   88.600000     0.002725     0.000041     0.002684 
   88.700000     0.000237     0.000041     0.000196 
   88.800000     0.001864     0.000041     0.001823 
   88.900000     0.001312     0.000041     0.001271 
   89.000000    -0.000661     0.000041    -0.000702 
   89.100000    -0.000834     0.000041    -0.000875 
   89.200000     0.000574     0.000041     0.000533 
   89.300000    -0.005382     0.000041    -0.005423 
   89.400000    -0.007456     0.000041    -0.007497 
   89.500000     0.000390     0.000041     0.000349 
   89.600000     0.000350     0.000041     0.000309 
   89.700000    -0.001716     0.000041    -0.001757 
   89.800000    -0.001698     0.000041    -0.001739 
   89.900000     0.004789     0.000041     0.004748 
   90.000000     0.005266     0.000041     0.005225 
   90.100000     0.004973     0.000041     0.004932 
   90.200000     0.010007     0.000041     0.009966 
   90.300000     0.004788     0.000041     0.004747 
   90.400000     0.003493     0.000041     0.003452 
   90.500000     0.000909     0.000041     0.000868 
   90.600000    -0.006952     0.000041    -0.006993 
   90.700000    -0.004618     0.000041    -0.004659 
   90.800000    -0.000742     0.000041    -0.000783 
   90.900000    -0.001426     0.000041    -0.001467 
   91.000000    -0.005640     0.000041    -0.005681 
   91.100000     0.000757     0.000041     0.000716 
   91.200000     0.000235     0.000041     0.000194 
   91.300000     0.001667     0.000041     0.001626 
   91.400000     0.001406     0.000041     0.001365 
   91.500000    -0.001326     0.000041    -0.001367 
   91.600000    -0.000133     0.000041    -0.000174 
   91.700000     0.003294     0.000041     0.003253 
   91.800000    -0.000602     0.000041    -0.000643 
   91.900000     0.002234     0.000041     0.002193 
   92.000000     0.000825     0.000041     0.000784 
   92.100000     0.003311     0.000041     0.003270 
   92.200000     0.004065     0.000041     0.004024 
   92.300000    -0.003534     0.000041    -0.003575 
   92.400000     0.005385     0.000041     0.005344 
   92.500000    -0.001118     0.000041    -0.001159 
   92.600000     0.008366     0.000041     0.008325 
   92.700000     0.010195     0.000041     0.010154 
   92.800000    -0.001531     0.000041    -0.001572 
   92.900000    -0.008009     0.000041    -0.008050 
   93.000000    -0.004202     0.000041    -0.004243 
   93.100000    -0.005688     0.000041    -0.005729 
   93.200000     0.002196     0.000041     0.002155 
   93.300000     0.005593     0.000041     0.005552 
   93.400000     0.005057     0.000041     0.005016 
   93.500000    -0.003024     0.000041    -0.003065 
   93.600000     0.000503     0.000041     0.000462 
   93.700000    -0.000368     0.000041    -0.000409 
   93.800000     0.000939     0.000041     0.000898 
   93.900000    -0.002468     0.000041    -0.002509 
   94.000000     0.000798     0.000041     0.000757 
   94.100000    -0.002704     0.000041    -0.002745 
   94.200000     0.000540     0.000041     0.000499 
   94.300000     0.001622     0.000041     0.001581 
   94.400000    -0.002309     0.000041    -0.002350 
   94.500000     0.000396     0.000041     0.000355 
   94.600000     0.007398     0.000041     0.007357 
   94.700000     0.002570     0.000041     0.002529 
   94.800000     0.002971     0.000041     0.002930 
   94.900000     0.000768     0.000041     0.000727 
   95.000000     0.002864     0.000041     0.002823 
   95.100000     0.004774     0.000041     0.004733 
   95.200000     0.005832     0.000041     0.005791 
   95.300000     0.007180     0.000041     0.007139 
   95.400000     0.010216     0.000041     0.010175 
   95.500000     0.011347     0.000041     0.011306 
   95.600000     0.004035     0.000041     0.003994 
   95.700000     0.006701     0.000041     0.006660 
   95.800000     0.004553     0.000041     0.004512 
   95.900000     0.004184     0.000041     0.004143 
   96.000000     0.009126     0.000041     0.009085 
   96.100000     0.002980     0.000041     0.002939 
   96.200000     0.001774     0.000041     0.001733 
   96.300000     0.007991     0.000041     0.007950 
   96.400000     0.007659     0.000041     0.007618 
   96.500000     0.003870     0.000041     0.003829 
   96.600000    -0.002578     0.000041    -0.002619 
   96.700000     0.000052     0.000041     0.000011 
   96.800000    -0.005252     0.000041    -0.005293 
   96.900000    -0.008128     0.000041    -0.008169 
   97.000000    -0.004601     0.000041    -0.004642 
   97.100000    -0.007502     0.000041    -0.007543 
   97.200000    -0.003443     0.000041    -0.003484 
   97.300000    -0.010042     0.000041    -0.010083 
   97.400000    -0.009191     0.000041    -0.009232 
   97.500000    -0.000213     0.000041    -0.000254 
   97.600000    -0.005785     0.000041    -0.005826 
   97.700000     0.003049     0.000041     0.003008 
   97.800000    -0.007349     0.000041    -0.007390 
   97.900000    -0.010262     0.000041    -0.010303 
   98.000000    -0.005301     0.000041    -0.005342 
   98.100000     0.001510     0.000041     0.001469 
   98.200000    -0.005201     0.000041    -0.005242 
   98.300000    -0.004452     0.000041    -0.004493 
   98.400000    -0.002940     0.000041    -0.002981 
   98.500000     0.000744     0.000041     0.000703 
   98.600000     0.004631     0.000041     0.004590 
   98.700000     0.002155     0.000041     0.002114 
   98.800000     0.001591     0.000041     0.001550 
   98.900000    -0.004191     0.000041    -0.004232 
   99.000000    -0.008616     0.000041    -0.008657 
   99.100000    -0.005581     0.000041    -0.005622 
   99.200000    -0.011528     0.000041    -0.011569 
   99.300000    -0.008912     0.000041    -0.008953 
   99.400000    -0.008281     0.000041    -0.008322 
   99.500000    -0.008884     0.000041    -0.008925 
   99.600000     0.000295     0.000041     0.000254 
   99.700000    -0.004086     0.000041    -0.004127 
   99.800000    -0.001434     0.000041    -0.001475 
   99.900000     0.001057     0.000041     0.001016 
  100.000000    -0.005473     0.000041    -0.005514 
