##fit: rolloffp.out
    0.500000     0.021707     0.023260    -0.001553 
    0.600000     0.025767     0.022227     0.003540 
    0.700000     0.019649     0.021239    -0.001590 
    0.800000     0.017172     0.020296    -0.003124 
    0.900000     0.019719     0.019394     0.000325 
    1.000000     0.017719     0.018533    -0.000814 
    1.100000     0.021663     0.017710     0.003953 
    1.200000     0.018249     0.016924     0.001325 
    1.300000     0.013054     0.016173    -0.003119 
    1.400000     0.016542     0.015456     0.001086 
    1.500000     0.013135     0.014770    -0.001635 
    1.600000     0.013903     0.014115    -0.000212 
    1.700000     0.012821     0.013489    -0.000668 
    1.800000     0.012108     0.012892    -0.000784 
    1.900000     0.014008     0.012320     0.001688 
    2.000000     0.013290     0.011775     0.001515 
    2.100000     0.009092     0.011253    -0.002161 
    2.200000     0.011401     0.010755     0.000646 
    2.300000     0.014855     0.010280     0.004575 
    2.400000     0.008499     0.009825    -0.001326 
    2.500000     0.008808     0.009391    -0.000583 
    2.600000     0.004755     0.008976    -0.004221 
    2.700000     0.008014     0.008579    -0.000565 
    2.800000     0.009640     0.008200     0.001440 
    2.900000     0.008499     0.007838     0.000661 
    3.000000     0.008251     0.007493     0.000758 
    3.100000     0.005373     0.007162    -0.001789 
    3.200000     0.006642     0.006847    -0.000205 
    3.300000     0.004945     0.006545    -0.001600 
    3.400000     0.007378     0.006257     0.001121 
    3.500000     0.006089     0.005982     0.000107 
    3.600000     0.010231     0.005719     0.004512 
    3.700000     0.007987     0.005468     0.002519 
    3.800000     0.004613     0.005228    -0.000615 
    3.900000     0.006151     0.004999     0.001152 
    4.000000     0.006644     0.004779     0.001865 
    4.100000     0.007322     0.004570     0.002752 
    4.200000     0.003520     0.004370    -0.000850 
    4.300000     0.001352     0.004179    -0.002827 
    4.400000     0.003789     0.003997    -0.000208 
    4.500000     0.003126     0.003822    -0.000696 
    4.600000     0.005565     0.003656     0.001909 
    4.700000     0.007305     0.003496     0.003809 
    4.800000     0.006182     0.003344     0.002838 
    4.900000     0.006501     0.003199     0.003302 
    5.000000     0.002643     0.003060    -0.000417 
    5.100000    -0.001608     0.002928    -0.004536 
    5.200000    -0.000489     0.002801    -0.003290 
    5.300000     0.003407     0.002680     0.000727 
    5.400000     0.004989     0.002564     0.002425 
    5.500000    -0.000465     0.002454    -0.002919 
    5.600000     0.003243     0.002348     0.000895 
    5.700000     0.003380     0.002247     0.001133 
    5.800000     0.002131     0.002151    -0.000020 
    5.900000     0.000863     0.002059    -0.001196 
    6.000000    -0.001505     0.001971    -0.003476 
    6.100000    -0.000650     0.001887    -0.002537 
    6.200000     0.000776     0.001807    -0.001031 
    6.300000     0.002462     0.001730     0.000732 
    6.400000     0.001832     0.001657     0.000175 
    6.500000    -0.000232     0.001587    -0.001819 
    6.600000    -0.001397     0.001520    -0.002917 
    6.700000    -0.000328     0.001456    -0.001784 
    6.800000     0.000734     0.001395    -0.000661 
    6.900000     0.002334     0.001337     0.000997 
    7.000000     0.004149     0.001281     0.002868 
    7.100000    -0.000670     0.001228    -0.001898 
    7.200000     0.000034     0.001177    -0.001143 
    7.300000    -0.002987     0.001128    -0.004115 
    7.400000     0.001530     0.001082     0.000448 
    7.500000     0.000972     0.001037    -0.000065 
    7.600000     0.002645     0.000995     0.001650 
    7.700000     0.003661     0.000954     0.002707 
    7.800000     0.004417     0.000916     0.003501 
    7.900000    -0.001257     0.000879    -0.002136 
    8.000000    -0.001741     0.000844    -0.002585 
    8.100000    -0.000801     0.000810    -0.001611 
    8.200000     0.000334     0.000778    -0.000444 
    8.300000    -0.000084     0.000747    -0.000831 
    8.400000     0.000660     0.000717    -0.000057 
    8.500000     0.004532     0.000689     0.003843 
    8.600000     0.003215     0.000662     0.002553 
    8.700000     0.000596     0.000637    -0.000041 
    8.800000    -0.003773     0.000612    -0.004385 
    8.900000    -0.000080     0.000589    -0.000669 
    9.000000     0.003190     0.000566     0.002624 
    9.100000     0.003214     0.000545     0.002669 
    9.200000     0.002329     0.000525     0.001804 
    9.300000    -0.001840     0.000505    -0.002345 
    9.400000     0.000023     0.000486    -0.000463 
    9.500000     0.004498     0.000469     0.004029 
    9.600000     0.004521     0.000452     0.004069 
    9.700000     0.003091     0.000435     0.002656 
    9.800000    -0.001757     0.000420    -0.002177 
    9.900000    -0.003751     0.000405    -0.004156 
   10.000000    -0.004147     0.000391    -0.004538 
   10.100000    -0.003136     0.000377    -0.003513 
   10.200000    -0.000688     0.000364    -0.001052 
   10.300000    -0.003785     0.000352    -0.004137 
   10.400000    -0.000271     0.000340    -0.000611 
   10.500000    -0.002311     0.000329    -0.002640 
   10.600000    -0.003142     0.000318    -0.003460 
   10.700000    -0.003459     0.000308    -0.003767 
   10.800000    -0.000933     0.000298    -0.001231 
   10.900000     0.000922     0.000289     0.000633 
   11.000000     0.000962     0.000280     0.000682 
   11.100000     0.003810     0.000271     0.003539 
   11.200000     0.002121     0.000263     0.001858 
   11.300000     0.000251     0.000255    -0.000004 
   11.400000     0.000406     0.000248     0.000158 
   11.500000    -0.001057     0.000240    -0.001297 
   11.600000    -0.002457     0.000234    -0.002691 
   11.700000    -0.002739     0.000227    -0.002966 
   11.800000    -0.000980     0.000221    -0.001201 
   11.900000     0.001869     0.000215     0.001654 
   12.000000    -0.002130     0.000209    -0.002339 
   12.100000    -0.000830     0.000204    -0.001034 
   12.200000    -0.003820     0.000198    -0.004018 
   12.300000    -0.003004     0.000194    -0.003198 
   12.400000    -0.000999     0.000189    -0.001188 
   12.500000     0.001378     0.000184     0.001194 
   12.600000    -0.001500     0.000180    -0.001680 
   12.700000    -0.002060     0.000176    -0.002236 
   12.800000     0.000446     0.000172     0.000274 
   12.900000    -0.001187     0.000168    -0.001355 
   13.000000    -0.001234     0.000164    -0.001398 
   13.100000     0.001690     0.000161     0.001529 
   13.200000     0.000091     0.000158    -0.000067 
   13.300000    -0.002450     0.000155    -0.002605 
   13.400000     0.002332     0.000152     0.002180 
   13.500000    -0.000329     0.000149    -0.000478 
   13.600000    -0.001885     0.000146    -0.002031 
   13.700000    -0.000864     0.000143    -0.001007 
   13.800000    -0.000742     0.000141    -0.000883 
   13.900000    -0.003358     0.000138    -0.003496 
   14.000000    -0.001254     0.000136    -0.001390 
   14.100000    -0.002753     0.000134    -0.002887 
   14.200000     0.000727     0.000132     0.000595 
   14.300000    -0.003105     0.000130    -0.003235 
   14.400000    -0.003127     0.000128    -0.003255 
   14.500000    -0.001199     0.000126    -0.001325 
   14.600000    -0.000154     0.000124    -0.000278 
   14.700000    -0.000274     0.000123    -0.000397 
   14.800000     0.000810     0.000121     0.000689 
   14.900000    -0.000977     0.000120    -0.001097 
   15.000000     0.002652     0.000118     0.002534 
   15.100000    -0.001234     0.000117    -0.001351 
   15.200000     0.006749     0.000116     0.006633 
   15.300000     0.007330     0.000114     0.007216 
   15.400000     0.002332     0.000113     0.002219 
   15.500000     0.003814     0.000112     0.003702 
   15.600000     0.004139     0.000111     0.004028 
   15.700000     0.005454     0.000110     0.005344 
   15.800000     0.005414     0.000109     0.005305 
   15.900000     0.003929     0.000108     0.003821 
   16.000000    -0.002384     0.000107    -0.002491 
   16.100000     0.002998     0.000106     0.002892 
   16.200000     0.004439     0.000105     0.004334 
   16.300000     0.003263     0.000104     0.003159 
   16.400000     0.001720     0.000104     0.001616 
   16.500000     0.002515     0.000103     0.002412 
   16.600000     0.005966     0.000102     0.005864 
   16.700000     0.004023     0.000101     0.003922 
   16.800000     0.001357     0.000101     0.001256 
   16.900000    -0.001551     0.000100    -0.001651 
   17.000000     0.001977     0.000100     0.001877 
   17.100000     0.002546     0.000099     0.002447 
   17.200000     0.002096     0.000099     0.001997 
   17.300000     0.003074     0.000098     0.002976 
   17.400000     0.002247     0.000098     0.002149 
   17.500000    -0.000109     0.000097    -0.000206 
   17.600000    -0.000107     0.000097    -0.000204 
   17.700000     0.003745     0.000096     0.003649 
   17.800000     0.002956     0.000096     0.002860 
   17.900000     0.000827     0.000095     0.000732 
   18.000000     0.001635     0.000095     0.001540 
   18.100000     0.003507     0.000095     0.003412 
   18.200000     0.003873     0.000094     0.003779 
   18.300000    -0.002347     0.000094    -0.002441 
   18.400000     0.001030     0.000094     0.000936 
   18.500000     0.001977     0.000093     0.001884 
   18.600000     0.002064     0.000093     0.001971 
   18.700000     0.000660     0.000093     0.000567 
   18.800000     0.003976     0.000093     0.003883 
   18.900000     0.001132     0.000092     0.001040 
   19.000000    -0.002347     0.000092    -0.002439 
   19.100000    -0.001904     0.000092    -0.001996 
   19.200000    -0.000020     0.000092    -0.000112 
   19.300000     0.003590     0.000092     0.003498 
   19.400000     0.001335     0.000091     0.001244 
   19.500000     0.000203     0.000091     0.000112 
   19.600000     0.000316     0.000091     0.000225 
   19.700000     0.002370     0.000091     0.002279 
   19.800000     0.000270     0.000091     0.000179 
   19.900000    -0.001243     0.000091    -0.001334 
   20.000000     0.002410     0.000090     0.002320 
   20.100000     0.004060     0.000090     0.003970 
   20.200000     0.002097     0.000090     0.002007 
   20.300000    -0.002548     0.000090    -0.002638 
   20.400000    -0.002040     0.000090    -0.002130 
   20.500000    -0.000454     0.000090    -0.000544 
   20.600000    -0.003001     0.000090    -0.003091 
   20.700000    -0.002254     0.000090    -0.002344 
   20.800000     0.003015     0.000089     0.002926 
   20.900000    -0.002505     0.000089    -0.002594 
   21.000000    -0.003648     0.000089    -0.003737 
   21.100000    -0.001779     0.000089    -0.001868 
   21.200000    -0.000755     0.000089    -0.000844 
   21.300000     0.002845     0.000089     0.002756 
   21.400000     0.005602     0.000089     0.005513 
   21.500000     0.002320     0.000089     0.002231 
   21.600000    -0.001954     0.000089    -0.002043 
   21.700000    -0.002685     0.000089    -0.002774 
   21.800000    -0.003299     0.000089    -0.003388 
   21.900000    -0.000227     0.000089    -0.000316 
   22.000000     0.003753     0.000088     0.003665 
   22.100000     0.002005     0.000088     0.001917 
   22.200000    -0.003920     0.000088    -0.004008 
   22.300000    -0.000718     0.000088    -0.000806 
   22.400000     0.000467     0.000088     0.000379 
   22.500000     0.002068     0.000088     0.001980 
   22.600000     0.003449     0.000088     0.003361 
   22.700000    -0.000621     0.000088    -0.000709 
   22.800000    -0.004844     0.000088    -0.004932 
   22.900000    -0.008320     0.000088    -0.008408 
   23.000000    -0.005172     0.000088    -0.005260 
   23.100000    -0.000277     0.000088    -0.000365 
   23.200000    -0.000040     0.000088    -0.000128 
   23.300000    -0.001075     0.000088    -0.001163 
   23.400000    -0.001100     0.000088    -0.001188 
   23.500000    -0.000391     0.000088    -0.000479 
   23.600000    -0.001923     0.000088    -0.002011 
   23.700000    -0.002601     0.000088    -0.002689 
   23.800000    -0.005298     0.000088    -0.005386 
   23.900000    -0.003175     0.000088    -0.003263 
   24.000000    -0.007556     0.000088    -0.007644 
   24.100000    -0.006130     0.000088    -0.006218 
   24.200000    -0.002560     0.000088    -0.002648 
   24.300000     0.002334     0.000088     0.002246 
   24.400000     0.002513     0.000088     0.002425 
   24.500000    -0.001753     0.000088    -0.001841 
   24.600000     0.000391     0.000088     0.000303 
   24.700000    -0.001888     0.000088    -0.001976 
   24.800000     0.005247     0.000088     0.005159 
   24.900000    -0.001665     0.000088    -0.001753 
   25.000000    -0.002586     0.000088    -0.002674 
   25.100000    -0.001793     0.000088    -0.001881 
   25.200000    -0.003137     0.000088    -0.003225 
   25.300000    -0.003369     0.000087    -0.003456 
   25.400000    -0.004081     0.000087    -0.004168 
   25.500000    -0.003076     0.000087    -0.003163 
   25.600000    -0.003939     0.000087    -0.004026 
   25.700000    -0.003942     0.000087    -0.004029 
   25.800000    -0.003012     0.000087    -0.003099 
   25.900000    -0.004272     0.000087    -0.004359 
   26.000000     0.000306     0.000087     0.000219 
   26.100000     0.001590     0.000087     0.001503 
   26.200000    -0.000663     0.000087    -0.000750 
   26.300000     0.000505     0.000087     0.000418 
   26.400000    -0.000099     0.000087    -0.000186 
   26.500000    -0.000566     0.000087    -0.000653 
   26.600000    -0.000661     0.000087    -0.000748 
   26.700000     0.002124     0.000087     0.002037 
   26.800000    -0.002665     0.000087    -0.002752 
   26.900000    -0.003739     0.000087    -0.003826 
   27.000000    -0.001357     0.000087    -0.001444 
   27.100000    -0.000844     0.000087    -0.000931 
   27.200000     0.004209     0.000087     0.004122 
   27.300000     0.000796     0.000087     0.000709 
   27.400000    -0.000105     0.000087    -0.000192 
   27.500000     0.001734     0.000087     0.001647 
   27.600000    -0.003359     0.000087    -0.003446 
   27.700000    -0.004088     0.000087    -0.004175 
   27.800000    -0.004719     0.000087    -0.004806 
   27.900000    -0.002102     0.000087    -0.002189 
   28.000000    -0.004561     0.000087    -0.004648 
   28.100000    -0.000802     0.000087    -0.000889 
   28.200000    -0.000313     0.000087    -0.000400 
   28.300000    -0.003656     0.000087    -0.003743 
   28.400000    -0.006295     0.000087    -0.006382 
   28.500000    -0.006035     0.000087    -0.006122 
   28.600000    -0.006089     0.000087    -0.006176 
   28.700000    -0.002997     0.000087    -0.003084 
   28.800000    -0.002140     0.000087    -0.002227 
   28.900000     0.000286     0.000087     0.000199 
   29.000000    -0.000206     0.000087    -0.000293 
   29.100000    -0.003911     0.000087    -0.003998 
   29.200000     0.003183     0.000087     0.003096 
   29.300000     0.002342     0.000087     0.002255 
   29.400000     0.000237     0.000087     0.000150 
   29.500000    -0.001074     0.000087    -0.001161 
   29.600000     0.003211     0.000087     0.003124 
   29.700000     0.000230     0.000087     0.000143 
   29.800000    -0.001025     0.000087    -0.001112 
   29.900000    -0.001345     0.000087    -0.001432 
   30.000000    -0.004415     0.000087    -0.004502 
   30.100000    -0.002085     0.000087    -0.002172 
   30.200000     0.000304     0.000087     0.000217 
   30.300000     0.000125     0.000087     0.000038 
   30.400000     0.004245     0.000087     0.004158 
   30.500000     0.000920     0.000087     0.000833 
   30.600000    -0.000083     0.000087    -0.000170 
   30.700000     0.001664     0.000087     0.001577 
   30.800000     0.005728     0.000087     0.005641 
   30.900000     0.005529     0.000087     0.005442 
   31.000000     0.002037     0.000087     0.001950 
   31.100000     0.004191     0.000087     0.004104 
   31.200000     0.004769     0.000087     0.004682 
   31.300000     0.004023     0.000087     0.003936 
   31.400000     0.000517     0.000087     0.000430 
   31.500000    -0.003575     0.000087    -0.003662 
   31.600000    -0.004663     0.000087    -0.004750 
   31.700000    -0.005573     0.000087    -0.005660 
   31.800000    -0.000118     0.000087    -0.000205 
   31.900000     0.002173     0.000087     0.002086 
   32.000000     0.007465     0.000087     0.007378 
   32.100000     0.003681     0.000087     0.003594 
   32.200000    -0.002189     0.000087    -0.002276 
   32.300000    -0.000846     0.000087    -0.000933 
   32.400000    -0.001956     0.000087    -0.002043 
   32.500000     0.000011     0.000087    -0.000076 
   32.600000    -0.000309     0.000087    -0.000396 
   32.700000    -0.002210     0.000087    -0.002297 
   32.800000    -0.003762     0.000087    -0.003849 
   32.900000    -0.005178     0.000087    -0.005265 
   33.000000    -0.001403     0.000087    -0.001490 
   33.100000     0.001993     0.000087     0.001906 
   33.200000     0.000719     0.000087     0.000632 
   33.300000    -0.003109     0.000087    -0.003196 
   33.400000    -0.002185     0.000087    -0.002272 
   33.500000    -0.002903     0.000087    -0.002990 
   33.600000    -0.000389     0.000087    -0.000476 
   33.700000     0.002332     0.000087     0.002245 
   33.800000     0.000330     0.000087     0.000243 
   33.900000     0.000311     0.000087     0.000224 
   34.000000     0.000190     0.000087     0.000103 
   34.100000     0.000459     0.000087     0.000372 
   34.200000     0.001496     0.000087     0.001409 
   34.300000     0.003793     0.000087     0.003706 
   34.400000    -0.002088     0.000087    -0.002175 
   34.500000    -0.002348     0.000087    -0.002435 
   34.600000    -0.001529     0.000087    -0.001616 
   34.700000     0.002633     0.000087     0.002546 
   34.800000     0.003067     0.000087     0.002980 
   34.900000     0.001906     0.000087     0.001819 
   35.000000     0.000030     0.000087    -0.000057 
   35.100000     0.002586     0.000087     0.002499 
   35.200000     0.005742     0.000087     0.005655 
   35.300000     0.002736     0.000087     0.002649 
   35.400000    -0.002987     0.000087    -0.003074 
   35.500000    -0.001264     0.000087    -0.001351 
   35.600000    -0.001657     0.000087    -0.001744 
   35.700000    -0.004961     0.000087    -0.005048 
   35.800000     0.001310     0.000087     0.001223 
   35.900000     0.000072     0.000087    -0.000015 
   36.000000    -0.000695     0.000087    -0.000782 
   36.100000     0.000073     0.000087    -0.000014 
   36.200000     0.002314     0.000087     0.002227 
   36.300000    -0.001675     0.000087    -0.001762 
   36.400000    -0.001491     0.000087    -0.001578 
   36.500000     0.002390     0.000087     0.002303 
   36.600000    -0.000648     0.000087    -0.000735 
   36.700000    -0.003235     0.000087    -0.003322 
   36.800000     0.000415     0.000087     0.000328 
   36.900000     0.000407     0.000087     0.000320 
   37.000000     0.001156     0.000087     0.001069 
   37.100000    -0.004970     0.000087    -0.005057 
   37.200000    -0.005181     0.000087    -0.005268 
   37.300000    -0.003811     0.000087    -0.003898 
   37.400000    -0.002561     0.000087    -0.002648 
   37.500000    -0.001322     0.000087    -0.001409 
   37.600000     0.001479     0.000087     0.001392 
   37.700000     0.000336     0.000087     0.000249 
   37.800000     0.001811     0.000087     0.001724 
   37.900000    -0.002208     0.000087    -0.002295 
   38.000000    -0.003637     0.000087    -0.003724 
   38.100000     0.001706     0.000087     0.001619 
   38.200000     0.006762     0.000087     0.006675 
   38.300000     0.005358     0.000087     0.005271 
   38.400000    -0.003880     0.000087    -0.003967 
   38.500000    -0.000968     0.000087    -0.001055 
   38.600000    -0.004836     0.000087    -0.004923 
   38.700000     0.003283     0.000087     0.003196 
   38.800000     0.007618     0.000087     0.007531 
   38.900000     0.003526     0.000087     0.003439 
   39.000000     0.003500     0.000087     0.003413 
   39.100000     0.002155     0.000087     0.002068 
   39.200000     0.003606     0.000087     0.003519 
   39.300000     0.003152     0.000087     0.003065 
   39.400000     0.000822     0.000087     0.000735 
   39.500000    -0.003118     0.000087    -0.003205 
   39.600000    -0.002625     0.000087    -0.002712 
   39.700000    -0.002603     0.000087    -0.002690 
   39.800000    -0.002903     0.000087    -0.002990 
   39.900000    -0.002509     0.000087    -0.002596 
   40.000000     0.004409     0.000087     0.004322 
   40.100000    -0.003056     0.000087    -0.003143 
   40.200000    -0.003563     0.000087    -0.003650 
   40.300000    -0.004766     0.000087    -0.004853 
   40.400000    -0.001371     0.000087    -0.001458 
   40.500000    -0.001672     0.000087    -0.001759 
   40.600000    -0.004891     0.000087    -0.004978 
   40.700000    -0.003131     0.000087    -0.003218 
   40.800000    -0.002105     0.000087    -0.002192 
   40.900000    -0.002426     0.000087    -0.002513 
   41.000000    -0.002086     0.000087    -0.002173 
   41.100000     0.002159     0.000087     0.002072 
   41.200000    -0.001875     0.000087    -0.001962 
   41.300000    -0.007544     0.000087    -0.007631 
   41.400000    -0.003580     0.000087    -0.003667 
   41.500000    -0.005092     0.000087    -0.005179 
   41.600000    -0.001321     0.000087    -0.001408 
   41.700000    -0.004618     0.000087    -0.004705 
   41.800000    -0.003388     0.000087    -0.003475 
   41.900000    -0.006234     0.000087    -0.006321 
   42.000000    -0.005502     0.000087    -0.005589 
   42.100000    -0.004231     0.000087    -0.004318 
   42.200000    -0.002952     0.000087    -0.003039 
   42.300000    -0.001759     0.000087    -0.001846 
   42.400000    -0.004696     0.000087    -0.004783 
   42.500000    -0.002078     0.000087    -0.002165 
   42.600000    -0.004310     0.000087    -0.004397 
   42.700000    -0.003797     0.000087    -0.003884 
   42.800000     0.001544     0.000087     0.001457 
   42.900000     0.000225     0.000087     0.000138 
   43.000000    -0.000489     0.000087    -0.000576 
   43.100000     0.000002     0.000087    -0.000085 
   43.200000     0.002236     0.000087     0.002149 
   43.300000     0.001636     0.000087     0.001549 
   43.400000    -0.000214     0.000087    -0.000301 
   43.500000    -0.002680     0.000087    -0.002767 
   43.600000    -0.003194     0.000087    -0.003281 
   43.700000    -0.002184     0.000087    -0.002271 
   43.800000    -0.001756     0.000087    -0.001843 
   43.900000     0.000570     0.000087     0.000483 
   44.000000    -0.005008     0.000087    -0.005095 
   44.100000    -0.003899     0.000087    -0.003986 
   44.200000    -0.001823     0.000087    -0.001910 
   44.300000    -0.005212     0.000087    -0.005299 
   44.400000    -0.002375     0.000087    -0.002462 
   44.500000    -0.002391     0.000087    -0.002478 
   44.600000    -0.007352     0.000087    -0.007439 
   44.700000    -0.004271     0.000087    -0.004358 
   44.800000    -0.003569     0.000087    -0.003656 
   44.900000    -0.002928     0.000087    -0.003015 
   45.000000    -0.006833     0.000087    -0.006920 
   45.100000    -0.004510     0.000087    -0.004597 
   45.200000    -0.004604     0.000087    -0.004691 
   45.300000    -0.004388     0.000087    -0.004475 
   45.400000     0.001785     0.000087     0.001698 
   45.500000    -0.004845     0.000087    -0.004932 
   45.600000    -0.004058     0.000087    -0.004145 
   45.700000    -0.001842     0.000087    -0.001929 
   45.800000     0.000430     0.000087     0.000343 
   45.900000     0.000141     0.000087     0.000054 
   46.000000     0.000121     0.000087     0.000034 
   46.100000     0.001859     0.000087     0.001772 
   46.200000    -0.005356     0.000087    -0.005443 
   46.300000    -0.007644     0.000087    -0.007731 
   46.400000    -0.002743     0.000087    -0.002830 
   46.500000    -0.004292     0.000087    -0.004379 
   46.600000    -0.004681     0.000087    -0.004768 
   46.700000    -0.000094     0.000087    -0.000181 
   46.800000     0.001422     0.000087     0.001335 
   46.900000    -0.001104     0.000087    -0.001191 
   47.000000    -0.003569     0.000087    -0.003656 
   47.100000    -0.003969     0.000087    -0.004056 
   47.200000    -0.003548     0.000087    -0.003635 
   47.300000    -0.000556     0.000087    -0.000643 
   47.400000    -0.005467     0.000087    -0.005554 
   47.500000    -0.003047     0.000087    -0.003134 
   47.600000    -0.005336     0.000087    -0.005423 
   47.700000     0.000993     0.000087     0.000906 
   47.800000     0.001693     0.000087     0.001606 
   47.900000    -0.000287     0.000087    -0.000374 
   48.000000     0.001530     0.000087     0.001443 
   48.100000     0.001263     0.000087     0.001176 
   48.200000    -0.000059     0.000087    -0.000146 
   48.300000    -0.001170     0.000087    -0.001257 
   48.400000    -0.002323     0.000087    -0.002410 
   48.500000    -0.000260     0.000087    -0.000347 
   48.600000    -0.002198     0.000087    -0.002285 
   48.700000    -0.002280     0.000087    -0.002367 
   48.800000    -0.004622     0.000087    -0.004709 
   48.900000    -0.002597     0.000087    -0.002684 
   49.000000     0.000475     0.000087     0.000388 
   49.100000    -0.000384     0.000087    -0.000471 
   49.200000     0.001078     0.000087     0.000991 
   49.300000    -0.002566     0.000087    -0.002653 
   49.400000    -0.003840     0.000087    -0.003927 
   49.500000    -0.002718     0.000087    -0.002805 
   49.600000    -0.001575     0.000087    -0.001662 
   49.700000    -0.001080     0.000087    -0.001167 
   49.800000    -0.006051     0.000087    -0.006138 
   49.900000    -0.004817     0.000087    -0.004904 
   50.000000    -0.003569     0.000087    -0.003656 
   50.100000    -0.009753     0.000087    -0.009840 
   50.200000    -0.003632     0.000087    -0.003719 
   50.300000    -0.006115     0.000087    -0.006202 
   50.400000    -0.002234     0.000087    -0.002321 
   50.500000    -0.001760     0.000087    -0.001847 
   50.600000     0.001912     0.000087     0.001825 
   50.700000    -0.001597     0.000087    -0.001684 
   50.800000     0.003720     0.000087     0.003633 
   50.900000    -0.002585     0.000087    -0.002672 
   51.000000    -0.000783     0.000087    -0.000870 
   51.100000    -0.001553     0.000087    -0.001640 
   51.200000     0.002010     0.000087     0.001923 
   51.300000    -0.005959     0.000087    -0.006046 
   51.400000     0.002090     0.000087     0.002003 
   51.500000    -0.004931     0.000087    -0.005018 
   51.600000    -0.002578     0.000087    -0.002665 
   51.700000    -0.005135     0.000087    -0.005222 
   51.800000    -0.002634     0.000087    -0.002721 
   51.900000     0.002526     0.000087     0.002439 
   52.000000     0.003331     0.000087     0.003244 
   52.100000     0.002245     0.000087     0.002158 
   52.200000    -0.004343     0.000087    -0.004430 
   52.300000    -0.002328     0.000087    -0.002415 
   52.400000     0.001971     0.000087     0.001884 
   52.500000     0.002251     0.000087     0.002164 
   52.600000    -0.001233     0.000087    -0.001320 
   52.700000    -0.001825     0.000087    -0.001912 
   52.800000    -0.001379     0.000087    -0.001466 
   52.900000    -0.002750     0.000087    -0.002837 
   53.000000     0.000662     0.000087     0.000575 
   53.100000     0.000650     0.000087     0.000563 
   53.200000    -0.005872     0.000087    -0.005959 
   53.300000    -0.002877     0.000087    -0.002964 
   53.400000     0.000182     0.000087     0.000095 
   53.500000    -0.000953     0.000087    -0.001040 
   53.600000     0.002575     0.000087     0.002488 
   53.700000    -0.003252     0.000087    -0.003339 
   53.800000    -0.003574     0.000087    -0.003661 
   53.900000     0.000874     0.000087     0.000787 
   54.000000     0.000025     0.000087    -0.000062 
   54.100000    -0.002076     0.000087    -0.002163 
   54.200000    -0.003080     0.000087    -0.003167 
   54.300000    -0.003804     0.000087    -0.003891 
   54.400000    -0.001377     0.000087    -0.001464 
   54.500000     0.000999     0.000087     0.000912 
   54.600000     0.001987     0.000087     0.001900 
   54.700000    -0.002914     0.000087    -0.003001 
   54.800000     0.000616     0.000087     0.000529 
   54.900000    -0.001320     0.000087    -0.001407 
   55.000000    -0.000858     0.000087    -0.000945 
   55.100000    -0.000315     0.000087    -0.000402 
   55.200000    -0.003279     0.000087    -0.003366 
   55.300000    -0.001517     0.000087    -0.001604 
   55.400000     0.002677     0.000087     0.002590 
   55.500000     0.003201     0.000087     0.003114 
   55.600000     0.007392     0.000087     0.007305 
   55.700000     0.002452     0.000087     0.002365 
   55.800000     0.003021     0.000087     0.002934 
   55.900000     0.002583     0.000087     0.002496 
   56.000000     0.003522     0.000087     0.003435 
   56.100000    -0.000469     0.000087    -0.000556 
   56.200000     0.001151     0.000087     0.001064 
   56.300000     0.002733     0.000087     0.002646 
   56.400000    -0.000833     0.000087    -0.000920 
   56.500000    -0.001530     0.000087    -0.001617 
   56.600000     0.000155     0.000087     0.000068 
   56.700000    -0.003070     0.000087    -0.003157 
   56.800000    -0.006623     0.000087    -0.006710 
   56.900000    -0.000178     0.000087    -0.000265 
   57.000000     0.003914     0.000087     0.003827 
   57.100000    -0.002521     0.000087    -0.002608 
   57.200000    -0.002086     0.000087    -0.002173 
   57.300000     0.000516     0.000087     0.000429 
   57.400000     0.001992     0.000087     0.001905 
   57.500000     0.001519     0.000087     0.001432 
   57.600000     0.002676     0.000087     0.002589 
   57.700000     0.003901     0.000087     0.003814 
   57.800000     0.008200     0.000087     0.008113 
   57.900000     0.001070     0.000087     0.000983 
   58.000000    -0.001335     0.000087    -0.001422 
   58.100000     0.000031     0.000087    -0.000056 
   58.200000     0.001961     0.000087     0.001874 
   58.300000     0.002046     0.000087     0.001959 
   58.400000     0.000672     0.000087     0.000585 
   58.500000    -0.002848     0.000087    -0.002935 
   58.600000    -0.004158     0.000087    -0.004245 
   58.700000    -0.005797     0.000087    -0.005884 
   58.800000    -0.002361     0.000087    -0.002448 
   58.900000    -0.001828     0.000087    -0.001915 
   59.000000     0.005052     0.000087     0.004965 
   59.100000     0.003393     0.000087     0.003306 
   59.200000     0.001053     0.000087     0.000966 
   59.300000    -0.000034     0.000087    -0.000121 
   59.400000     0.001032     0.000087     0.000945 
   59.500000     0.002481     0.000087     0.002394 
   59.600000     0.002657     0.000087     0.002570 
   59.700000     0.000841     0.000087     0.000754 
   59.800000     0.001229     0.000087     0.001142 
   59.900000    -0.001208     0.000087    -0.001295 
   60.000000     0.004134     0.000087     0.004047 
   60.100000     0.000171     0.000087     0.000084 
   60.200000     0.004091     0.000087     0.004004 
   60.300000     0.006441     0.000087     0.006354 
   60.400000     0.001425     0.000087     0.001338 
   60.500000     0.003791     0.000087     0.003704 
   60.600000     0.003190     0.000087     0.003103 
   60.700000     0.000241     0.000087     0.000154 
   60.800000    -0.001287     0.000087    -0.001374 
   60.900000     0.004566     0.000087     0.004479 
   61.000000     0.003351     0.000087     0.003264 
   61.100000     0.004228     0.000087     0.004141 
   61.200000     0.006050     0.000087     0.005963 
   61.300000     0.003745     0.000087     0.003658 
   61.400000     0.003553     0.000087     0.003466 
   61.500000     0.005551     0.000087     0.005464 
   61.600000     0.005778     0.000087     0.005691 
   61.700000     0.004617     0.000087     0.004530 
   61.800000     0.004694     0.000087     0.004607 
   61.900000     0.000057     0.000087    -0.000030 
   62.000000     0.000978     0.000087     0.000891 
   62.100000     0.005447     0.000087     0.005360 
   62.200000     0.002693     0.000087     0.002606 
   62.300000     0.003414     0.000087     0.003327 
   62.400000    -0.001823     0.000087    -0.001910 
   62.500000     0.000512     0.000087     0.000425 
   62.600000     0.002069     0.000087     0.001982 
   62.700000    -0.002388     0.000087    -0.002475 
   62.800000     0.000451     0.000087     0.000364 
   62.900000     0.002559     0.000087     0.002472 
   63.000000     0.008273     0.000087     0.008186 
   63.100000     0.005684     0.000087     0.005597 
   63.200000    -0.000711     0.000087    -0.000798 
   63.300000     0.003120     0.000087     0.003033 
   63.400000     0.003212     0.000087     0.003125 
   63.500000    -0.000631     0.000087    -0.000718 
   63.600000    -0.002361     0.000087    -0.002448 
   63.700000     0.000656     0.000087     0.000569 
   63.800000     0.001339     0.000087     0.001252 
   63.900000     0.003544     0.000087     0.003457 
   64.000000     0.000105     0.000087     0.000018 
   64.100000     0.003277     0.000087     0.003190 
   64.200000     0.006085     0.000087     0.005998 
   64.300000     0.002455     0.000087     0.002368 
   64.400000     0.001324     0.000087     0.001237 
   64.500000    -0.000298     0.000087    -0.000385 
   64.600000    -0.001129     0.000087    -0.001216 
   64.700000     0.000973     0.000087     0.000886 
   64.800000     0.002003     0.000087     0.001916 
   64.900000    -0.002465     0.000087    -0.002552 
   65.000000    -0.000682     0.000087    -0.000769 
   65.100000     0.003609     0.000087     0.003522 
   65.200000     0.004987     0.000087     0.004900 
   65.300000     0.001835     0.000087     0.001748 
   65.400000     0.001734     0.000087     0.001647 
   65.500000     0.001107     0.000087     0.001020 
   65.600000    -0.003931     0.000087    -0.004018 
   65.700000    -0.003355     0.000087    -0.003442 
   65.800000    -0.002879     0.000087    -0.002966 
   65.900000    -0.006480     0.000087    -0.006567 
   66.000000    -0.002264     0.000087    -0.002351 
   66.100000     0.000017     0.000087    -0.000070 
   66.200000     0.003325     0.000087     0.003238 
   66.300000    -0.005008     0.000087    -0.005095 
   66.400000    -0.000163     0.000087    -0.000250 
   66.500000     0.006593     0.000087     0.006506 
   66.600000     0.002715     0.000087     0.002628 
   66.700000     0.003195     0.000087     0.003108 
   66.800000     0.000202     0.000087     0.000115 
   66.900000     0.000115     0.000087     0.000028 
   67.000000     0.001628     0.000087     0.001541 
   67.100000    -0.001711     0.000087    -0.001798 
   67.200000     0.005886     0.000087     0.005799 
   67.300000     0.006412     0.000087     0.006325 
   67.400000     0.003757     0.000087     0.003670 
   67.500000     0.001386     0.000087     0.001299 
   67.600000    -0.004223     0.000087    -0.004310 
   67.700000     0.001857     0.000087     0.001770 
   67.800000     0.001074     0.000087     0.000987 
   67.900000     0.000307     0.000087     0.000220 
   68.000000     0.001737     0.000087     0.001650 
   68.100000     0.000079     0.000087    -0.000008 
   68.200000    -0.000015     0.000087    -0.000102 
   68.300000     0.001476     0.000087     0.001389 
   68.400000     0.004713     0.000087     0.004626 
   68.500000     0.000281     0.000087     0.000194 
   68.600000     0.002073     0.000087     0.001986 
   68.700000     0.002435     0.000087     0.002348 
   68.800000    -0.002296     0.000087    -0.002383 
   68.900000     0.004634     0.000087     0.004547 
   69.000000    -0.000746     0.000087    -0.000833 
   69.100000    -0.006226     0.000087    -0.006313 
   69.200000    -0.004245     0.000087    -0.004332 
   69.300000    -0.005718     0.000087    -0.005805 
   69.400000    -0.000797     0.000087    -0.000884 
   69.500000     0.001436     0.000087     0.001349 
   69.600000    -0.002816     0.000087    -0.002903 
   69.700000    -0.005300     0.000087    -0.005387 
   69.800000    -0.005888     0.000087    -0.005975 
   69.900000     0.000982     0.000087     0.000895 
   70.000000     0.003190     0.000087     0.003103 
   70.100000     0.003794     0.000087     0.003707 
   70.200000     0.001701     0.000087     0.001614 
   70.300000     0.000912     0.000087     0.000825 
   70.400000    -0.001487     0.000087    -0.001574 
   70.500000     0.001308     0.000087     0.001221 
   70.600000     0.001116     0.000087     0.001029 
   70.700000    -0.001905     0.000087    -0.001992 
   70.800000    -0.000551     0.000087    -0.000638 
   70.900000    -0.004112     0.000087    -0.004199 
   71.000000    -0.002376     0.000087    -0.002463 
   71.100000     0.002335     0.000087     0.002248 
   71.200000     0.003608     0.000087     0.003521 
   71.300000     0.004809     0.000087     0.004722 
   71.400000     0.005091     0.000087     0.005004 
   71.500000     0.002173     0.000087     0.002086 
   71.600000    -0.003034     0.000087    -0.003121 
   71.700000    -0.002858     0.000087    -0.002945 
   71.800000     0.002983     0.000087     0.002896 
   71.900000     0.003409     0.000087     0.003322 
   72.000000     0.004779     0.000087     0.004692 
   72.100000     0.003490     0.000087     0.003403 
   72.200000     0.000934     0.000087     0.000847 
   72.300000    -0.000174     0.000087    -0.000261 
   72.400000     0.002601     0.000087     0.002514 
   72.500000    -0.000069     0.000087    -0.000156 
   72.600000     0.002029     0.000087     0.001942 
   72.700000    -0.000104     0.000087    -0.000191 
   72.800000     0.001144     0.000087     0.001057 
   72.900000     0.000937     0.000087     0.000850 
   73.000000     0.002797     0.000087     0.002710 
   73.100000    -0.001622     0.000087    -0.001709 
   73.200000    -0.002144     0.000087    -0.002231 
   73.300000     0.001262     0.000087     0.001175 
   73.400000    -0.001783     0.000087    -0.001870 
   73.500000     0.000609     0.000087     0.000522 
   73.600000     0.002189     0.000087     0.002102 
   73.700000    -0.000420     0.000087    -0.000507 
   73.800000     0.004410     0.000087     0.004323 
   73.900000    -0.004001     0.000087    -0.004088 
   74.000000     0.002531     0.000087     0.002444 
   74.100000     0.003837     0.000087     0.003750 
   74.200000     0.002306     0.000087     0.002219 
   74.300000     0.001173     0.000087     0.001086 
   74.400000    -0.002169     0.000087    -0.002256 
   74.500000    -0.000633     0.000087    -0.000720 
   74.600000     0.000953     0.000087     0.000866 
   74.700000    -0.002012     0.000087    -0.002099 
   74.800000    -0.005101     0.000087    -0.005188 
   74.900000     0.000191     0.000087     0.000104 
   75.000000     0.001764     0.000087     0.001677 
   75.100000     0.008144     0.000087     0.008057 
   75.200000     0.004210     0.000087     0.004123 
   75.300000    -0.002665     0.000087    -0.002752 
   75.400000     0.003078     0.000087     0.002991 
   75.500000     0.000232     0.000087     0.000145 
   75.600000    -0.002393     0.000087    -0.002480 
   75.700000     0.002860     0.000087     0.002773 
   75.800000    -0.000905     0.000087    -0.000992 
   75.900000    -0.008744     0.000087    -0.008831 
   76.000000    -0.000080     0.000087    -0.000167 
   76.100000     0.004268     0.000087     0.004181 
   76.200000    -0.000162     0.000087    -0.000249 
   76.300000     0.008656     0.000087     0.008569 
   76.400000     0.002277     0.000087     0.002190 
   76.500000     0.006253     0.000087     0.006166 
   76.600000     0.004711     0.000087     0.004624 
   76.700000     0.004501     0.000087     0.004414 
   76.800000     0.003525     0.000087     0.003438 
   76.900000    -0.001031     0.000087    -0.001118 
   77.000000    -0.002629     0.000087    -0.002716 
   77.100000     0.001906     0.000087     0.001819 
   77.200000    -0.000217     0.000087    -0.000304 
   77.300000     0.001480     0.000087     0.001393 
   77.400000     0.002330     0.000087     0.002243 
   77.500000    -0.001677     0.000087    -0.001764 
   77.600000     0.003225     0.000087     0.003138 
   77.700000     0.002999     0.000087     0.002912 
   77.800000     0.004197     0.000087     0.004110 
   77.900000     0.000175     0.000087     0.000088 
   78.000000     0.002035     0.000087     0.001948 
   78.100000    -0.001464     0.000087    -0.001551 
   78.200000    -0.004074     0.000087    -0.004161 
   78.300000    -0.001295     0.000087    -0.001382 
   78.400000     0.000055     0.000087    -0.000032 
   78.500000    -0.002429     0.000087    -0.002516 
   78.600000     0.001096     0.000087     0.001009 
   78.700000     0.002021     0.000087     0.001934 
   78.800000    -0.000986     0.000087    -0.001073 
   78.900000     0.000918     0.000087     0.000831 
   79.000000     0.001811     0.000087     0.001724 
   79.100000     0.011027     0.000087     0.010940 
   79.200000     0.004437     0.000087     0.004350 
   79.300000     0.001567     0.000087     0.001480 
   79.400000    -0.000132     0.000087    -0.000219 
   79.500000    -0.002252     0.000087    -0.002339 
   79.600000     0.000031     0.000087    -0.000056 
   79.700000    -0.001991     0.000087    -0.002078 
   79.800000     0.000364     0.000087     0.000277 
   79.900000     0.006333     0.000087     0.006246 
   80.000000    -0.001827     0.000087    -0.001914 
   80.100000    -0.000962     0.000087    -0.001049 
   80.200000    -0.004911     0.000087    -0.004998 
   80.300000     0.005681     0.000087     0.005594 
   80.400000     0.003656     0.000087     0.003569 
   80.500000    -0.001283     0.000087    -0.001370 
   80.600000    -0.004704     0.000087    -0.004791 
   80.700000    -0.001152     0.000087    -0.001239 
   80.800000     0.002999     0.000087     0.002912 
   80.900000     0.000251     0.000087     0.000164 
   81.000000     0.003107     0.000087     0.003020 
   81.100000     0.002719     0.000087     0.002632 
   81.200000    -0.001825     0.000087    -0.001912 
   81.300000    -0.003671     0.000087    -0.003758 
   81.400000     0.005423     0.000087     0.005336 
   81.500000     0.002635     0.000087     0.002548 
   81.600000     0.002061     0.000087     0.001974 
   81.700000     0.000975     0.000087     0.000888 
   81.800000    -0.004888     0.000087    -0.004975 
   81.900000    -0.000826     0.000087    -0.000913 
   82.000000    -0.001365     0.000087    -0.001452 
   82.100000     0.002421     0.000087     0.002334 
   82.200000     0.004884     0.000087     0.004797 
   82.300000     0.010146     0.000087     0.010059 
   82.400000     0.006476     0.000087     0.006389 
   82.500000     0.009209     0.000087     0.009122 
   82.600000     0.012950     0.000087     0.012863 
   82.700000     0.008523     0.000087     0.008436 
   82.800000     0.002368     0.000087     0.002281 
   82.900000     0.004276     0.000087     0.004189 
   83.000000     0.001825     0.000087     0.001738 
   83.100000     0.000952     0.000087     0.000865 
   83.200000     0.002209     0.000087     0.002122 
   83.300000     0.002413     0.000087     0.002326 
   83.400000    -0.001562     0.000087    -0.001649 
   83.500000    -0.000380     0.000087    -0.000467 
   83.600000    -0.000032     0.000087    -0.000119 
   83.700000    -0.003382     0.000087    -0.003469 
   83.800000    -0.004161     0.000087    -0.004248 
   83.900000    -0.004048     0.000087    -0.004135 
   84.000000    -0.002638     0.000087    -0.002725 
   84.100000    -0.002809     0.000087    -0.002896 
   84.200000     0.000512     0.000087     0.000425 
   84.300000     0.003506     0.000087     0.003419 
   84.400000    -0.004233     0.000087    -0.004320 
   84.500000    -0.000924     0.000087    -0.001011 
   84.600000     0.004131     0.000087     0.004044 
   84.700000     0.000790     0.000087     0.000703 
   84.800000     0.000226     0.000087     0.000139 
   84.900000    -0.003193     0.000087    -0.003280 
   85.000000    -0.000711     0.000087    -0.000798 
   85.100000    -0.001951     0.000087    -0.002038 
   85.200000    -0.008146     0.000087    -0.008233 
   85.300000     0.001966     0.000087     0.001879 
   85.400000    -0.000384     0.000087    -0.000471 
   85.500000     0.003512     0.000087     0.003425 
   85.600000     0.001515     0.000087     0.001428 
   85.700000    -0.003647     0.000087    -0.003734 
   85.800000     0.004878     0.000087     0.004791 
   85.900000     0.003105     0.000087     0.003018 
   86.000000    -0.002273     0.000087    -0.002360 
   86.100000    -0.006697     0.000087    -0.006784 
   86.200000    -0.004129     0.000087    -0.004216 
   86.300000    -0.005828     0.000087    -0.005915 
   86.400000    -0.001767     0.000087    -0.001854 
   86.500000     0.006990     0.000087     0.006903 
   86.600000     0.009533     0.000087     0.009446 
   86.700000     0.004161     0.000087     0.004074 
   86.800000     0.006645     0.000087     0.006558 
   86.900000     0.009059     0.000087     0.008972 
   87.000000     0.006271     0.000087     0.006184 
   87.100000     0.007507     0.000087     0.007420 
   87.200000     0.012087     0.000087     0.012000 
   87.300000     0.002503     0.000087     0.002416 
   87.400000     0.005922     0.000087     0.005835 
   87.500000     0.008252     0.000087     0.008165 
   87.600000     0.005087     0.000087     0.005000 
   87.700000     0.000893     0.000087     0.000806 
   87.800000     0.003129     0.000087     0.003042 
   87.900000     0.004217     0.000087     0.004130 
   88.000000    -0.000124     0.000087    -0.000211 
   88.100000     0.000729     0.000087     0.000642 
   88.200000     0.000270     0.000087     0.000183 
   88.300000    -0.000445     0.000087    -0.000532 
   88.400000     0.010131     0.000087     0.010044 
   88.500000     0.002736     0.000087     0.002649 
   88.600000     0.004252     0.000087     0.004165 
   88.700000     0.004140     0.000087     0.004053 
   88.800000    -0.000621     0.000087    -0.000708 
   88.900000     0.003469     0.000087     0.003382 
   89.000000     0.008550     0.000087     0.008463 
   89.100000     0.004344     0.000087     0.004257 
   89.200000     0.001715     0.000087     0.001628 
   89.300000    -0.001193     0.000087    -0.001280 
   89.400000    -0.001996     0.000087    -0.002083 
   89.500000     0.002865     0.000087     0.002778 
   89.600000     0.011351     0.000087     0.011264 
   89.700000     0.004621     0.000087     0.004534 
   89.800000     0.003568     0.000087     0.003481 
   89.900000     0.001544     0.000087     0.001457 
   90.000000     0.005097     0.000087     0.005010 
   90.100000     0.002209     0.000087     0.002122 
   90.200000     0.000746     0.000087     0.000659 
   90.300000     0.003201     0.000087     0.003114 
   90.400000     0.001742     0.000087     0.001655 
   90.500000     0.002351     0.000087     0.002264 
   90.600000     0.011438     0.000087     0.011351 
   90.700000     0.006466     0.000087     0.006379 
   90.800000     0.005378     0.000087     0.005291 
   90.900000     0.001308     0.000087     0.001221 
   91.000000     0.006540     0.000087     0.006453 
   91.100000     0.006544     0.000087     0.006457 
   91.200000     0.002368     0.000087     0.002281 
   91.300000    -0.002557     0.000087    -0.002644 
   91.400000     0.001477     0.000087     0.001390 
   91.500000    -0.004023     0.000087    -0.004110 
   91.600000     0.003034     0.000087     0.002947 
   91.700000     0.003721     0.000087     0.003634 
   91.800000     0.001960     0.000087     0.001873 
   91.900000     0.007938     0.000087     0.007851 
   92.000000     0.001838     0.000087     0.001751 
   92.100000     0.003591     0.000087     0.003504 
   92.200000     0.001428     0.000087     0.001341 
   92.300000     0.002611     0.000087     0.002524 
   92.400000     0.005525     0.000087     0.005438 
   92.500000     0.002192     0.000087     0.002105 
   92.600000    -0.004221     0.000087    -0.004308 
   92.700000     0.002033     0.000087     0.001946 
   92.800000     0.001540     0.000087     0.001453 
   92.900000    -0.001979     0.000087    -0.002066 
   93.000000    -0.001903     0.000087    -0.001990 
   93.100000    -0.002941     0.000087    -0.003028 
   93.200000    -0.001249     0.000087    -0.001336 
   93.300000     0.002422     0.000087     0.002335 
   93.400000     0.003563     0.000087     0.003476 
   93.500000     0.004877     0.000087     0.004790 
   93.600000     0.003760     0.000087     0.003673 
   93.700000     0.002533     0.000087     0.002446 
   93.800000     0.001661     0.000087     0.001574 
   93.900000     0.001793     0.000087     0.001706 
   94.000000    -0.004597     0.000087    -0.004684 
   94.100000    -0.000236     0.000087    -0.000323 
   94.200000     0.002202     0.000087     0.002115 
   94.300000     0.006590     0.000087     0.006503 
   94.400000     0.005306     0.000087     0.005219 
   94.500000     0.000324     0.000087     0.000237 
   94.600000    -0.005064     0.000087    -0.005151 
   94.700000    -0.004452     0.000087    -0.004539 
   94.800000    -0.003654     0.000087    -0.003741 
   94.900000    -0.008997     0.000087    -0.009084 
   95.000000    -0.001804     0.000087    -0.001891 
   95.100000    -0.004559     0.000087    -0.004646 
   95.200000    -0.001873     0.000087    -0.001960 
   95.300000     0.002455     0.000087     0.002368 
   95.400000    -0.001373     0.000087    -0.001460 
   95.500000    -0.001708     0.000087    -0.001795 
   95.600000    -0.001031     0.000087    -0.001118 
   95.700000    -0.003685     0.000087    -0.003772 
   95.800000    -0.000595     0.000087    -0.000682 
   95.900000    -0.001085     0.000087    -0.001172 
   96.000000     0.003491     0.000087     0.003404 
   96.100000    -0.003245     0.000087    -0.003332 
   96.200000    -0.006321     0.000087    -0.006408 
   96.300000    -0.003924     0.000087    -0.004011 
   96.400000     0.002193     0.000087     0.002106 
   96.500000    -0.005027     0.000087    -0.005114 
   96.600000    -0.002815     0.000087    -0.002902 
   96.700000    -0.000519     0.000087    -0.000606 
   96.800000     0.006247     0.000087     0.006160 
   96.900000     0.003534     0.000087     0.003447 
   97.000000     0.004343     0.000087     0.004256 
   97.100000    -0.001247     0.000087    -0.001334 
   97.200000    -0.009479     0.000087    -0.009566 
   97.300000    -0.005895     0.000087    -0.005982 
   97.400000    -0.001433     0.000087    -0.001520 
   97.500000     0.002512     0.000087     0.002425 
   97.600000    -0.000747     0.000087    -0.000834 
   97.700000     0.000416     0.000087     0.000329 
   97.800000     0.003216     0.000087     0.003129 
   97.900000     0.001237     0.000087     0.001150 
   98.000000     0.004234     0.000087     0.004147 
   98.100000     0.000634     0.000087     0.000547 
   98.200000     0.002513     0.000087     0.002426 
   98.300000    -0.007748     0.000087    -0.007835 
   98.400000    -0.003081     0.000087    -0.003168 
   98.500000    -0.006521     0.000087    -0.006608 
   98.600000    -0.000172     0.000087    -0.000259 
   98.700000     0.001163     0.000087     0.001076 
   98.800000    -0.006996     0.000087    -0.007083 
   98.900000    -0.002409     0.000087    -0.002496 
   99.000000    -0.000162     0.000087    -0.000249 
   99.100000     0.001100     0.000087     0.001013 
   99.200000    -0.004593     0.000087    -0.004680 
   99.300000    -0.000675     0.000087    -0.000762 
   99.400000    -0.000901     0.000087    -0.000988 
   99.500000    -0.000472     0.000087    -0.000559 
   99.600000     0.002100     0.000087     0.002013 
   99.700000    -0.008865     0.000087    -0.008952 
   99.800000    -0.013460     0.000087    -0.013547 
   99.900000    -0.006115     0.000087    -0.006202 
  100.000000    -0.003638     0.000087    -0.003725 
